time	V(out)	V(n001)
0.000000000000000e+000	0.000000e+000	0.000000e+000
1.953124992195698e-015	0.000000e+000	2.604167e-007
3.906249984391395e-015	0.000000e+000	5.208333e-007
4.574776767434381e-012	-2.426534e-043	6.099702e-004
9.145647284884371e-012	-2.159144e-043	1.219420e-003
1.371651780233436e-011	8.021719e-044	1.828869e-003
1.828738831978435e-011	6.457412e-043	2.438318e-003
2.285825883723434e-011	1.480658e-042	3.047768e-003
2.742912935468433e-011	2.584967e-042	3.657217e-003
3.199999987213431e-011	3.958668e-042	4.266667e-003
6.399999974426862e-011	2.472659e-038	8.533333e-003
1.101865910514692e-010	5.555867e-037	1.469155e-002
1.518283170774923e-010	4.658339e-036	2.024378e-002
1.886125910536936e-010	2.798050e-035	2.514835e-002
2.234275502837838e-010	2.222438e-034	2.979034e-002
2.660292732369286e-010	1.862684e-033	3.547057e-002
3.074334186163046e-010	2.194953e-032	4.099112e-002
3.608476060732223e-010	3.046011e-031	4.811301e-002
4.179952393686653e-010	5.810221e-030	5.573270e-002
4.891580293033175e-010	1.100257e-028	6.522107e-002
5.680736373325263e-010	2.560632e-027	7.574315e-002
6.641208263950112e-010	2.275808e-026	8.854944e-002
7.426813351474913e-010	1.346680e-025	9.902418e-002
8.285345141860017e-010	7.658505e-025	1.104713e-001
9.107915190103786e-010	4.334044e-024	1.214389e-001
1.007870678158534e-009	2.735576e-023	1.343828e-001
1.108680830507005e-009	1.782957e-022	1.478241e-001
1.225505037921539e-009	1.246634e-021	1.634007e-001
1.350328407991337e-009	6.176153e-021	1.800438e-001
1.455594320720257e-009	2.508534e-020	1.940793e-001
1.578830595461709e-009	1.074663e-019	2.105107e-001
1.692877567002574e-009	4.184111e-019	2.257170e-001
1.827909090260396e-009	1.808174e-018	2.437212e-001
1.962660486380070e-009	7.515344e-018	2.616881e-001
2.117588383411623e-009	3.075315e-017	2.823451e-001
2.259488223096706e-009	1.064085e-016	3.012651e-001
2.414527115696590e-009	3.615141e-016	3.219369e-001
2.556220879464593e-009	1.102709e-015	3.408295e-001
2.719667914822786e-009	3.663851e-015	3.626224e-001
2.881791130099251e-009	1.162037e-014	3.842388e-001
3.064717173703078e-009	3.661162e-014	4.086290e-001
3.225341511015314e-009	9.656048e-014	4.300455e-001
3.397431224812672e-009	2.623024e-013	4.529908e-001
3.569419973003303e-009	6.897922e-013	4.759227e-001
3.756799183727982e-009	1.878927e-012	5.009066e-001
3.950026686943050e-009	4.946713e-012	5.266702e-001
4.145339186943050e-009	1.246335e-011	5.527119e-001
4.340651686943050e-009	2.990794e-011	5.787535e-001
4.533678824743606e-009	6.852302e-011	6.044905e-001
4.728991324743606e-009	1.529362e-010	6.305322e-001
4.924303824743606e-009	3.295357e-010	6.565738e-001
5.119616324743606e-009	6.881490e-010	6.826155e-001
5.314928824743605e-009	1.395826e-009	7.086572e-001
5.510241324743605e-009	2.755582e-009	7.346988e-001
5.705553824743605e-009	5.303909e-009	7.607405e-001
5.900866324743605e-009	9.969305e-009	7.867822e-001
6.096178824743605e-009	1.832462e-008	8.128238e-001
6.291491324743604e-009	3.298081e-008	8.388655e-001
6.486803824743604e-009	5.818981e-008	8.649072e-001
6.682116324743604e-009	1.007509e-007	8.909488e-001
6.877428824743604e-009	1.713502e-007	9.169905e-001
7.072741324743604e-009	2.865076e-007	9.430322e-001
7.268053824743603e-009	4.495798e-007	9.690738e-001
7.304687499999999e-009	4.899697e-007	9.739583e-001
7.377954850512790e-009	5.923987e-007	9.837273e-001
7.499999999999999e-009	7.871329e-007	1.000000e+000
7.512204514948721e-009	8.110688e-007	1.000000e+000
7.536613544846164e-009	8.610147e-007	1.000000e+000
7.585431604641047e-009	9.719842e-007	1.000000e+000
7.683067724230815e-009	1.249481e-006	1.000000e+000
7.878339963410351e-009	2.008782e-006	1.000000e+000
8.073652463410351e-009	3.116562e-006	1.000000e+000
8.268964963410350e-009	4.772700e-006	1.000000e+000
8.464277463410350e-009	7.218123e-006	1.000000e+000
8.659589963410350e-009	1.078609e-005	1.000000e+000
8.854902463410350e-009	1.593225e-005	1.000000e+000
9.050214963410350e-009	2.327260e-005	1.000000e+000
9.245527463410349e-009	3.363076e-005	1.000000e+000
9.440839963410349e-009	4.809626e-005	1.000000e+000
9.636152463410349e-009	6.809544e-005	1.000000e+000
9.831464963410349e-009	9.547657e-005	1.000000e+000
1.002677746341035e-008	1.326110e-004	1.000000e+000
1.022208996341035e-008	1.825115e-004	1.000000e+000
1.041740246341035e-008	2.489694e-004	1.000000e+000
1.061271496341035e-008	3.367111e-004	1.000000e+000
1.080802746341035e-008	4.515741e-004	1.000000e+000
1.100333996341035e-008	6.007026e-004	1.000000e+000
1.119865246341035e-008	7.927614e-004	1.000000e+000
1.139396496341035e-008	1.038166e-003	1.000000e+000
1.158927746341035e-008	1.349324e-003	1.000000e+000
1.178458996341035e-008	1.740890e-003	1.000000e+000
1.197990246341035e-008	2.230014e-003	1.000000e+000
1.217521496341035e-008	2.836597e-003	1.000000e+000
1.237052746341035e-008	3.583524e-003	1.000000e+000
1.256583996341035e-008	4.496879e-003	1.000000e+000
1.276115246341035e-008	5.606131e-003	1.000000e+000
1.295646496341035e-008	6.944266e-003	1.000000e+000
1.315177746341035e-008	8.547870e-003	1.000000e+000
1.334708996341035e-008	1.045714e-002	1.000000e+000
1.354240246341035e-008	1.271582e-002	1.000000e+000
1.373771496341034e-008	1.537102e-002	1.000000e+000
1.393302746341034e-008	1.847298e-002	1.000000e+000
1.412833996341034e-008	2.207466e-002	1.000000e+000
1.432365246341034e-008	2.623129e-002	1.000000e+000
1.451896496341034e-008	3.099972e-002	1.000000e+000
1.471427746341034e-008	3.643771e-002	1.000000e+000
1.490958996341035e-008	4.260311e-002	1.000000e+000
1.510490246341035e-008	4.955287e-002	1.000000e+000
1.530021496341035e-008	5.734207e-002	1.000000e+000
1.549552746341035e-008	6.602278e-002	1.000000e+000
1.569083996341035e-008	7.564293e-002	1.000000e+000
1.588615246341035e-008	8.624516e-002	1.000000e+000
1.608146496341035e-008	9.786567e-002	1.000000e+000
1.627677746341036e-008	1.105331e-001	1.000000e+000
1.647208996341036e-008	1.242675e-001	1.000000e+000
1.666740246341036e-008	1.390796e-001	1.000000e+000
1.686271496341036e-008	1.549696e-001	1.000000e+000
1.705802746341036e-008	1.719273e-001	1.000000e+000
1.725333996341036e-008	1.899311e-001	1.000000e+000
1.744865246341036e-008	2.089482e-001	1.000000e+000
1.764396496341037e-008	2.289345e-001	1.000000e+000
1.783927746341037e-008	2.498355e-001	1.000000e+000
1.803458996341037e-008	2.715861e-001	1.000000e+000
1.822990246341037e-008	2.941122e-001	1.000000e+000
1.842521496341037e-008	3.173314e-001	1.000000e+000
1.862052746341037e-008	3.411547e-001	1.000000e+000
1.881583996341037e-008	3.654872e-001	1.000000e+000
1.901115246341038e-008	3.902308e-001	1.000000e+000
1.920646496341038e-008	4.152846e-001	1.000000e+000
1.940177746341038e-008	4.405478e-001	1.000000e+000
1.959708996341038e-008	4.659202e-001	1.000000e+000
1.979240246341038e-008	4.913046e-001	1.000000e+000
1.998771496341038e-008	5.166078e-001	1.000000e+000
2.018302746341038e-008	5.417417e-001	1.000000e+000
2.037833996341039e-008	5.666246e-001	1.000000e+000
2.057365246341039e-008	5.911813e-001	1.000000e+000
2.076896496341039e-008	6.153445e-001	1.000000e+000
2.096427746341039e-008	6.390538e-001	1.000000e+000
2.115958996341039e-008	6.622564e-001	1.000000e+000
2.135490246341039e-008	6.849062e-001	1.000000e+000
2.155021496341039e-008	7.069635e-001	1.000000e+000
2.174552746341040e-008	7.283939e-001	1.000000e+000
2.194083996341040e-008	7.491677e-001	1.000000e+000
2.213615246341040e-008	7.692584e-001	1.000000e+000
2.233146496341040e-008	7.886422e-001	1.000000e+000
2.252677746341040e-008	8.072969e-001	1.000000e+000
2.272208996341040e-008	8.252009e-001	1.000000e+000
2.291740246341040e-008	8.423328e-001	1.000000e+000
2.311271496341041e-008	8.586708e-001	1.000000e+000
2.330802746341041e-008	8.741929e-001	1.000000e+000
2.350333996341041e-008	8.888766e-001	1.000000e+000
2.369865246341041e-008	9.026994e-001	1.000000e+000
2.389396496341041e-008	9.156400e-001	1.000000e+000
2.408927746341041e-008	9.276786e-001	1.000000e+000
2.428458996341041e-008	9.387985e-001	1.000000e+000
2.447990246341042e-008	9.489869e-001	1.000000e+000
2.467521496341042e-008	9.582368e-001	1.000000e+000
2.487052746341042e-008	9.665481e-001	1.000000e+000
2.506583996341042e-008	9.739285e-001	1.000000e+000
2.526115246341042e-008	9.803950e-001	1.000000e+000
2.545646496341042e-008	9.859746e-001	1.000000e+000
2.565177746341042e-008	9.907045e-001	1.000000e+000
2.584708996341043e-008	9.946328e-001	1.000000e+000
2.604240246341043e-008	9.978173e-001	1.000000e+000
2.623771496341043e-008	1.000326e+000	1.000000e+000
2.643302746341043e-008	1.002233e+000	1.000000e+000
2.662833996341043e-008	1.003623e+000	1.000000e+000
2.682365246341043e-008	1.004581e+000	1.000000e+000
2.701896496341043e-008	1.005198e+000	1.000000e+000
2.721427746341044e-008	1.005563e+000	1.000000e+000
2.740958996341044e-008	1.005764e+000	1.000000e+000
2.760490246341044e-008	1.005883e+000	1.000000e+000
2.780021496341044e-008	1.005995e+000	1.000000e+000
2.799552746341044e-008	1.006165e+000	1.000000e+000
2.819083996341044e-008	1.006449e+000	1.000000e+000
2.838615246341044e-008	1.006888e+000	1.000000e+000
2.858146496341045e-008	1.007511e+000	1.000000e+000
2.877677746341045e-008	1.008330e+000	1.000000e+000
2.897208996341045e-008	1.009349e+000	1.000000e+000
2.916740246341045e-008	1.010552e+000	1.000000e+000
2.936271496341045e-008	1.011918e+000	1.000000e+000
2.955802746341045e-008	1.013412e+000	1.000000e+000
2.975333996341045e-008	1.014992e+000	1.000000e+000
2.994865246341046e-008	1.016610e+000	1.000000e+000
3.014396496341045e-008	1.018218e+000	1.000000e+000
3.033927746341045e-008	1.019765e+000	1.000000e+000
3.053458996341045e-008	1.021205e+000	1.000000e+000
3.072990246341045e-008	1.022494e+000	1.000000e+000
3.092521496341045e-008	1.023597e+000	1.000000e+000
3.112052746341044e-008	1.024488e+000	1.000000e+000
3.131583996341044e-008	1.025151e+000	1.000000e+000
3.151115246341044e-008	1.025578e+000	1.000000e+000
3.170646496341044e-008	1.025775e+000	1.000000e+000
3.190177746341044e-008	1.025756e+000	1.000000e+000
3.209708996341044e-008	1.025545e+000	1.000000e+000
3.229240246341043e-008	1.025175e+000	1.000000e+000
3.248771496341043e-008	1.024683e+000	1.000000e+000
3.268302746341043e-008	1.024111e+000	1.000000e+000
3.287833996341043e-008	1.023502e+000	1.000000e+000
3.307365246341043e-008	1.022899e+000	1.000000e+000
3.326896496341042e-008	1.022343e+000	1.000000e+000
3.346427746341042e-008	1.021868e+000	1.000000e+000
3.365958996341042e-008	1.021504e+000	1.000000e+000
3.385490246341042e-008	1.021271e+000	1.000000e+000
3.405021496341042e-008	1.021183e+000	1.000000e+000
3.424552746341041e-008	1.021242e+000	1.000000e+000
3.444083996341041e-008	1.021443e+000	1.000000e+000
3.463615246341041e-008	1.021774e+000	1.000000e+000
3.483146496341041e-008	1.022213e+000	1.000000e+000
3.502677746341041e-008	1.022734e+000	1.000000e+000
3.522208996341041e-008	1.023309e+000	1.000000e+000
3.541740246341040e-008	1.023904e+000	1.000000e+000
3.561271496341040e-008	1.024488e+000	1.000000e+000
3.580802746341040e-008	1.025030e+000	1.000000e+000
3.600333996341040e-008	1.025503e+000	1.000000e+000
3.619865246341040e-008	1.025887e+000	1.000000e+000
3.639396496341039e-008	1.026165e+000	1.000000e+000
3.658927746341039e-008	1.026330e+000	1.000000e+000
3.678458996341039e-008	1.026381e+000	1.000000e+000
3.697990246341039e-008	1.026323e+000	1.000000e+000
3.717521496341039e-008	1.026171e+000	1.000000e+000
3.737052746341038e-008	1.025944e+000	1.000000e+000
3.756583996341038e-008	1.025665e+000	1.000000e+000
3.776115246341038e-008	1.025362e+000	1.000000e+000
3.795646496341038e-008	1.025066e+000	1.000000e+000
3.815177746341038e-008	1.024805e+000	1.000000e+000
3.834708996341038e-008	1.024608e+000	1.000000e+000
3.854240246341037e-008	1.024501e+000	1.000000e+000
3.873771496341037e-008	1.024505e+000	1.000000e+000
3.893302746341037e-008	1.024638e+000	1.000000e+000
3.912833996341037e-008	1.024911e+000	1.000000e+000
3.932365246341037e-008	1.025331e+000	1.000000e+000
3.951896496341036e-008	1.025899e+000	1.000000e+000
3.971427746341036e-008	1.026611e+000	1.000000e+000
3.990958996341036e-008	1.027459e+000	1.000000e+000
4.010490246341036e-008	1.028433e+000	1.000000e+000
4.030021496341036e-008	1.029521e+000	1.000000e+000
4.049552746341036e-008	1.030710e+000	1.000000e+000
4.069083996341035e-008	1.031990e+000	1.000000e+000
4.088615246341035e-008	1.033352e+000	1.000000e+000
4.108146496341035e-008	1.034791e+000	1.000000e+000
4.127677746341035e-008	1.036307e+000	1.000000e+000
4.147208996341035e-008	1.037905e+000	1.000000e+000
4.166740246341034e-008	1.039594e+000	1.000000e+000
4.186271496341034e-008	1.041389e+000	1.000000e+000
4.205802746341034e-008	1.043312e+000	1.000000e+000
4.225333996341034e-008	1.045387e+000	1.000000e+000
4.244865246341034e-008	1.047640e+000	1.000000e+000
4.264396496341033e-008	1.050102e+000	1.000000e+000
4.283927746341033e-008	1.052804e+000	1.000000e+000
4.303458996341033e-008	1.055775e+000	1.000000e+000
4.322990246341033e-008	1.059043e+000	1.000000e+000
4.342521496341033e-008	1.062633e+000	1.000000e+000
4.362052746341033e-008	1.066565e+000	1.000000e+000
4.381583996341032e-008	1.070853e+000	1.000000e+000
4.401115246341032e-008	1.075508e+000	1.000000e+000
4.420646496341032e-008	1.080530e+000	1.000000e+000
4.440177746341032e-008	1.085917e+000	1.000000e+000
4.459708996341032e-008	1.091657e+000	1.000000e+000
4.479240246341031e-008	1.097736e+000	1.000000e+000
4.498771496341031e-008	1.104131e+000	1.000000e+000
4.518302746341031e-008	1.110816e+000	1.000000e+000
4.537833996341031e-008	1.117761e+000	1.000000e+000
4.557365246341031e-008	1.124935e+000	1.000000e+000
4.576896496341030e-008	1.132300e+000	1.000000e+000
4.596427746341030e-008	1.139822e+000	1.000000e+000
4.615958996341030e-008	1.147464e+000	1.000000e+000
4.635490246341030e-008	1.155187e+000	1.000000e+000
4.655021496341030e-008	1.162954e+000	1.000000e+000
4.674552746341030e-008	1.170728e+000	1.000000e+000
4.694083996341029e-008	1.178472e+000	1.000000e+000
4.713615246341029e-008	1.186147e+000	1.000000e+000
4.733146496341029e-008	1.193715e+000	1.000000e+000
4.752677746341029e-008	1.201137e+000	1.000000e+000
4.772208996341029e-008	1.208372e+000	1.000000e+000
4.791740246341028e-008	1.215376e+000	1.000000e+000
4.811271496341028e-008	1.222107e+000	1.000000e+000
4.830802746341028e-008	1.228516e+000	1.000000e+000
4.850333996341028e-008	1.234555e+000	1.000000e+000
4.869865246341028e-008	1.240176e+000	1.000000e+000
4.889396496341027e-008	1.245325e+000	1.000000e+000
4.908927746341027e-008	1.249952e+000	1.000000e+000
4.928458996341027e-008	1.254006e+000	1.000000e+000
4.947990246341027e-008	1.257439e+000	1.000000e+000
4.967521496341027e-008	1.260203e+000	1.000000e+000
4.987052746341027e-008	1.262258e+000	1.000000e+000
5.006583996341026e-008	1.263567e+000	1.000000e+000
5.026115246341026e-008	1.264101e+000	1.000000e+000
5.045646496341026e-008	1.263839e+000	1.000000e+000
5.065177746341026e-008	1.262769e+000	1.000000e+000
5.084708996341026e-008	1.260886e+000	1.000000e+000
5.104240246341025e-008	1.258200e+000	1.000000e+000
5.123771496341025e-008	1.254725e+000	1.000000e+000
5.143302746341025e-008	1.250489e+000	1.000000e+000
5.162833996341025e-008	1.245529e+000	1.000000e+000
5.182365246341025e-008	1.239887e+000	1.000000e+000
5.201896496341024e-008	1.233616e+000	1.000000e+000
5.221427746341024e-008	1.226775e+000	1.000000e+000
5.240958996341024e-008	1.219425e+000	1.000000e+000
5.260490246341024e-008	1.211633e+000	1.000000e+000
5.280021496341024e-008	1.203467e+000	1.000000e+000
5.299552746341024e-008	1.194996e+000	1.000000e+000
5.319083996341023e-008	1.186288e+000	1.000000e+000
5.338615246341023e-008	1.177407e+000	1.000000e+000
5.358146496341023e-008	1.168418e+000	1.000000e+000
5.377677746341023e-008	1.159379e+000	1.000000e+000
5.397208996341023e-008	1.150344e+000	1.000000e+000
5.416740246341022e-008	1.141364e+000	1.000000e+000
5.436271496341022e-008	1.132483e+000	1.000000e+000
5.455802746341022e-008	1.123742e+000	1.000000e+000
5.475333996341022e-008	1.115175e+000	1.000000e+000
5.494865246341022e-008	1.106814e+000	1.000000e+000
5.514396496341021e-008	1.098686e+000	1.000000e+000
5.533927746341021e-008	1.090815e+000	1.000000e+000
5.553458996341021e-008	1.083221e+000	1.000000e+000
5.572990246341021e-008	1.075923e+000	1.000000e+000
5.592521496341021e-008	1.068936e+000	1.000000e+000
5.612052746341021e-008	1.062274e+000	1.000000e+000
5.631583996341020e-008	1.055949e+000	1.000000e+000
5.651115246341020e-008	1.049970e+000	1.000000e+000
5.670646496341020e-008	1.044347e+000	1.000000e+000
5.690177746341020e-008	1.039086e+000	1.000000e+000
5.709708996341020e-008	1.034192e+000	1.000000e+000
5.729240246341019e-008	1.029668e+000	1.000000e+000
5.748771496341019e-008	1.025515e+000	1.000000e+000
5.768302746341019e-008	1.021730e+000	1.000000e+000
5.787833996341019e-008	1.018311e+000	1.000000e+000
5.807365246341019e-008	1.015250e+000	1.000000e+000
5.826896496341018e-008	1.012538e+000	1.000000e+000
5.846427746341018e-008	1.010164e+000	1.000000e+000
5.865958996341018e-008	1.008113e+000	1.000000e+000
5.885490246341018e-008	1.006369e+000	1.000000e+000
5.905021496341018e-008	1.004915e+000	1.000000e+000
5.924552746341018e-008	1.003730e+000	1.000000e+000
5.944083996341017e-008	1.002792e+000	1.000000e+000
5.963615246341018e-008	1.002078e+000	1.000000e+000
5.983146496341018e-008	1.001565e+000	1.000000e+000
6.002677746341019e-008	1.001229e+000	1.000000e+000
6.022208996341019e-008	1.001045e+000	1.000000e+000
6.041740246341020e-008	1.000986e+000	1.000000e+000
6.061271496341020e-008	1.001030e+000	1.000000e+000
6.080802746341021e-008	1.001151e+000	1.000000e+000
6.100333996341021e-008	1.001324e+000	1.000000e+000
6.119865246341022e-008	1.001527e+000	1.000000e+000
6.139396496341022e-008	1.001735e+000	1.000000e+000
6.158927746341023e-008	1.001927e+000	1.000000e+000
6.178458996341023e-008	1.002082e+000	1.000000e+000
6.197990246341024e-008	1.002181e+000	1.000000e+000
6.217521496341024e-008	1.002206e+000	1.000000e+000
6.237052746341024e-008	1.002142e+000	1.000000e+000
6.256583996341025e-008	1.001976e+000	1.000000e+000
6.276115246341025e-008	1.001698e+000	1.000000e+000
6.295646496341026e-008	1.001301e+000	1.000000e+000
6.315177746341026e-008	1.000784e+000	1.000000e+000
6.334708996341027e-008	1.000147e+000	1.000000e+000
6.354240246341027e-008	9.993955e-001	1.000000e+000
6.373771496341028e-008	9.985406e-001	1.000000e+000
6.393302746341028e-008	9.975966e-001	1.000000e+000
6.412833996341029e-008	9.965820e-001	1.000000e+000
6.432365246341029e-008	9.955198e-001	1.000000e+000
6.451896496341030e-008	9.944356e-001	1.000000e+000
6.471427746341030e-008	9.933583e-001	1.000000e+000
6.490958996341031e-008	9.923178e-001	1.000000e+000
6.510490246341031e-008	9.913451e-001	1.000000e+000
6.530021496341032e-008	9.904706e-001	1.000000e+000
6.549552746341032e-008	9.897232e-001	1.000000e+000
6.569083996341033e-008	9.891286e-001	1.000000e+000
6.588615246341033e-008	9.887089e-001	1.000000e+000
6.608146496341034e-008	9.884811e-001	1.000000e+000
6.627677746341034e-008	9.884564e-001	1.000000e+000
6.647208996341034e-008	9.886397e-001	1.000000e+000
6.666740246341035e-008	9.890288e-001	1.000000e+000
6.686271496341035e-008	9.896149e-001	1.000000e+000
6.705802746341036e-008	9.903827e-001	1.000000e+000
6.725333996341036e-008	9.913104e-001	1.000000e+000
6.744865246341037e-008	9.923713e-001	1.000000e+000
6.764396496341037e-008	9.935347e-001	1.000000e+000
6.783927746341038e-008	9.947667e-001	1.000000e+000
6.803458996341038e-008	9.960324e-001	1.000000e+000
6.822990246341039e-008	9.972971e-001	1.000000e+000
6.842521496341039e-008	9.985281e-001	1.000000e+000
6.862052746341040e-008	9.996960e-001	1.000000e+000
6.881583996341040e-008	1.000776e+000	1.000000e+000
6.901115246341041e-008	1.001751e+000	1.000000e+000
6.920646496341041e-008	1.002609e+000	1.000000e+000
6.940177746341042e-008	1.003346e+000	1.000000e+000
6.959708996341042e-008	1.003967e+000	1.000000e+000
6.979240246341043e-008	1.004484e+000	1.000000e+000
6.998771496341043e-008	1.004917e+000	1.000000e+000
7.018302746341043e-008	1.005291e+000	1.000000e+000
7.037833996341044e-008	1.005640e+000	1.000000e+000
7.057365246341044e-008	1.005998e+000	1.000000e+000
7.076896496341045e-008	1.006403e+000	1.000000e+000
7.096427746341045e-008	1.006894e+000	1.000000e+000
7.115958996341046e-008	1.007508e+000	1.000000e+000
7.135490246341046e-008	1.008280e+000	1.000000e+000
7.155021496341047e-008	1.009240e+000	1.000000e+000
7.174552746341047e-008	1.010411e+000	1.000000e+000
7.194083996341048e-008	1.011811e+000	1.000000e+000
7.213615246341048e-008	1.013447e+000	1.000000e+000
7.233146496341049e-008	1.015319e+000	1.000000e+000
7.252677746341049e-008	1.017419e+000	1.000000e+000
7.272208996341050e-008	1.019729e+000	1.000000e+000
7.291740246341050e-008	1.022223e+000	1.000000e+000
7.311271496341051e-008	1.024870e+000	1.000000e+000
7.330802746341051e-008	1.027630e+000	1.000000e+000
7.350333996341052e-008	1.030462e+000	1.000000e+000
7.369865246341052e-008	1.033319e+000	1.000000e+000
7.389396496341052e-008	1.036155e+000	1.000000e+000
7.408927746341053e-008	1.038923e+000	1.000000e+000
7.428458996341053e-008	1.041578e+000	1.000000e+000
7.447990246341054e-008	1.044079e+000	1.000000e+000
7.467521496341054e-008	1.046390e+000	1.000000e+000
7.487052746341055e-008	1.048478e+000	1.000000e+000
7.506583996341055e-008	1.050318e+000	1.000000e+000
7.526115246341056e-008	1.051890e+000	1.000000e+000
7.545646496341056e-008	1.053182e+000	1.000000e+000
7.565177746341057e-008	1.054186e+000	1.000000e+000
7.584708996341057e-008	1.054901e+000	1.000000e+000
7.604240246341058e-008	1.055329e+000	1.000000e+000
7.623771496341058e-008	1.055477e+000	1.000000e+000
7.643302746341059e-008	1.055353e+000	1.000000e+000
7.662833996341059e-008	1.054967e+000	1.000000e+000
7.682365246341060e-008	1.054331e+000	1.000000e+000
7.701896496341060e-008	1.053451e+000	1.000000e+000
7.721427746341061e-008	1.052337e+000	1.000000e+000
7.740958996341061e-008	1.050992e+000	1.000000e+000
7.760490246341062e-008	1.049417e+000	1.000000e+000
7.780021496341062e-008	1.047610e+000	1.000000e+000
7.799552746341062e-008	1.045566e+000	1.000000e+000
7.819083996341063e-008	1.043275e+000	1.000000e+000
7.838615246341063e-008	1.040726e+000	1.000000e+000
7.858146496341064e-008	1.037905e+000	1.000000e+000
7.877677746341064e-008	1.034797e+000	1.000000e+000
7.897208996341065e-008	1.031389e+000	1.000000e+000
7.916740246341065e-008	1.027667e+000	1.000000e+000
7.936271496341066e-008	1.023622e+000	1.000000e+000
7.955802746341066e-008	1.019248e+000	1.000000e+000
7.975333996341067e-008	1.014545e+000	1.000000e+000
7.994865246341067e-008	1.009517e+000	1.000000e+000
8.014396496341068e-008	1.004179e+000	1.000000e+000
8.033927746341068e-008	9.985505e-001	1.000000e+000
8.053458996341069e-008	9.926601e-001	1.000000e+000
8.072990246341069e-008	9.865445e-001	1.000000e+000
8.092521496341070e-008	9.802482e-001	1.000000e+000
8.112052746341070e-008	9.738223e-001	1.000000e+000
8.131583996341071e-008	9.673244e-001	1.000000e+000
8.151115246341071e-008	9.608171e-001	1.000000e+000
8.170646496341071e-008	9.543662e-001	1.000000e+000
8.190177746341072e-008	9.480397e-001	1.000000e+000
8.209708996341072e-008	9.419057e-001	1.000000e+000
8.229240246341073e-008	9.360312e-001	1.000000e+000
8.248771496341073e-008	9.304796e-001	1.000000e+000
8.268302746341074e-008	9.253097e-001	1.000000e+000
8.287833996341074e-008	9.205737e-001	1.000000e+000
8.307365246341075e-008	9.163167e-001	1.000000e+000
8.326896496341075e-008	9.125750e-001	1.000000e+000
8.346427746341076e-008	9.093755e-001	1.000000e+000
8.365958996341076e-008	9.067354e-001	1.000000e+000
8.385490246341077e-008	9.046623e-001	1.000000e+000
8.405021496341077e-008	9.031541e-001	1.000000e+000
8.424552746341078e-008	9.021997e-001	1.000000e+000
8.444083996341078e-008	9.017798e-001	1.000000e+000
8.463615246341079e-008	9.018679e-001	1.000000e+000
8.483146496341079e-008	9.024318e-001	1.000000e+000
8.502677746341080e-008	9.034344e-001	1.000000e+000
8.522208996341080e-008	9.048356e-001	1.000000e+000
8.541740246341081e-008	9.065934e-001	1.000000e+000
8.561271496341081e-008	9.086657e-001	1.000000e+000
8.580802746341081e-008	9.110107e-001	1.000000e+000
8.600333996341082e-008	9.135885e-001	1.000000e+000
8.619865246341082e-008	9.163618e-001	1.000000e+000
8.639396496341083e-008	9.192966e-001	1.000000e+000
8.658927746341083e-008	9.223623e-001	1.000000e+000
8.678458996341084e-008	9.255318e-001	1.000000e+000
8.697990246341084e-008	9.287816e-001	1.000000e+000
8.717521496341085e-008	9.320914e-001	1.000000e+000
8.737052746341085e-008	9.354430e-001	1.000000e+000
8.756583996341086e-008	9.388208e-001	1.000000e+000
8.776115246341086e-008	9.422100e-001	1.000000e+000
8.795646496341087e-008	9.455966e-001	1.000000e+000
8.815177746341087e-008	9.489661e-001	1.000000e+000
8.834708996341088e-008	9.523040e-001	1.000000e+000
8.854240246341088e-008	9.555942e-001	1.000000e+000
8.873771496341089e-008	9.588192e-001	1.000000e+000
8.893302746341089e-008	9.619606e-001	1.000000e+000
8.912833996341090e-008	9.649981e-001	1.000000e+000
8.932365246341090e-008	9.679109e-001	1.000000e+000
8.951896496341090e-008	9.706779e-001	1.000000e+000
8.971427746341091e-008	9.732778e-001	1.000000e+000
8.990958996341091e-008	9.756910e-001	1.000000e+000
9.010490246341092e-008	9.778994e-001	1.000000e+000
9.030021496341092e-008	9.798878e-001	1.000000e+000
9.049552746341093e-008	9.816449e-001	1.000000e+000
9.069083996341093e-008	9.831632e-001	1.000000e+000
9.088615246341094e-008	9.844404e-001	1.000000e+000
9.108146496341094e-008	9.854795e-001	1.000000e+000
9.127677746341095e-008	9.862887e-001	1.000000e+000
9.147208996341095e-008	9.868812e-001	1.000000e+000
9.166740246341096e-008	9.872756e-001	1.000000e+000
9.186271496341096e-008	9.874943e-001	1.000000e+000
9.205802746341097e-008	9.875636e-001	1.000000e+000
9.225333996341097e-008	9.875119e-001	1.000000e+000
9.244865246341098e-008	9.873693e-001	1.000000e+000
9.264396496341098e-008	9.871659e-001	1.000000e+000
9.283927746341099e-008	9.869310e-001	1.000000e+000
9.303458996341099e-008	9.866920e-001	1.000000e+000
9.322990246341099e-008	9.864731e-001	1.000000e+000
9.342521496341100e-008	9.862947e-001	1.000000e+000
9.362052746341100e-008	9.861729e-001	1.000000e+000
9.381583996341101e-008	9.861189e-001	1.000000e+000
9.401115246341101e-008	9.861392e-001	1.000000e+000
9.420646496341102e-008	9.862357e-001	1.000000e+000
9.440177746341102e-008	9.864060e-001	1.000000e+000
9.459708996341103e-008	9.866440e-001	1.000000e+000
9.479240246341103e-008	9.869412e-001	1.000000e+000
9.498771496341104e-008	9.872870e-001	1.000000e+000
9.518302746341104e-008	9.876704e-001	1.000000e+000
9.537833996341105e-008	9.880804e-001	1.000000e+000
9.557365246341105e-008	9.885071e-001	1.000000e+000
9.576896496341106e-008	9.889429e-001	1.000000e+000
9.596427746341106e-008	9.893827e-001	1.000000e+000
9.615958996341107e-008	9.898244e-001	1.000000e+000
9.635490246341107e-008	9.902689e-001	1.000000e+000
9.655021496341108e-008	9.907207e-001	1.000000e+000
9.674552746341108e-008	9.911865e-001	1.000000e+000
9.694083996341109e-008	9.916756e-001	1.000000e+000
9.713615246341109e-008	9.921982e-001	1.000000e+000
9.733146496341109e-008	9.927653e-001	1.000000e+000
9.752677746341110e-008	9.933875e-001	1.000000e+000
9.772208996341110e-008	9.940734e-001	1.000000e+000
9.791740246341111e-008	9.948294e-001	1.000000e+000
9.811271496341111e-008	9.956587e-001	1.000000e+000
9.830802746341112e-008	9.965603e-001	1.000000e+000
9.850333996341112e-008	9.975289e-001	1.000000e+000
9.869865246341113e-008	9.985548e-001	1.000000e+000
9.889396496341113e-008	9.996236e-001	1.000000e+000
9.908927746341114e-008	1.000717e+000	1.000000e+000
9.928458996341114e-008	1.001814e+000	1.000000e+000
9.947990246341115e-008	1.002891e+000	1.000000e+000
9.967521496341115e-008	1.003923e+000	1.000000e+000
9.987052746341116e-008	1.004884e+000	1.000000e+000
1.000658399634112e-007	1.005752e+000	1.000000e+000
1.002611524634112e-007	1.006504e+000	1.000000e+000
1.004564649634112e-007	1.007125e+000	1.000000e+000
1.006517774634112e-007	1.007602e+000	1.000000e+000
1.008470899634112e-007	1.007927e+000	1.000000e+000
1.010424024634112e-007	1.008101e+000	1.000000e+000
1.012377149634112e-007	1.008128e+000	1.000000e+000
1.014330274634112e-007	1.008020e+000	1.000000e+000
1.016283399634112e-007	1.007795e+000	1.000000e+000
1.018236524634112e-007	1.007473e+000	1.000000e+000
1.020189649634112e-007	1.007079e+000	1.000000e+000
1.022142774634112e-007	1.006640e+000	1.000000e+000
1.024095899634112e-007	1.006185e+000	1.000000e+000
1.026049024634112e-007	1.005740e+000	1.000000e+000
1.028002149634112e-007	1.005330e+000	1.000000e+000
1.029955274634112e-007	1.004973e+000	1.000000e+000
1.031908399634112e-007	1.004685e+000	1.000000e+000
1.033861524634112e-007	1.004475e+000	1.000000e+000
1.035814649634113e-007	1.004343e+000	1.000000e+000
1.037767774634113e-007	1.004284e+000	1.000000e+000
1.039720899634113e-007	1.004283e+000	1.000000e+000
1.041674024634113e-007	1.004321e+000	1.000000e+000
1.043627149634113e-007	1.004369e+000	1.000000e+000
1.045580274634113e-007	1.004395e+000	1.000000e+000
1.047533399634113e-007	1.004363e+000	1.000000e+000
1.049486524634113e-007	1.004235e+000	1.000000e+000
1.051439649634113e-007	1.003972e+000	1.000000e+000
1.053392774634113e-007	1.003535e+000	1.000000e+000
1.055345899634113e-007	1.002890e+000	1.000000e+000
1.057299024634113e-007	1.002007e+000	1.000000e+000
1.059252149634113e-007	1.000860e+000	1.000000e+000
1.061205274634113e-007	9.994346e-001	1.000000e+000
1.063158399634113e-007	9.977199e-001	1.000000e+000
1.065111524634113e-007	9.957160e-001	1.000000e+000
1.067064649634113e-007	9.934312e-001	1.000000e+000
1.069017774634113e-007	9.908821e-001	1.000000e+000
1.070970899634113e-007	9.880936e-001	1.000000e+000
1.072924024634113e-007	9.851372e-001	1.000000e+000
1.073046875000000e-007	9.849444e-001	1.000000e+000
1.073292575731773e-007	9.845507e-001	1.000000e+000
1.073783977195319e-007	9.837574e-001	1.000000e+000
1.074017197072908e-007	9.833775e-001	1.000000e+000
1.074483636828086e-007	9.826101e-001	1.000000e+000
1.075000000000000e-007	9.817549e-001	1.000000e+000
1.075051636317191e-007	9.816686e-001	9.993115e-001
1.075154908951574e-007	9.814957e-001	9.979345e-001
1.075361454220339e-007	9.811487e-001	9.951806e-001
1.075774544757870e-007	9.804501e-001	9.896727e-001
1.076600725832932e-007	9.790378e-001	9.786570e-001
1.078253087983055e-007	9.761782e-001	9.566255e-001
1.080206212983055e-007	9.727697e-001	9.305838e-001
1.082159337983055e-007	9.693640e-001	9.045421e-001
1.084112462983055e-007	9.660053e-001	8.785005e-001
1.086065587983055e-007	9.627381e-001	8.524588e-001
1.088018712983055e-007	9.596039e-001	8.264171e-001
1.089971837983055e-007	9.566399e-001	8.003755e-001
1.091924962983055e-007	9.538785e-001	7.743338e-001
1.093878087983055e-007	9.513468e-001	7.482921e-001
1.095831212983055e-007	9.490665e-001	7.222505e-001
1.097784337983055e-007	9.470540e-001	6.962088e-001
1.099737462983055e-007	9.453205e-001	6.701671e-001
1.101690587983055e-007	9.438725e-001	6.441255e-001
1.103643712983055e-007	9.427124e-001	6.180838e-001
1.105596837983055e-007	9.418395e-001	5.920421e-001
1.107549962983056e-007	9.412500e-001	5.660005e-001
1.109503087983056e-007	9.409384e-001	5.399588e-001
1.111456212983056e-007	9.408977e-001	5.139171e-001
1.113409337983056e-007	9.411203e-001	4.878755e-001
1.115362462983056e-007	9.415984e-001	4.618338e-001
1.117315587983056e-007	9.423240e-001	4.357921e-001
1.119268712983056e-007	9.432900e-001	4.097505e-001
1.121221837983056e-007	9.444893e-001	3.837088e-001
1.123174962983056e-007	9.459156e-001	3.576671e-001
1.125128087983056e-007	9.475628e-001	3.316255e-001
1.127081212983056e-007	9.494249e-001	3.055838e-001
1.129034337983056e-007	9.514962e-001	2.795421e-001
1.130987462983056e-007	9.537700e-001	2.535005e-001
1.132940587983056e-007	9.562393e-001	2.274588e-001
1.134893712983056e-007	9.588959e-001	2.014172e-001
1.136846837983056e-007	9.617299e-001	1.753755e-001
1.138799962983056e-007	9.647303e-001	1.493338e-001
1.140753087983056e-007	9.678836e-001	1.232922e-001
1.142706212983056e-007	9.711748e-001	9.725049e-002
1.144659337983056e-007	9.745864e-001	7.120883e-002
1.146612462983056e-007	9.780942e-001	4.516716e-002
1.148046875000000e-007	9.807262e-001	2.604167e-002
1.150000000000000e-007	9.843565e-001	0.000000e+000
1.150004296879739e-007	9.843646e-001	0.000000e+000
1.150012890639218e-007	9.843807e-001	0.000000e+000
1.150324721340291e-007	9.849670e-001	0.000000e+000
1.150636552041365e-007	9.855538e-001	0.000000e+000
1.150948382742438e-007	9.861411e-001	0.000000e+000
1.151260213443512e-007	9.867289e-001	0.000000e+000
1.151572044144585e-007	9.873172e-001	0.000000e+000
1.151883874845659e-007	9.879060e-001	0.000000e+000
1.152195705546732e-007	9.884953e-001	0.000000e+000
1.154148830546732e-007	9.921777e-001	0.000000e+000
1.156101955546732e-007	9.958363e-001	0.000000e+000
1.158055080546732e-007	9.994426e-001	0.000000e+000
1.160008205546732e-007	1.002966e+000	0.000000e+000
1.161961330546732e-007	1.006374e+000	0.000000e+000
1.163914455546732e-007	1.009636e+000	0.000000e+000
1.165867580546732e-007	1.012719e+000	0.000000e+000
1.167820705546733e-007	1.015592e+000	0.000000e+000
1.169773830546733e-007	1.018226e+000	0.000000e+000
1.171726955546733e-007	1.020591e+000	0.000000e+000
1.173680080546733e-007	1.022660e+000	0.000000e+000
1.175633205546733e-007	1.024409e+000	0.000000e+000
1.177586330546733e-007	1.025816e+000	0.000000e+000
1.179539455546733e-007	1.026886e+000	0.000000e+000
1.181024732201069e-007	1.027444e+000	0.000000e+000
1.182651368751959e-007	1.027787e+000	0.000000e+000
1.184159666395211e-007	1.027851e+000	0.000000e+000
1.186112791395211e-007	1.027579e+000	0.000000e+000
1.188065916395211e-007	1.026937e+000	0.000000e+000
1.190019041395211e-007	1.025904e+000	0.000000e+000
1.191972166395211e-007	1.024489e+000	0.000000e+000
1.193925291395211e-007	1.022708e+000	0.000000e+000
1.195755949752597e-007	1.020714e+000	0.000000e+000
1.197591154028935e-007	1.018403e+000	0.000000e+000
1.199544279028935e-007	1.015626e+000	0.000000e+000
1.201497404028935e-007	1.012544e+000	0.000000e+000
1.203450529028935e-007	1.009165e+000	0.000000e+000
1.205403654028935e-007	1.005502e+000	0.000000e+000
1.207356779028935e-007	1.001562e+000	0.000000e+000
1.209309904028935e-007	9.973486e-001	0.000000e+000
1.211263029028935e-007	9.928561e-001	0.000000e+000
1.213216154028935e-007	9.880732e-001	0.000000e+000
1.215169279028935e-007	9.829795e-001	0.000000e+000
1.217122404028935e-007	9.775458e-001	0.000000e+000
1.219075529028935e-007	9.717339e-001	0.000000e+000
1.221028654028935e-007	9.654970e-001	0.000000e+000
1.222981779028935e-007	9.587802e-001	0.000000e+000
1.224934904028935e-007	9.515219e-001	0.000000e+000
1.226888029028935e-007	9.436547e-001	0.000000e+000
1.228841154028935e-007	9.351080e-001	0.000000e+000
1.230794279028935e-007	9.258095e-001	0.000000e+000
1.232747404028935e-007	9.156879e-001	0.000000e+000
1.234700529028935e-007	9.046752e-001	0.000000e+000
1.236653654028935e-007	8.927095e-001	0.000000e+000
1.238606779028936e-007	8.797374e-001	0.000000e+000
1.240559904028936e-007	8.657162e-001	0.000000e+000
1.242513029028936e-007	8.506160e-001	0.000000e+000
1.244466154028936e-007	8.344216e-001	0.000000e+000
1.246419279028936e-007	8.171337e-001	0.000000e+000
1.248372404028936e-007	7.987695e-001	0.000000e+000
1.250325529028936e-007	7.793629e-001	0.000000e+000
1.252278654028936e-007	7.589645e-001	0.000000e+000
1.254231779028936e-007	7.376403e-001	0.000000e+000
1.256184904028936e-007	7.154705e-001	0.000000e+000
1.258138029028936e-007	6.925472e-001	0.000000e+000
1.260091154028936e-007	6.689726e-001	0.000000e+000
1.262044279028936e-007	6.448559e-001	0.000000e+000
1.263997404028936e-007	6.203107e-001	0.000000e+000
1.265950529028936e-007	5.954520e-001	0.000000e+000
1.267903654028936e-007	5.703933e-001	0.000000e+000
1.269856779028936e-007	5.452443e-001	0.000000e+000
1.271809904028936e-007	5.201080e-001	0.000000e+000
1.273763029028936e-007	4.950791e-001	0.000000e+000
1.275716154028936e-007	4.702423e-001	0.000000e+000
1.277669279028936e-007	4.456712e-001	0.000000e+000
1.279622404028937e-007	4.214284e-001	0.000000e+000
1.281575529028937e-007	3.975649e-001	0.000000e+000
1.283528654028937e-007	3.741214e-001	0.000000e+000
1.285481779028937e-007	3.511292e-001	0.000000e+000
1.287434904028937e-007	3.286116e-001	0.000000e+000
1.289388029028937e-007	3.065860e-001	0.000000e+000
1.291341154028937e-007	2.850661e-001	0.000000e+000
1.293294279028937e-007	2.640637e-001	0.000000e+000
1.295247404028937e-007	2.435908e-001	0.000000e+000
1.297200529028937e-007	2.236617e-001	0.000000e+000
1.299153654028937e-007	2.042945e-001	0.000000e+000
1.301106779028937e-007	1.855123e-001	0.000000e+000
1.303059904028937e-007	1.673439e-001	0.000000e+000
1.305013029028937e-007	1.498236e-001	0.000000e+000
1.306966154028937e-007	1.329918e-001	0.000000e+000
1.308919279028937e-007	1.168929e-001	0.000000e+000
1.310872404028937e-007	1.015750e-001	0.000000e+000
1.312825529028937e-007	8.708728e-002	0.000000e+000
1.314778654028937e-007	7.347805e-002	0.000000e+000
1.316731779028937e-007	6.079245e-002	0.000000e+000
1.318684904028937e-007	4.906982e-002	0.000000e+000
1.320638029028937e-007	3.834119e-002	0.000000e+000
1.322591154028938e-007	2.862702e-002	0.000000e+000
1.324544279028938e-007	1.993513e-002	0.000000e+000
1.326497404028938e-007	1.225913e-002	0.000000e+000
1.328450529028938e-007	5.577378e-003	0.000000e+000
1.330403654028938e-007	-1.475461e-004	0.000000e+000
1.332356779028938e-007	-4.968609e-003	0.000000e+000
1.334309904028938e-007	-8.953494e-003	0.000000e+000
1.336263029028938e-007	-1.218311e-002	0.000000e+000
1.338216154028938e-007	-1.474950e-002	0.000000e+000
1.340169279028938e-007	-1.675321e-002	0.000000e+000
1.342122404028938e-007	-1.830031e-002	0.000000e+000
1.344075529028938e-007	-1.949905e-002	0.000000e+000
1.346028654028938e-007	-2.045645e-002	0.000000e+000
1.347981779028938e-007	-2.127483e-002	0.000000e+000
1.349934904028938e-007	-2.204860e-002	0.000000e+000
1.351888029028938e-007	-2.286126e-002	0.000000e+000
1.353841154028938e-007	-2.378288e-002	0.000000e+000
1.355794279028938e-007	-2.486820e-002	0.000000e+000
1.357747404028938e-007	-2.615526e-002	0.000000e+000
1.359700529028938e-007	-2.766476e-002	0.000000e+000
1.361653654028938e-007	-2.940019e-002	0.000000e+000
1.363606779028939e-007	-3.134859e-002	0.000000e+000
1.365559904028939e-007	-3.348199e-002	0.000000e+000
1.367513029028939e-007	-3.575942e-002	0.000000e+000
1.369466154028939e-007	-3.812943e-002	0.000000e+000
1.371419279028939e-007	-4.053295e-002	0.000000e+000
1.373372404028939e-007	-4.290628e-002	0.000000e+000
1.375325529028939e-007	-4.518431e-002	0.000000e+000
1.377278654028939e-007	-4.730351e-002	0.000000e+000
1.379231779028939e-007	-4.920479e-002	0.000000e+000
1.381184904028939e-007	-5.083596e-002	0.000000e+000
1.383138029028939e-007	-5.215383e-002	0.000000e+000
1.385091154028939e-007	-5.312562e-002	0.000000e+000
1.387044279028939e-007	-5.373001e-002	0.000000e+000
1.388997404028939e-007	-5.395741e-002	0.000000e+000
1.390950529028939e-007	-5.380971e-002	0.000000e+000
1.392903654028939e-007	-5.329955e-002	0.000000e+000
1.394856779028939e-007	-5.244902e-002	0.000000e+000
1.396809904028939e-007	-5.128800e-002	0.000000e+000
1.398763029028939e-007	-4.985231e-002	0.000000e+000
1.400716154028939e-007	-4.818159e-002	0.000000e+000
1.402669279028939e-007	-4.631722e-002	0.000000e+000
1.404622404028940e-007	-4.430050e-002	0.000000e+000
1.406560786709291e-007	-4.218647e-002	0.000000e+000
1.408513911709291e-007	-3.997829e-002	0.000000e+000
1.410467036709292e-007	-3.772273e-002	0.000000e+000
1.412420161709292e-007	-3.544486e-002	0.000000e+000
1.414373286709292e-007	-3.316420e-002	0.000000e+000
1.416326411709292e-007	-3.089462e-002	0.000000e+000
1.418279536709292e-007	-2.864492e-002	0.000000e+000
1.420232661709292e-007	-2.641969e-002	0.000000e+000
1.422185786709292e-007	-2.422051e-002	0.000000e+000
1.424138911709292e-007	-2.204723e-002	0.000000e+000
1.426092036709292e-007	-1.989948e-002	0.000000e+000
1.428045161709292e-007	-1.777798e-002	0.000000e+000
1.429998286709292e-007	-1.568592e-002	0.000000e+000
1.431951411709292e-007	-1.362993e-002	0.000000e+000
1.433904536709292e-007	-1.162095e-002	0.000000e+000
1.435857661709292e-007	-9.674599e-003	0.000000e+000
1.437810786709292e-007	-7.811287e-003	0.000000e+000
1.439763911709292e-007	-6.055854e-003	0.000000e+000
1.441717036709292e-007	-4.436886e-003	0.000000e+000
1.443670161709292e-007	-2.985685e-003	0.000000e+000
1.445623286709292e-007	-1.734973e-003	0.000000e+000
1.447576411709292e-007	-7.174070e-004	0.000000e+000
1.449529536709292e-007	3.600410e-005	0.000000e+000
1.451482661709293e-007	4.974777e-004	0.000000e+000
1.453435786709293e-007	6.439353e-004	0.000000e+000
1.455388911709293e-007	4.582830e-004	0.000000e+000
1.457342036709293e-007	-6.959003e-005	0.000000e+000
1.459295161709293e-007	-9.421595e-004	0.000000e+000
1.461248286709293e-007	-2.154010e-003	0.000000e+000
1.463201411709293e-007	-3.691997e-003	0.000000e+000
1.465154536709293e-007	-5.535826e-003	0.000000e+000
1.467107661709293e-007	-7.659019e-003	0.000000e+000
1.469060786709293e-007	-1.003023e-002	0.000000e+000
1.471013911709293e-007	-1.261481e-002	0.000000e+000
1.472967036709293e-007	-1.537658e-002	0.000000e+000
1.474920161709293e-007	-1.827966e-002	0.000000e+000
1.476873286709293e-007	-2.129031e-002	0.000000e+000
1.478826411709293e-007	-2.437860e-002	0.000000e+000
1.480779536709293e-007	-2.751991e-002	0.000000e+000
1.482732661709293e-007	-3.069608e-002	0.000000e+000
1.484685786709293e-007	-3.389623e-002	0.000000e+000
1.486638911709293e-007	-3.711712e-002	0.000000e+000
1.488592036709293e-007	-4.036310e-002	0.000000e+000
1.490545161709293e-007	-4.364565e-002	0.000000e+000
1.492498286709294e-007	-4.698244e-002	0.000000e+000
1.494451411709294e-007	-5.039616e-002	0.000000e+000
1.496404536709294e-007	-5.391292e-002	0.000000e+000
1.498357661709294e-007	-5.756065e-002	0.000000e+000
1.500310786709294e-007	-6.136726e-002	0.000000e+000
1.502263911709294e-007	-6.535888e-002	0.000000e+000
1.504217036709294e-007	-6.955826e-002	0.000000e+000
1.506170161709294e-007	-7.398330e-002	0.000000e+000
1.508123286709294e-007	-7.864594e-002	0.000000e+000
1.510076411709294e-007	-8.355143e-002	0.000000e+000
1.512029536709294e-007	-8.869788e-002	0.000000e+000
1.513982661709294e-007	-9.407642e-002	0.000000e+000
1.515935786709294e-007	-9.967155e-002	0.000000e+000
1.517888911709294e-007	-1.054620e-001	0.000000e+000
1.519842036709294e-007	-1.114220e-001	0.000000e+000
1.521795161709294e-007	-1.175224e-001	0.000000e+000
1.523748286709294e-007	-1.237324e-001	0.000000e+000
1.525701411709294e-007	-1.300209e-001	0.000000e+000
1.527654536709294e-007	-1.363585e-001	0.000000e+000
1.529607661709294e-007	-1.427181e-001	0.000000e+000
1.531560786709294e-007	-1.490767e-001	0.000000e+000
1.533513911709295e-007	-1.554157e-001	0.000000e+000
1.535467036709295e-007	-1.617217e-001	0.000000e+000
1.537420161709295e-007	-1.679861e-001	0.000000e+000
1.539373286709295e-007	-1.742048e-001	0.000000e+000
1.541326411709295e-007	-1.803777e-001	0.000000e+000
1.543279536709295e-007	-1.865069e-001	0.000000e+000
1.545232661709295e-007	-1.925960e-001	0.000000e+000
1.547185786709295e-007	-1.986478e-001	0.000000e+000
1.549138911709295e-007	-2.046642e-001	0.000000e+000
1.550804568721039e-007	-2.097640e-001	0.000000e+000
1.552482015274988e-007	-2.148621e-001	0.000000e+000
1.554435140274988e-007	-2.207407e-001	0.000000e+000
1.556388265274988e-007	-2.265387e-001	0.000000e+000
1.558341390274988e-007	-2.322235e-001	0.000000e+000
1.560294515274988e-007	-2.377556e-001	0.000000e+000
1.562247640274988e-007	-2.430864e-001	0.000000e+000
1.564200765274988e-007	-2.481591e-001	0.000000e+000
1.566153890274988e-007	-2.529099e-001	0.000000e+000
1.568107015274988e-007	-2.572697e-001	0.000000e+000
1.570060140274988e-007	-2.611658e-001	0.000000e+000
1.572013265274988e-007	-2.645245e-001	0.000000e+000
1.573966390274988e-007	-2.672838e-001	0.000000e+000
1.575804753460612e-007	-2.692531e-001	0.000000e+000
1.577757878460612e-007	-2.706181e-001	0.000000e+000
1.579711003460612e-007	-2.712031e-001	0.000000e+000
1.581664128460612e-007	-2.709551e-001	0.000000e+000
1.583617253460613e-007	-2.698443e-001	0.000000e+000
1.585570378460613e-007	-2.678549e-001	0.000000e+000
1.587523503460613e-007	-2.649860e-001	0.000000e+000
1.589476628460613e-007	-2.612522e-001	0.000000e+000
1.591429753460613e-007	-2.566828e-001	0.000000e+000
1.593382878460613e-007	-2.513216e-001	0.000000e+000
1.595336003460613e-007	-2.452251e-001	0.000000e+000
1.597289128460613e-007	-2.384614e-001	0.000000e+000
1.599242253460613e-007	-2.311073e-001	0.000000e+000
1.601195378460613e-007	-2.232468e-001	0.000000e+000
1.603148503460613e-007	-2.149772e-001	0.000000e+000
1.604853785337429e-007	-2.075012e-001	0.000000e+000
1.605789270920846e-007	-2.033067e-001	0.000000e+000
1.606583919888320e-007	-1.996931e-001	0.000000e+000
1.607517218083480e-007	-1.954111e-001	0.000000e+000
1.608556446808150e-007	-1.906106e-001	0.000000e+000
1.609658997742195e-007	-1.854923e-001	0.000000e+000
1.611566872772307e-007	-1.766216e-001	0.000000e+000
1.613519997772307e-007	-1.675746e-001	0.000000e+000
1.615473122772307e-007	-1.586181e-001	0.000000e+000
1.617426247772307e-007	-1.498075e-001	0.000000e+000
1.619379372772307e-007	-1.411884e-001	0.000000e+000
1.621332497772307e-007	-1.327973e-001	0.000000e+000
1.623285622772307e-007	-1.246615e-001	0.000000e+000
1.625238747772307e-007	-1.168002e-001	0.000000e+000
1.627191872772307e-007	-1.092251e-001	0.000000e+000
1.629144997772307e-007	-1.019420e-001	0.000000e+000
1.631098122772307e-007	-9.495189e-002	0.000000e+000
1.633051247772307e-007	-8.825202e-002	0.000000e+000
1.635004372772307e-007	-8.183758e-002	0.000000e+000
1.636957497772307e-007	-7.570259e-002	0.000000e+000
1.638910622772307e-007	-6.984109e-002	0.000000e+000
1.640863747772308e-007	-6.424783e-002	0.000000e+000
1.642816872772308e-007	-5.891897e-002	0.000000e+000
1.644769997772308e-007	-5.385237e-002	0.000000e+000
1.646723122772308e-007	-4.904780e-002	0.000000e+000
1.648676247772308e-007	-4.450680e-002	0.000000e+000
1.650629372772308e-007	-4.023239e-002	0.000000e+000
1.652582497772308e-007	-3.621527e-002	0.000000e+000
1.654158133355635e-007	-3.317205e-002	0.000000e+000
1.655642943476342e-007	-3.048073e-002	0.000000e+000
1.657141544935175e-007	-2.794494e-002	0.000000e+000
1.659094669935175e-007	-2.489103e-002	0.000000e+000
1.661047794935175e-007	-2.210597e-002	0.000000e+000
1.663000919935175e-007	-1.960514e-002	0.000000e+000
1.664954044935176e-007	-1.738448e-002	0.000000e+000
1.666907169935176e-007	-1.543663e-002	0.000000e+000
1.668860294935176e-007	-1.375058e-002	0.000000e+000
1.670813419935176e-007	-1.231155e-002	0.000000e+000
1.672766544935176e-007	-1.110102e-002	0.000000e+000
1.674719669935176e-007	-1.009686e-002	0.000000e+000
1.676672794935176e-007	-9.273623e-003	0.000000e+000
1.678625919935176e-007	-8.602977e-003	0.000000e+000
1.680579044935176e-007	-8.054221e-003	0.000000e+000
1.682532169935176e-007	-7.594916e-003	0.000000e+000
1.684485294935176e-007	-7.191583e-003	0.000000e+000
1.686438419935176e-007	-6.810467e-003	0.000000e+000
1.688391544935176e-007	-6.418333e-003	0.000000e+000
1.690344669935176e-007	-5.983290e-003	0.000000e+000
1.692297794935176e-007	-5.475615e-003	0.000000e+000
1.694250919935176e-007	-4.868566e-003	0.000000e+000
1.696204044935176e-007	-4.139161e-003	0.000000e+000
1.698157169935176e-007	-3.268909e-003	0.000000e+000
1.700110294935176e-007	-2.244471e-003	0.000000e+000
1.702063419935176e-007	-1.058229e-003	0.000000e+000
1.704016544935176e-007	2.912465e-004	0.000000e+000
1.705969669935177e-007	1.798863e-003	0.000000e+000
1.707922794935177e-007	3.452823e-003	0.000000e+000
1.709875919935177e-007	5.234603e-003	0.000000e+000
1.711829044935177e-007	7.119127e-003	0.000000e+000
1.713782169935177e-007	9.075126e-003	0.000000e+000
1.715735294935177e-007	1.106571e-002	0.000000e+000
1.717688419935177e-007	1.304917e-002	0.000000e+000
1.719641544935177e-007	1.497991e-002	0.000000e+000
1.721594669935177e-007	1.680967e-002	0.000000e+000
1.723547794935177e-007	1.848883e-002	0.000000e+000
1.725500919935177e-007	1.996790e-002	0.000000e+000
1.727454044935177e-007	2.119903e-002	0.000000e+000
1.729407169935177e-007	2.213768e-002	0.000000e+000
1.731360294935177e-007	2.274415e-002	0.000000e+000
1.733313419935177e-007	2.298509e-002	0.000000e+000
1.735266544935177e-007	2.283488e-002	0.000000e+000
1.737219669935177e-007	2.227680e-002	0.000000e+000
1.739172794935177e-007	2.130390e-002	0.000000e+000
1.741125919935177e-007	1.991961e-002	0.000000e+000
1.743079044935177e-007	1.813798e-002	0.000000e+000
1.745032169935177e-007	1.598353e-002	0.000000e+000
1.746985294935177e-007	1.349068e-002	0.000000e+000
1.748938419935178e-007	1.070285e-002	0.000000e+000
1.750891544935178e-007	7.671162e-003	0.000000e+000
1.752844669935178e-007	4.452782e-003	0.000000e+000
1.754797794935178e-007	1.109036e-003	0.000000e+000
1.756750919935178e-007	-2.296701e-003	0.000000e+000
1.758704044935178e-007	-5.701223e-003	0.000000e+000
1.760657169935178e-007	-9.043744e-003	0.000000e+000
1.762610294935178e-007	-1.226807e-002	0.000000e+000
1.764563419935178e-007	-1.532460e-002	0.000000e+000
1.766516544935178e-007	-1.817209e-002	0.000000e+000
1.768469669935178e-007	-2.077905e-002	0.000000e+000
1.770422794935178e-007	-2.312474e-002	0.000000e+000
1.772375919935178e-007	-2.519971e-002	0.000000e+000
1.774329044935178e-007	-2.700584e-002	0.000000e+000
1.776282169935178e-007	-2.855593e-002	0.000000e+000
1.778235294935178e-007	-2.987273e-002	0.000000e+000
1.780188419935178e-007	-3.098761e-002	0.000000e+000
1.782141544935178e-007	-3.193881e-002	0.000000e+000
1.784094669935178e-007	-3.276942e-002	0.000000e+000
1.786047794935178e-007	-3.352513e-002	0.000000e+000
1.788000919935178e-007	-3.425194e-002	0.000000e+000
1.789954044935179e-007	-3.499384e-002	0.000000e+000
1.791907169935179e-007	-3.579062e-002	0.000000e+000
1.793860294935179e-007	-3.667596e-002	0.000000e+000
1.795813419935179e-007	-3.767582e-002	0.000000e+000
1.797766544935179e-007	-3.880721e-002	0.000000e+000
1.799719669935179e-007	-4.007748e-002	0.000000e+000
1.801672794935179e-007	-4.148407e-002	0.000000e+000
1.803625919935179e-007	-4.301473e-002	0.000000e+000
1.805579044935179e-007	-4.464828e-002	0.000000e+000
1.807532169935179e-007	-4.635568e-002	0.000000e+000
1.809442923765288e-007	-4.806462e-002	0.000000e+000
1.811163265244670e-007	-4.960643e-002	0.000000e+000
1.812845205589313e-007	-5.108654e-002	0.000000e+000
1.814588370114986e-007	-5.255903e-002	0.000000e+000
1.816541495114986e-007	-5.410178e-002	0.000000e+000
1.818494620114986e-007	-5.549821e-002	0.000000e+000
1.820447745114987e-007	-5.671648e-002	0.000000e+000
1.822244262412218e-007	-5.764804e-002	0.000000e+000
1.824197387412218e-007	-5.843532e-002	0.000000e+000
1.826150512412218e-007	-5.898433e-002	0.000000e+000
1.828103637412218e-007	-5.928534e-002	0.000000e+000
1.830056762412218e-007	-5.934083e-002	0.000000e+000
1.832009887412218e-007	-5.916031e-002	0.000000e+000
1.833963012412218e-007	-5.875924e-002	0.000000e+000
1.835916137412219e-007	-5.815754e-002	0.000000e+000
1.837869262412219e-007	-5.737795e-002	0.000000e+000
1.839822387412219e-007	-5.644416e-002	0.000000e+000
1.841775512412219e-007	-5.537898e-002	0.000000e+000
1.843728637412219e-007	-5.420246e-002	0.000000e+000
1.845681762412219e-007	-5.293036e-002	0.000000e+000
1.847634887412219e-007	-5.157275e-002	0.000000e+000
1.849588012412219e-007	-5.013305e-002	0.000000e+000
1.851541137412219e-007	-4.860748e-002	0.000000e+000
1.853494262412219e-007	-4.698492e-002	0.000000e+000
1.855447387412219e-007	-4.524731e-002	0.000000e+000
1.857400512412219e-007	-4.337048e-002	0.000000e+000
1.859353637412219e-007	-4.132533e-002	0.000000e+000
1.861306762412219e-007	-3.907952e-002	0.000000e+000
1.863259887412219e-007	-3.659923e-002	0.000000e+000
1.865213012412219e-007	-3.385126e-002	0.000000e+000
1.867166137412219e-007	-3.080511e-002	0.000000e+000
1.869119262412219e-007	-2.743503e-002	0.000000e+000
1.871072387412219e-007	-2.372189e-002	0.000000e+000
1.873025512412219e-007	-1.965483e-002	0.000000e+000
1.874978637412219e-007	-1.523251e-002	0.000000e+000
1.876931762412220e-007	-1.046402e-002	0.000000e+000
1.878884887412220e-007	-5.388505e-003	0.000000e+000
1.880307041022449e-007	-1.502498e-003	0.000000e+000
1.881687872541401e-007	2.422427e-003	0.000000e+000
1.883054618227092e-007	6.433890e-003	0.000000e+000
1.885007743227092e-007	1.232509e-002	0.000000e+000
1.886960868227092e-007	1.833927e-002	0.000000e+000
1.888913993227092e-007	2.442873e-002	0.000000e+000
1.890867118227092e-007	3.052579e-002	0.000000e+000
1.892820243227092e-007	3.656130e-002	0.000000e+000
1.894773368227092e-007	4.246676e-002	0.000000e+000
1.896726493227092e-007	4.817646e-002	0.000000e+000
1.898679618227092e-007	5.362932e-002	0.000000e+000
1.900632743227092e-007	5.877621e-002	0.000000e+000
1.902468650577319e-007	6.330201e-002	0.000000e+000
1.904031393162123e-007	6.689937e-002	0.000000e+000
1.905081487694075e-007	6.916790e-002	0.000000e+000
1.905849457139237e-007	7.073534e-002	0.000000e+000
1.906675591126394e-007	7.233059e-002	0.000000e+000
1.907791710328342e-007	7.435541e-002	0.000000e+000
1.908996650713056e-007	7.638099e-002	0.000000e+000
1.910251493320142e-007	7.830773e-002	0.000000e+000
1.911451579605502e-007	7.996006e-002	0.000000e+000
1.912976026692833e-007	8.178356e-002	0.000000e+000
1.914929151692833e-007	8.373051e-002	0.000000e+000
1.916882276692833e-007	8.525322e-002	0.000000e+000
1.918835401692833e-007	8.634050e-002	0.000000e+000
1.920788526692834e-007	8.700937e-002	0.000000e+000
1.922741651692834e-007	8.727830e-002	0.000000e+000
1.924694776692834e-007	8.717659e-002	0.000000e+000
1.926418448296354e-007	8.677918e-002	0.000000e+000
1.928276176859595e-007	8.603469e-002	0.000000e+000
1.930229301859595e-007	8.493475e-002	0.000000e+000
1.932182426859595e-007	8.352165e-002	0.000000e+000
1.934135551859595e-007	8.180479e-002	0.000000e+000
1.936088676859595e-007	7.979702e-002	0.000000e+000
1.938041801859595e-007	7.751124e-002	0.000000e+000
1.939994926859595e-007	7.496124e-002	0.000000e+000
1.941948051859595e-007	7.216264e-002	0.000000e+000
1.943901176859595e-007	6.913387e-002	0.000000e+000
1.945854301859595e-007	6.589691e-002	0.000000e+000
1.947807426859595e-007	6.247801e-002	0.000000e+000
1.949760551859595e-007	5.890808e-002	0.000000e+000
1.951713676859595e-007	5.522286e-002	0.000000e+000
1.953666801859595e-007	5.146362e-002	0.000000e+000
1.955091069046168e-007	4.869744e-002	0.000000e+000
1.956765004900873e-007	4.545086e-002	0.000000e+000
1.958718129900873e-007	4.171068e-002	0.000000e+000
1.960671254900873e-007	3.806551e-002	0.000000e+000
1.962624379900874e-007	3.456581e-002	0.000000e+000
1.964577504900874e-007	3.125904e-002	0.000000e+000
1.966530629900874e-007	2.818877e-002	0.000000e+000
1.968483754900874e-007	2.539294e-002	0.000000e+000
1.970436879900874e-007	2.290232e-002	0.000000e+000
1.972390004900874e-007	2.073909e-002	0.000000e+000
1.974343129900874e-007	1.891588e-002	0.000000e+000
1.976296254900874e-007	1.743508e-002	0.000000e+000
1.978249379900874e-007	1.628860e-002	0.000000e+000
1.980202504900874e-007	1.545815e-002	0.000000e+000
1.982155629900874e-007	1.491348e-002	0.000000e+000
1.984028542620056e-007	1.463091e-002	0.000000e+000
1.985981667620056e-007	1.454404e-002	0.000000e+000
1.987934792620056e-007	1.461730e-002	0.000000e+000
1.989887917620056e-007	1.480141e-002	0.000000e+000
1.991738035741053e-007	1.503235e-002	0.000000e+000
1.993494241522949e-007	1.526161e-002	0.000000e+000
1.995447366522949e-007	1.548285e-002	0.000000e+000
1.997400491522949e-007	1.562898e-002	0.000000e+000
1.999353616522949e-007	1.568776e-002	0.000000e+000
2.000000000000000e-007	1.568296e-002	0.000000e+000
