time	V(out)	V(n001)
0.000000000000000e+000	0.000000e+000	0.000000e+000
4.571428553162046e-012	-1.972113e-043	6.095238e-004
9.142857106324092e-012	-1.754769e-043	1.219048e-003
1.371428565948614e-011	6.520328e-044	1.828571e-003
1.828571421264818e-011	5.248292e-043	2.438095e-003
2.285714276581023e-011	1.203401e-042	3.047619e-003
2.742857131897227e-011	2.100918e-042	3.657143e-003
3.199999987213431e-011	3.217381e-042	4.266667e-003
6.399999974426862e-011	1.118546e-037	8.533333e-003
1.153329161678702e-010	2.628950e-036	1.537772e-002
1.612475900684617e-010	2.058072e-035	2.149968e-002
2.006791160501047e-010	1.126866e-034	2.675722e-002
2.375008306045179e-010	7.834893e-034	3.166678e-002
2.823768716514658e-010	6.185087e-033	3.765025e-002
3.266751988547150e-010	6.924678e-032	4.355669e-002
3.834424859881547e-010	9.487286e-031	5.112566e-002
4.446670519370527e-010	1.802234e-029	5.928894e-002
5.206508061042916e-010	3.480225e-028	6.942011e-002
6.054351962059249e-010	4.459416e-027	8.072469e-002
6.932959505926627e-010	3.022372e-026	9.243946e-002
7.684259296349895e-010	1.860283e-025	1.024568e-001
8.590920054137961e-010	1.135128e-024	1.145456e-001
9.424619561028454e-010	6.687118e-024	1.256616e-001
1.045303948904643e-009	4.430221e-023	1.393739e-001
1.148951527154555e-009	2.976694e-022	1.531935e-001
1.272286184764790e-009	2.153249e-021	1.696382e-001
1.401767559431062e-009	1.075021e-020	1.869023e-001
1.512598770351396e-009	4.297704e-020	2.016798e-001
1.636197237809740e-009	1.796610e-019	2.181596e-001
1.757587829481478e-009	7.184425e-019	2.343450e-001
1.895930301330450e-009	3.092953e-018	2.527907e-001
2.038767969935748e-009	1.318083e-017	2.718357e-001
2.199235758526999e-009	5.130318e-017	2.932314e-001
2.336744003995341e-009	1.654885e-016	3.115659e-001
2.496744535709370e-009	5.672392e-016	3.328993e-001
2.642405175703323e-009	1.732918e-015	3.523207e-001
2.813534783584763e-009	5.847984e-015	3.751380e-001
2.981884833030020e-009	1.868965e-014	3.975846e-001
3.173826138172714e-009	6.257316e-014	4.231768e-001
3.360638147441910e-009	1.791669e-013	4.480851e-001
3.532010734154307e-009	4.682527e-013	4.709348e-001
3.722180317721239e-009	1.291527e-012	4.962907e-001
3.912689319066311e-009	3.362095e-012	5.216919e-001
4.108001819066311e-009	8.518433e-012	5.477336e-001
4.303314319066310e-009	2.048208e-011	5.737752e-001
4.495124592575125e-009	4.686304e-011	5.993499e-001
4.690437092575125e-009	1.050352e-010	6.253916e-001
4.885749592575125e-009	2.270766e-010	6.514333e-001
5.081062092575124e-009	4.756798e-010	6.774749e-001
5.276374592575124e-009	9.677096e-010	7.035166e-001
5.471687092575124e-009	1.915716e-009	7.295583e-001
5.666999592575124e-009	3.696952e-009	7.555999e-001
5.862312092575124e-009	6.965814e-009	7.816416e-001
6.057624592575123e-009	1.283318e-008	8.076833e-001
6.252937092575123e-009	2.314670e-008	8.337249e-001
6.448249592575123e-009	4.092068e-008	8.597666e-001
6.643562092575123e-009	7.098323e-008	8.858083e-001
6.838874592575122e-009	1.209340e-007	9.118499e-001
7.034187092575122e-009	2.025375e-007	9.378916e-001
7.229499592575122e-009	3.214464e-007	9.639333e-001
7.304687500000000e-009	3.819637e-007	9.739583e-001
7.349624185150244e-009	4.262601e-007	9.799499e-001
7.410126629699510e-009	4.960261e-007	9.880169e-001
7.508987337030048e-009	6.251851e-007	1.000000e+000
7.562911359210342e-009	7.132950e-007	1.000000e+000
7.634810055450733e-009	8.546762e-007	1.000000e+000
7.778607447931515e-009	1.223401e-006	1.000000e+000
7.973919947931515e-009	1.929396e-006	1.000000e+000
8.169232447931515e-009	2.970453e-006	1.000000e+000
8.364544947931515e-009	4.515238e-006	1.000000e+000
8.559857447931514e-009	6.779702e-006	1.000000e+000
8.755169947931514e-009	1.006035e-005	1.000000e+000
8.950482447931514e-009	1.475963e-005	1.000000e+000
9.145794947931514e-009	2.141771e-005	1.000000e+000
9.341107447931514e-009	3.075174e-005	1.000000e+000
9.536419947931513e-009	4.370384e-005	1.000000e+000
9.731732447931513e-009	6.149885e-005	1.000000e+000
9.927044947931513e-009	8.571322e-005	1.000000e+000
1.012235744793151e-008	1.183559e-004	1.000000e+000
1.031766994793151e-008	1.619622e-004	1.000000e+000
1.051298244793151e-008	2.197015e-004	1.000000e+000
1.070829494793151e-008	2.954985e-004	1.000000e+000
1.090360744793151e-008	3.941685e-004	1.000000e+000
1.109891994793151e-008	5.215658e-004	1.000000e+000
1.129423244793151e-008	6.847435e-004	1.000000e+000
1.148954494793151e-008	8.921229e-004	1.000000e+000
1.168485744793151e-008	1.153669e-003	1.000000e+000
1.188016994793151e-008	1.481071e-003	1.000000e+000
1.207548244793151e-008	1.887913e-003	1.000000e+000
1.227079494793151e-008	2.389851e-003	1.000000e+000
1.246610744793151e-008	3.004756e-003	1.000000e+000
1.266141994793151e-008	3.752853e-003	1.000000e+000
1.285673244793151e-008	4.656815e-003	1.000000e+000
1.305204494793151e-008	5.741829e-003	1.000000e+000
1.324735744793151e-008	7.035606e-003	1.000000e+000
1.344266994793151e-008	8.568336e-003	1.000000e+000
1.363798244793151e-008	1.037259e-002	1.000000e+000
1.383329494793151e-008	1.248311e-002	1.000000e+000
1.402860744793151e-008	1.493661e-002	1.000000e+000
1.422391994793151e-008	1.777137e-002	1.000000e+000
1.441923244793151e-008	2.102685e-002	1.000000e+000
1.461454494793151e-008	2.474317e-002	1.000000e+000
1.480985744793151e-008	2.896054e-002	1.000000e+000
1.500516994793151e-008	3.371858e-002	1.000000e+000
1.520048244793151e-008	3.905561e-002	1.000000e+000
1.539579494793151e-008	4.500789e-002	1.000000e+000
1.559110744793151e-008	5.160878e-002	1.000000e+000
1.578641994793151e-008	5.888797e-002	1.000000e+000
1.598173244793151e-008	6.687063e-002	1.000000e+000
1.617704494793152e-008	7.557668e-002	1.000000e+000
1.637235744793152e-008	8.502002e-002	1.000000e+000
1.656766994793152e-008	9.520793e-002	1.000000e+000
1.676298244793152e-008	1.061405e-001	1.000000e+000
1.695829494793152e-008	1.178103e-001	1.000000e+000
1.715360744793152e-008	1.302021e-001	1.000000e+000
1.734891994793153e-008	1.432927e-001	1.000000e+000
1.754423244793153e-008	1.570512e-001	1.000000e+000
1.773954494793153e-008	1.714389e-001	1.000000e+000
1.793485744793153e-008	1.864104e-001	1.000000e+000
1.813016994793153e-008	2.019135e-001	1.000000e+000
1.832548244793153e-008	2.178906e-001	1.000000e+000
1.852079494793153e-008	2.342791e-001	1.000000e+000
1.871610744793154e-008	2.510130e-001	1.000000e+000
1.891141994793154e-008	2.680234e-001	1.000000e+000
1.910673244793154e-008	2.852403e-001	1.000000e+000
1.930204494793154e-008	3.025934e-001	1.000000e+000
1.949735744793154e-008	3.200133e-001	1.000000e+000
1.969266994793154e-008	3.374326e-001	1.000000e+000
1.988798244793154e-008	3.547871e-001	1.000000e+000
2.008329494793155e-008	3.720164e-001	1.000000e+000
2.027860744793155e-008	3.890643e-001	1.000000e+000
2.047391994793155e-008	4.058800e-001	1.000000e+000
2.066923244793155e-008	4.224176e-001	1.000000e+000
2.086454494793155e-008	4.386369e-001	1.000000e+000
2.105985744793155e-008	4.545024e-001	1.000000e+000
2.125516994793155e-008	4.699839e-001	1.000000e+000
2.145048244793156e-008	4.850553e-001	1.000000e+000
2.164579494793156e-008	4.996943e-001	1.000000e+000
2.184110744793156e-008	5.138817e-001	1.000000e+000
2.203641994793156e-008	5.276007e-001	1.000000e+000
2.223173244793156e-008	5.408359e-001	1.000000e+000
2.242704494793156e-008	5.535728e-001	1.000000e+000
2.262235744793156e-008	5.657973e-001	1.000000e+000
2.281766994793157e-008	5.774950e-001	1.000000e+000
2.301298244793157e-008	5.886511e-001	1.000000e+000
2.320829494793157e-008	5.992502e-001	1.000000e+000
2.340360744793157e-008	6.092765e-001	1.000000e+000
2.359891994793157e-008	6.187140e-001	1.000000e+000
2.379423244793157e-008	6.275471e-001	1.000000e+000
2.398954494793157e-008	6.357613e-001	1.000000e+000
2.418485744793158e-008	6.433442e-001	1.000000e+000
2.438016994793158e-008	6.502860e-001	1.000000e+000
2.457548244793158e-008	6.565809e-001	1.000000e+000
2.477079494793158e-008	6.622280e-001	1.000000e+000
2.496610744793158e-008	6.672323e-001	1.000000e+000
2.516141994793158e-008	6.716051e-001	1.000000e+000
2.535673244793158e-008	6.753648e-001	1.000000e+000
2.555204494793159e-008	6.785375e-001	1.000000e+000
2.574735744793159e-008	6.811568e-001	1.000000e+000
2.594266994793159e-008	6.832634e-001	1.000000e+000
2.613798244793159e-008	6.849051e-001	1.000000e+000
2.633329494793159e-008	6.861354e-001	1.000000e+000
2.652860744793159e-008	6.870126e-001	1.000000e+000
2.672391994793159e-008	6.875985e-001	1.000000e+000
2.691923244793160e-008	6.879564e-001	1.000000e+000
2.711454494793160e-008	6.881498e-001	1.000000e+000
2.730985744793160e-008	6.882403e-001	1.000000e+000
2.750516994793160e-008	6.882859e-001	1.000000e+000
2.770048244793160e-008	6.883393e-001	1.000000e+000
2.789579494793160e-008	6.884462e-001	1.000000e+000
2.809110744793160e-008	6.886441e-001	1.000000e+000
2.828641994793161e-008	6.889615e-001	1.000000e+000
2.848173244793161e-008	6.894170e-001	1.000000e+000
2.867704494793161e-008	6.900192e-001	1.000000e+000
2.887235744793161e-008	6.907669e-001	1.000000e+000
2.906766994793161e-008	6.916494e-001	1.000000e+000
2.926298244793161e-008	6.926482e-001	1.000000e+000
2.945829494793161e-008	6.937372e-001	1.000000e+000
2.965360744793162e-008	6.948854e-001	1.000000e+000
2.984891994793161e-008	6.960581e-001	1.000000e+000
3.004423244793161e-008	6.972186e-001	1.000000e+000
3.023954494793161e-008	6.983308e-001	1.000000e+000
3.043485744793161e-008	6.993605e-001	1.000000e+000
3.063016994793161e-008	7.002776e-001	1.000000e+000
3.082548244793160e-008	7.010571e-001	1.000000e+000
3.102079494793160e-008	7.016807e-001	1.000000e+000
3.121610744793160e-008	7.021371e-001	1.000000e+000
3.141141994793160e-008	7.024233e-001	1.000000e+000
3.160673244793160e-008	7.025437e-001	1.000000e+000
3.180204494793160e-008	7.025102e-001	1.000000e+000
3.199735744793159e-008	7.023413e-001	1.000000e+000
3.219266994793159e-008	7.020611e-001	1.000000e+000
3.238798244793159e-008	7.016979e-001	1.000000e+000
3.258329494793159e-008	7.012827e-001	1.000000e+000
3.277860744793159e-008	7.008471e-001	1.000000e+000
3.297391994793158e-008	7.004223e-001	1.000000e+000
3.316923244793158e-008	7.000373e-001	1.000000e+000
3.336454494793158e-008	6.997170e-001	1.000000e+000
3.355985744793158e-008	6.994818e-001	1.000000e+000
3.375516994793158e-008	6.993458e-001	1.000000e+000
3.395048244793157e-008	6.993171e-001	1.000000e+000
3.414579494793157e-008	6.993970e-001	1.000000e+000
3.434110744793157e-008	6.995804e-001	1.000000e+000
3.453641994793157e-008	6.998563e-001	1.000000e+000
3.473173244793157e-008	7.002088e-001	1.000000e+000
3.492704494793157e-008	7.006179e-001	1.000000e+000
3.512235744793156e-008	7.010608e-001	1.000000e+000
3.531766994793156e-008	7.015136e-001	1.000000e+000
3.551298244793156e-008	7.019525e-001	1.000000e+000
3.570829494793156e-008	7.023553e-001	1.000000e+000
3.590360744793156e-008	7.027026e-001	1.000000e+000
3.609891994793155e-008	7.029790e-001	1.000000e+000
3.629423244793155e-008	7.031736e-001	1.000000e+000
3.648954494793155e-008	7.032809e-001	1.000000e+000
3.668485744793155e-008	7.033008e-001	1.000000e+000
3.688016994793155e-008	7.032388e-001	1.000000e+000
3.707548244793154e-008	7.031050e-001	1.000000e+000
3.727079494793154e-008	7.029138e-001	1.000000e+000
3.746610744793154e-008	7.026831e-001	1.000000e+000
3.766141994793154e-008	7.024329e-001	1.000000e+000
3.785673244793154e-008	7.021843e-001	1.000000e+000
3.805204494793154e-008	7.019583e-001	1.000000e+000
3.824735744793153e-008	7.017745e-001	1.000000e+000
3.844266994793153e-008	7.016504e-001	1.000000e+000
3.863798244793153e-008	7.016002e-001	1.000000e+000
3.883329494793153e-008	7.016342e-001	1.000000e+000
3.902860744793153e-008	7.017589e-001	1.000000e+000
3.922391994793152e-008	7.019760e-001	1.000000e+000
3.941923244793152e-008	7.022837e-001	1.000000e+000
3.961454494793152e-008	7.026762e-001	1.000000e+000
3.980985744793152e-008	7.031449e-001	1.000000e+000
4.000516994793152e-008	7.036792e-001	1.000000e+000
4.020048244793151e-008	7.042671e-001	1.000000e+000
4.039579494793151e-008	7.048970e-001	1.000000e+000
4.059110744793151e-008	7.055576e-001	1.000000e+000
4.078641994793151e-008	7.062400e-001	1.000000e+000
4.098173244793151e-008	7.069377e-001	1.000000e+000
4.117704494793151e-008	7.076478e-001	1.000000e+000
4.137235744793150e-008	7.083710e-001	1.000000e+000
4.156766994793150e-008	7.091122e-001	1.000000e+000
4.176298244793150e-008	7.098799e-001	1.000000e+000
4.195829494793150e-008	7.106864e-001	1.000000e+000
4.215360744793150e-008	7.115471e-001	1.000000e+000
4.234891994793149e-008	7.124798e-001	1.000000e+000
4.254423244793149e-008	7.135036e-001	1.000000e+000
4.273954494793149e-008	7.146384e-001	1.000000e+000
4.293485744793149e-008	7.159036e-001	1.000000e+000
4.313016994793149e-008	7.173171e-001	1.000000e+000
4.332548244793148e-008	7.188948e-001	1.000000e+000
4.352079494793148e-008	7.206495e-001	1.000000e+000
4.371610744793148e-008	7.225903e-001	1.000000e+000
4.391141994793148e-008	7.247224e-001	1.000000e+000
4.410673244793148e-008	7.270471e-001	1.000000e+000
4.430204494793148e-008	7.295611e-001	1.000000e+000
4.449735744793147e-008	7.322576e-001	1.000000e+000
4.469266994793147e-008	7.351260e-001	1.000000e+000
4.488798244793147e-008	7.381530e-001	1.000000e+000
4.508329494793147e-008	7.413225e-001	1.000000e+000
4.527860744793147e-008	7.446170e-001	1.000000e+000
4.547391994793146e-008	7.480179e-001	1.000000e+000
4.566923244793146e-008	7.515061e-001	1.000000e+000
4.586454494793146e-008	7.550625e-001	1.000000e+000
4.605985744793146e-008	7.586688e-001	1.000000e+000
4.625516994793146e-008	7.623072e-001	1.000000e+000
4.645048244793145e-008	7.659609e-001	1.000000e+000
4.664579494793145e-008	7.696142e-001	1.000000e+000
4.684110744793145e-008	7.732517e-001	1.000000e+000
4.703641994793145e-008	7.768587e-001	1.000000e+000
4.723173244793145e-008	7.804204e-001	1.000000e+000
4.742704494793145e-008	7.839218e-001	1.000000e+000
4.762235744793144e-008	7.873468e-001	1.000000e+000
4.781766994793144e-008	7.906783e-001	1.000000e+000
4.801298244793144e-008	7.938974e-001	1.000000e+000
4.820829494793144e-008	7.969837e-001	1.000000e+000
4.840360744793144e-008	7.999147e-001	1.000000e+000
4.859891994793143e-008	8.026662e-001	1.000000e+000
4.879423244793143e-008	8.052128e-001	1.000000e+000
4.898954494793143e-008	8.075275e-001	1.000000e+000
4.918485744793143e-008	8.095832e-001	1.000000e+000
4.938016994793143e-008	8.113528e-001	1.000000e+000
4.957548244793142e-008	8.128104e-001	1.000000e+000
4.977079494793142e-008	8.139317e-001	1.000000e+000
4.996610744793142e-008	8.146952e-001	1.000000e+000
5.016141994793142e-008	8.150829e-001	1.000000e+000
5.035673244793142e-008	8.150813e-001	1.000000e+000
5.055204494793142e-008	8.146814e-001	1.000000e+000
5.074735744793141e-008	8.138799e-001	1.000000e+000
5.094266994793141e-008	8.126788e-001	1.000000e+000
5.113798244793141e-008	8.110861e-001	1.000000e+000
5.133329494793141e-008	8.091151e-001	1.000000e+000
5.152860744793141e-008	8.067845e-001	1.000000e+000
5.172391994793140e-008	8.041176e-001	1.000000e+000
5.191923244793140e-008	8.011419e-001	1.000000e+000
5.211454494793140e-008	7.978883e-001	1.000000e+000
5.230985744793140e-008	7.943897e-001	1.000000e+000
5.250516994793140e-008	7.906811e-001	1.000000e+000
5.270048244793140e-008	7.867976e-001	1.000000e+000
5.289579494793139e-008	7.827747e-001	1.000000e+000
5.309110744793139e-008	7.786462e-001	1.000000e+000
5.328641994793139e-008	7.744449e-001	1.000000e+000
5.348173244793139e-008	7.702012e-001	1.000000e+000
5.367704494793139e-008	7.659429e-001	1.000000e+000
5.387235744793138e-008	7.616953e-001	1.000000e+000
5.406766994793138e-008	7.574807e-001	1.000000e+000
5.426298244793138e-008	7.533187e-001	1.000000e+000
5.445829494793138e-008	7.492261e-001	1.000000e+000
5.465360744793138e-008	7.452178e-001	1.000000e+000
5.484891994793137e-008	7.413062e-001	1.000000e+000
5.504423244793137e-008	7.375025e-001	1.000000e+000
5.523954494793137e-008	7.338160e-001	1.000000e+000
5.543485744793137e-008	7.302553e-001	1.000000e+000
5.563016994793137e-008	7.268282e-001	1.000000e+000
5.582548244793137e-008	7.235419e-001	1.000000e+000
5.602079494793136e-008	7.204030e-001	1.000000e+000
5.621610744793136e-008	7.174180e-001	1.000000e+000
5.641141994793136e-008	7.145928e-001	1.000000e+000
5.660673244793136e-008	7.119327e-001	1.000000e+000
5.680204494793136e-008	7.094424e-001	1.000000e+000
5.699735744793135e-008	7.071260e-001	1.000000e+000
5.719266994793135e-008	7.049863e-001	1.000000e+000
5.738798244793135e-008	7.030250e-001	1.000000e+000
5.758329494793135e-008	7.012424e-001	1.000000e+000
5.777860744793135e-008	6.996374e-001	1.000000e+000
5.797391994793134e-008	6.982071e-001	1.000000e+000
5.816923244793134e-008	6.969473e-001	1.000000e+000
5.836454494793134e-008	6.958522e-001	1.000000e+000
5.855985744793134e-008	6.949142e-001	1.000000e+000
5.875516994793134e-008	6.941249e-001	1.000000e+000
5.895048244793134e-008	6.934747e-001	1.000000e+000
5.914579494793133e-008	6.929527e-001	1.000000e+000
5.934110744793133e-008	6.925478e-001	1.000000e+000
5.953641994793133e-008	6.922482e-001	1.000000e+000
5.973173244793133e-008	6.920421e-001	1.000000e+000
5.992704494793133e-008	6.919173e-001	1.000000e+000
6.012235744793134e-008	6.918620e-001	1.000000e+000
6.031766994793134e-008	6.918646e-001	1.000000e+000
6.051298244793135e-008	6.919133e-001	1.000000e+000
6.070829494793135e-008	6.919973e-001	1.000000e+000
6.090360744793136e-008	6.921055e-001	1.000000e+000
6.109891994793136e-008	6.922274e-001	1.000000e+000
6.129423244793137e-008	6.923529e-001	1.000000e+000
6.148954494793137e-008	6.924719e-001	1.000000e+000
6.168485744793138e-008	6.925747e-001	1.000000e+000
6.188016994793138e-008	6.926522e-001	1.000000e+000
6.207548244793138e-008	6.926956e-001	1.000000e+000
6.227079494793139e-008	6.926969e-001	1.000000e+000
6.246610744793139e-008	6.926488e-001	1.000000e+000
6.266141994793140e-008	6.925452e-001	1.000000e+000
6.285673244793140e-008	6.923816e-001	1.000000e+000
6.305204494793141e-008	6.921547e-001	1.000000e+000
6.324735744793141e-008	6.918635e-001	1.000000e+000
6.344266994793142e-008	6.915090e-001	1.000000e+000
6.363798244793142e-008	6.910948e-001	1.000000e+000
6.383329494793143e-008	6.906265e-001	1.000000e+000
6.402860744793143e-008	6.901126e-001	1.000000e+000
6.422391994793144e-008	6.895639e-001	1.000000e+000
6.441923244793144e-008	6.889932e-001	1.000000e+000
6.461454494793145e-008	6.884154e-001	1.000000e+000
6.480985744793145e-008	6.878465e-001	1.000000e+000
6.500516994793146e-008	6.873035e-001	1.000000e+000
6.520048244793146e-008	6.868036e-001	1.000000e+000
6.539579494793147e-008	6.863632e-001	1.000000e+000
6.559110744793147e-008	6.859978e-001	1.000000e+000
6.578641994793147e-008	6.857206e-001	1.000000e+000
6.598173244793148e-008	6.855425e-001	1.000000e+000
6.617704494793148e-008	6.854709e-001	1.000000e+000
6.637235744793149e-008	6.855097e-001	1.000000e+000
6.656766994793149e-008	6.856588e-001	1.000000e+000
6.676298244793150e-008	6.859140e-001	1.000000e+000
6.695829494793150e-008	6.862671e-001	1.000000e+000
6.715360744793151e-008	6.867060e-001	1.000000e+000
6.734891994793151e-008	6.872155e-001	1.000000e+000
6.754423244793152e-008	6.877776e-001	1.000000e+000
6.773954494793152e-008	6.883724e-001	1.000000e+000
6.793485744793153e-008	6.889790e-001	1.000000e+000
6.813016994793153e-008	6.895763e-001	1.000000e+000
6.832548244793154e-008	6.901443e-001	1.000000e+000
6.852079494793154e-008	6.906646e-001	1.000000e+000
6.871610744793155e-008	6.911219e-001	1.000000e+000
6.891141994793155e-008	6.915042e-001	1.000000e+000
6.910673244793156e-008	6.918036e-001	1.000000e+000
6.930204494793156e-008	6.920168e-001	1.000000e+000
6.949735744793157e-008	6.921453e-001	1.000000e+000
6.969266994793157e-008	6.921953e-001	1.000000e+000
6.988798244793157e-008	6.921775e-001	1.000000e+000
7.008329494793158e-008	6.921066e-001	1.000000e+000
7.027860744793158e-008	6.920006e-001	1.000000e+000
7.047391994793159e-008	6.918799e-001	1.000000e+000
7.066923244793159e-008	6.917667e-001	1.000000e+000
7.086454494793160e-008	6.916835e-001	1.000000e+000
7.105985744793160e-008	6.916522e-001	1.000000e+000
7.125516994793161e-008	6.916934e-001	1.000000e+000
7.145048244793161e-008	6.918248e-001	1.000000e+000
7.164579494793162e-008	6.920610e-001	1.000000e+000
7.184110744793162e-008	6.924123e-001	1.000000e+000
7.203641994793163e-008	6.928846e-001	1.000000e+000
7.223173244793163e-008	6.934787e-001	1.000000e+000
7.242704494793164e-008	6.941908e-001	1.000000e+000
7.262235744793164e-008	6.950123e-001	1.000000e+000
7.281766994793165e-008	6.959301e-001	1.000000e+000
7.301298244793165e-008	6.969275e-001	1.000000e+000
7.320829494793166e-008	6.979848e-001	1.000000e+000
7.340360744793166e-008	6.990797e-001	1.000000e+000
7.359891994793166e-008	7.001891e-001	1.000000e+000
7.379423244793167e-008	7.012894e-001	1.000000e+000
7.398954494793167e-008	7.023576e-001	1.000000e+000
7.418485744793168e-008	7.033721e-001	1.000000e+000
7.438016994793168e-008	7.043136e-001	1.000000e+000
7.457548244793169e-008	7.051659e-001	1.000000e+000
7.477079494793169e-008	7.059158e-001	1.000000e+000
7.496610744793170e-008	7.065541e-001	1.000000e+000
7.516141994793170e-008	7.070751e-001	1.000000e+000
7.535673244793171e-008	7.074770e-001	1.000000e+000
7.555204494793171e-008	7.077613e-001	1.000000e+000
7.574735744793172e-008	7.079325e-001	1.000000e+000
7.594266994793172e-008	7.079977e-001	1.000000e+000
7.613798244793173e-008	7.079656e-001	1.000000e+000
7.633329494793173e-008	7.078461e-001	1.000000e+000
7.652860744793174e-008	7.076494e-001	1.000000e+000
7.672391994793174e-008	7.073852e-001	1.000000e+000
7.691923244793175e-008	7.070625e-001	1.000000e+000
7.711454494793175e-008	7.066884e-001	1.000000e+000
7.730985744793175e-008	7.062677e-001	1.000000e+000
7.750516994793176e-008	7.058032e-001	1.000000e+000
7.770048244793176e-008	7.052945e-001	1.000000e+000
7.789579494793177e-008	7.047389e-001	1.000000e+000
7.809110744793177e-008	7.041311e-001	1.000000e+000
7.828641994793178e-008	7.034633e-001	1.000000e+000
7.848173244793178e-008	7.027263e-001	1.000000e+000
7.867704494793179e-008	7.019092e-001	1.000000e+000
7.887235744793179e-008	7.010008e-001	1.000000e+000
7.906766994793180e-008	6.999897e-001	1.000000e+000
7.926298244793180e-008	6.988655e-001	1.000000e+000
7.945829494793181e-008	6.976193e-001	1.000000e+000
7.965360744793181e-008	6.962445e-001	1.000000e+000
7.984891994793182e-008	6.947372e-001	1.000000e+000
8.004423244793182e-008	6.930970e-001	1.000000e+000
8.023954494793183e-008	6.913272e-001	1.000000e+000
8.043485744793183e-008	6.894350e-001	1.000000e+000
8.063016994793184e-008	6.874319e-001	1.000000e+000
8.082548244793184e-008	6.853333e-001	1.000000e+000
8.102079494793185e-008	6.831580e-001	1.000000e+000
8.121610744793185e-008	6.809286e-001	1.000000e+000
8.141141994793185e-008	6.786702e-001	1.000000e+000
8.160673244793186e-008	6.764101e-001	1.000000e+000
8.180204494793186e-008	6.741768e-001	1.000000e+000
8.199735744793187e-008	6.719992e-001	1.000000e+000
8.219266994793187e-008	6.699060e-001	1.000000e+000
8.238798244793188e-008	6.679245e-001	1.000000e+000
8.258329494793188e-008	6.660800e-001	1.000000e+000
8.277860744793189e-008	6.643950e-001	1.000000e+000
8.297391994793189e-008	6.628883e-001	1.000000e+000
8.316923244793190e-008	6.615751e-001	1.000000e+000
8.336454494793190e-008	6.604660e-001	1.000000e+000
8.355985744793191e-008	6.595669e-001	1.000000e+000
8.375516994793191e-008	6.588796e-001	1.000000e+000
8.395048244793192e-008	6.584013e-001	1.000000e+000
8.414579494793192e-008	6.581250e-001	1.000000e+000
8.434110744793193e-008	6.580402e-001	1.000000e+000
8.453641994793193e-008	6.581331e-001	1.000000e+000
8.473173244793194e-008	6.583881e-001	1.000000e+000
8.492704494793194e-008	6.587874e-001	1.000000e+000
8.512235744793194e-008	6.593126e-001	1.000000e+000
8.531766994793195e-008	6.599450e-001	1.000000e+000
8.551298244793195e-008	6.606666e-001	1.000000e+000
8.570829494793196e-008	6.614604e-001	1.000000e+000
8.590360744793196e-008	6.623114e-001	1.000000e+000
8.609891994793197e-008	6.632064e-001	1.000000e+000
8.629423244793197e-008	6.641345e-001	1.000000e+000
8.648954494793198e-008	6.650875e-001	1.000000e+000
8.668485744793198e-008	6.660590e-001	1.000000e+000
8.688016994793199e-008	6.670451e-001	1.000000e+000
8.707548244793199e-008	6.680436e-001	1.000000e+000
8.727079494793200e-008	6.690537e-001	1.000000e+000
8.746610744793200e-008	6.700751e-001	1.000000e+000
8.766141994793201e-008	6.711082e-001	1.000000e+000
8.785673244793201e-008	6.721530e-001	1.000000e+000
8.805204494793202e-008	6.732088e-001	1.000000e+000
8.824735744793202e-008	6.742737e-001	1.000000e+000
8.844266994793203e-008	6.753444e-001	1.000000e+000
8.863798244793203e-008	6.764159e-001	1.000000e+000
8.883329494793204e-008	6.774813e-001	1.000000e+000
8.902860744793204e-008	6.785322e-001	1.000000e+000
8.922391994793204e-008	6.795585e-001	1.000000e+000
8.941923244793205e-008	6.805491e-001	1.000000e+000
8.961454494793205e-008	6.814921e-001	1.000000e+000
8.980985744793206e-008	6.823757e-001	1.000000e+000
9.000516994793206e-008	6.831883e-001	1.000000e+000
9.020048244793207e-008	6.839193e-001	1.000000e+000
9.039579494793207e-008	6.845599e-001	1.000000e+000
9.059110744793208e-008	6.851037e-001	1.000000e+000
9.078641994793208e-008	6.855463e-001	1.000000e+000
9.098173244793209e-008	6.858867e-001	1.000000e+000
9.117704494793209e-008	6.861269e-001	1.000000e+000
9.137235744793210e-008	6.862719e-001	1.000000e+000
9.156766994793210e-008	6.863298e-001	1.000000e+000
9.176298244793211e-008	6.863114e-001	1.000000e+000
9.195829494793211e-008	6.862293e-001	1.000000e+000
9.215360744793212e-008	6.860982e-001	1.000000e+000
9.234891994793212e-008	6.859334e-001	1.000000e+000
9.254423244793213e-008	6.857508e-001	1.000000e+000
9.273954494793213e-008	6.855654e-001	1.000000e+000
9.293485744793213e-008	6.853914e-001	1.000000e+000
9.313016994793214e-008	6.852409e-001	1.000000e+000
9.332548244793214e-008	6.851237e-001	1.000000e+000
9.352079494793215e-008	6.850471e-001	1.000000e+000
9.371610744793215e-008	6.850152e-001	1.000000e+000
9.391141994793216e-008	6.850293e-001	1.000000e+000
9.410673244793216e-008	6.850876e-001	1.000000e+000
9.430204494793217e-008	6.851857e-001	1.000000e+000
9.449735744793217e-008	6.853172e-001	1.000000e+000
9.469266994793218e-008	6.854740e-001	1.000000e+000
9.488798244793218e-008	6.856470e-001	1.000000e+000
9.508329494793219e-008	6.858268e-001	1.000000e+000
9.527860744793219e-008	6.860044e-001	1.000000e+000
9.547391994793220e-008	6.861717e-001	1.000000e+000
9.566923244793220e-008	6.863224e-001	1.000000e+000
9.586454494793221e-008	6.864521e-001	1.000000e+000
9.605985744793221e-008	6.865589e-001	1.000000e+000
9.625516994793222e-008	6.866432e-001	1.000000e+000
9.645048244793222e-008	6.867080e-001	1.000000e+000
9.664579494793222e-008	6.867585e-001	1.000000e+000
9.684110744793223e-008	6.868018e-001	1.000000e+000
9.703641994793223e-008	6.868464e-001	1.000000e+000
9.723173244793224e-008	6.869013e-001	1.000000e+000
9.742704494793224e-008	6.869761e-001	1.000000e+000
9.762235744793225e-008	6.870792e-001	1.000000e+000
9.781766994793225e-008	6.872182e-001	1.000000e+000
9.801298244793226e-008	6.873986e-001	1.000000e+000
9.820829494793226e-008	6.876235e-001	1.000000e+000
9.840360744793227e-008	6.878933e-001	1.000000e+000
9.859891994793227e-008	6.882054e-001	1.000000e+000
9.879423244793228e-008	6.885543e-001	1.000000e+000
9.898954494793228e-008	6.889318e-001	1.000000e+000
9.918485744793229e-008	6.893270e-001	1.000000e+000
9.938016994793229e-008	6.897276e-001	1.000000e+000
9.957548244793230e-008	6.901197e-001	1.000000e+000
9.977079494793230e-008	6.904891e-001	1.000000e+000
9.996610744793231e-008	6.908218e-001	1.000000e+000
1.001614199479323e-007	6.911051e-001	1.000000e+000
1.003567324479323e-007	6.913282e-001	1.000000e+000
1.005520449479323e-007	6.914827e-001	1.000000e+000
1.007473574479323e-007	6.915634e-001	1.000000e+000
1.009426699479323e-007	6.915688e-001	1.000000e+000
1.011379824479323e-007	6.915007e-001	1.000000e+000
1.013332949479323e-007	6.913646e-001	1.000000e+000
1.015286074479323e-007	6.911697e-001	1.000000e+000
1.017239199479324e-007	6.909278e-001	1.000000e+000
1.019192324479324e-007	6.906531e-001	1.000000e+000
1.021145449479324e-007	6.903615e-001	1.000000e+000
1.023098574479324e-007	6.900696e-001	1.000000e+000
1.025051699479324e-007	6.897937e-001	1.000000e+000
1.027004824479324e-007	6.895491e-001	1.000000e+000
1.028957949479324e-007	6.893492e-001	1.000000e+000
1.030911074479324e-007	6.892045e-001	1.000000e+000
1.032864199479324e-007	6.891224e-001	1.000000e+000
1.034817324479324e-007	6.891062e-001	1.000000e+000
1.036770449479324e-007	6.891555e-001	1.000000e+000
1.038723574479324e-007	6.892654e-001	1.000000e+000
1.040676699479324e-007	6.894274e-001	1.000000e+000
1.042629824479324e-007	6.896293e-001	1.000000e+000
1.044582949479324e-007	6.898561e-001	1.000000e+000
1.046536074479324e-007	6.900902e-001	1.000000e+000
1.048489199479324e-007	6.903130e-001	1.000000e+000
1.050442324479324e-007	6.905054e-001	1.000000e+000
1.052395449479324e-007	6.906485e-001	1.000000e+000
1.054348574479324e-007	6.907248e-001	1.000000e+000
1.056301699479324e-007	6.907193e-001	1.000000e+000
1.058254824479325e-007	6.906195e-001	1.000000e+000
1.060207949479325e-007	6.904166e-001	1.000000e+000
1.062161074479325e-007	6.901056e-001	1.000000e+000
1.064114199479325e-007	6.896854e-001	1.000000e+000
1.066067324479325e-007	6.891592e-001	1.000000e+000
1.068020449479325e-007	6.885337e-001	1.000000e+000
1.069973574479325e-007	6.878195e-001	1.000000e+000
1.071926699479325e-007	6.870357e-001	1.000000e+000
1.073046875000000e-007	6.865541e-001	1.000000e+000
1.075000000000000e-007	6.856802e-001	1.000000e+000
1.075195312500000e-007	6.855896e-001	9.973958e-001
1.075585937500000e-007	6.854077e-001	9.921875e-001
1.076367187500000e-007	6.850410e-001	9.817708e-001
1.077929687500000e-007	6.843023e-001	9.609375e-001
1.079882812500000e-007	6.833793e-001	9.348958e-001
1.081835937500000e-007	6.824696e-001	9.088542e-001
1.083789062500000e-007	6.815888e-001	8.828125e-001
1.085742187500000e-007	6.807511e-001	8.567708e-001
1.087695312500000e-007	6.799688e-001	8.307292e-001
1.089648437500000e-007	6.792516e-001	8.046875e-001
1.091601562500000e-007	6.786063e-001	7.786458e-001
1.093554687500000e-007	6.780376e-001	7.526042e-001
1.095507812500000e-007	6.775475e-001	7.265625e-001
1.097460937500000e-007	6.771357e-001	7.005208e-001
1.099414062500001e-007	6.768002e-001	6.744792e-001
1.101367187500001e-007	6.765376e-001	6.484375e-001
1.103320312500001e-007	6.763436e-001	6.223958e-001
1.105273437500001e-007	6.762129e-001	5.963542e-001
1.107226562500001e-007	6.761405e-001	5.703125e-001
1.109179687500001e-007	6.761214e-001	5.442708e-001
1.111132812500001e-007	6.761512e-001	5.182292e-001
1.113085937500001e-007	6.762260e-001	4.921875e-001
1.115039062500001e-007	6.763432e-001	4.661458e-001
1.116992187500001e-007	6.765007e-001	4.401042e-001
1.118945312500001e-007	6.766976e-001	4.140625e-001
1.120898437500001e-007	6.769336e-001	3.880208e-001
1.122851562500001e-007	6.772093e-001	3.619792e-001
1.124804687500001e-007	6.775254e-001	3.359375e-001
1.126757812500001e-007	6.778833e-001	3.098958e-001
1.128710937500001e-007	6.782842e-001	2.838542e-001
1.130664062500001e-007	6.787289e-001	2.578125e-001
1.132617187500001e-007	6.792183e-001	2.317708e-001
1.134570312500001e-007	6.797524e-001	2.057292e-001
1.136523437500001e-007	6.803308e-001	1.796875e-001
1.138476562500001e-007	6.809520e-001	1.536458e-001
1.140429687500002e-007	6.816142e-001	1.276042e-001
1.142382812500002e-007	6.823144e-001	1.015625e-001
1.144335937500002e-007	6.830493e-001	7.552084e-002
1.146289062500002e-007	6.838142e-001	4.947917e-002
1.148046875000000e-007	6.845254e-001	2.604167e-002
1.150000000000000e-007	6.853321e-001	0.000000e+000
1.150585937500000e-007	6.855793e-001	0.000000e+000
1.151367187500000e-007	6.859109e-001	0.000000e+000
1.152767346179724e-007	6.865088e-001	0.000000e+000
1.154720471179724e-007	6.873466e-001	0.000000e+000
1.156673596179724e-007	6.881843e-001	0.000000e+000
1.158626721179724e-007	6.890159e-001	0.000000e+000
1.160579846179724e-007	6.898341e-001	0.000000e+000
1.162532971179724e-007	6.906317e-001	0.000000e+000
1.164486096179724e-007	6.914012e-001	0.000000e+000
1.166439221179724e-007	6.921344e-001	0.000000e+000
1.168392346179724e-007	6.928231e-001	0.000000e+000
1.170345471179724e-007	6.934585e-001	0.000000e+000
1.172298596179724e-007	6.940317e-001	0.000000e+000
1.174251721179724e-007	6.945342e-001	0.000000e+000
1.176133469847377e-007	6.949463e-001	0.000000e+000
1.177660018007190e-007	6.952206e-001	0.000000e+000
1.179094130480188e-007	6.954215e-001	0.000000e+000
1.180527147991551e-007	6.955625e-001	0.000000e+000
1.182228627227530e-007	6.956487e-001	0.000000e+000
1.184181752227530e-007	6.956401e-001	0.000000e+000
1.186134877227530e-007	6.955093e-001	0.000000e+000
1.188088002227530e-007	6.952449e-001	0.000000e+000
1.190041127227530e-007	6.948403e-001	0.000000e+000
1.191994252227530e-007	6.942893e-001	0.000000e+000
1.193947377227530e-007	6.935864e-001	0.000000e+000
1.195900502227530e-007	6.927263e-001	0.000000e+000
1.197853627227530e-007	6.917037e-001	0.000000e+000
1.199806752227530e-007	6.905131e-001	0.000000e+000
1.201759877227530e-007	6.891484e-001	0.000000e+000
1.203713002227530e-007	6.876020e-001	0.000000e+000
1.205666127227530e-007	6.858644e-001	0.000000e+000
1.207619252227530e-007	6.839241e-001	0.000000e+000
1.209572377227530e-007	6.817663e-001	0.000000e+000
1.211525502227530e-007	6.793729e-001	0.000000e+000
1.213478627227530e-007	6.767219e-001	0.000000e+000
1.215431752227530e-007	6.737876e-001	0.000000e+000
1.217384877227530e-007	6.705398e-001	0.000000e+000
1.219338002227530e-007	6.669443e-001	0.000000e+000
1.221291127227531e-007	6.629632e-001	0.000000e+000
1.223244252227531e-007	6.585554e-001	0.000000e+000
1.225197377227531e-007	6.536773e-001	0.000000e+000
1.227150502227531e-007	6.482838e-001	0.000000e+000
1.229103627227531e-007	6.423295e-001	0.000000e+000
1.231056752227531e-007	6.357697e-001	0.000000e+000
1.233009877227531e-007	6.285623e-001	0.000000e+000
1.234963002227531e-007	6.206691e-001	0.000000e+000
1.236916127227531e-007	6.120569e-001	0.000000e+000
1.238869252227531e-007	6.026996e-001	0.000000e+000
1.240822377227531e-007	5.925788e-001	0.000000e+000
1.242775502227531e-007	5.816854e-001	0.000000e+000
1.244728627227531e-007	5.700202e-001	0.000000e+000
1.246681752227531e-007	5.575948e-001	0.000000e+000
1.248634877227531e-007	5.444313e-001	0.000000e+000
1.250588002227531e-007	5.305629e-001	0.000000e+000
1.252541127227531e-007	5.160329e-001	0.000000e+000
1.254494252227531e-007	5.008943e-001	0.000000e+000
1.256447377227531e-007	4.852123e-001	0.000000e+000
1.258333991666619e-007	4.696140e-001	0.000000e+000
1.260090432386507e-007	4.547438e-001	0.000000e+000
1.261824726383024e-007	4.397805e-001	0.000000e+000
1.263777851383024e-007	4.226825e-001	0.000000e+000
1.265730976383024e-007	4.054061e-001	0.000000e+000
1.267684101383024e-007	3.880214e-001	0.000000e+000
1.269637226383024e-007	3.706040e-001	0.000000e+000
1.271590351383024e-007	3.532251e-001	0.000000e+000
1.273543476383024e-007	3.359499e-001	0.000000e+000
1.275496601383024e-007	3.188370e-001	0.000000e+000
1.277449726383024e-007	3.019376e-001	0.000000e+000
1.279402851383025e-007	2.852956e-001	0.000000e+000
1.281355976383025e-007	2.689472e-001	0.000000e+000
1.283309101383025e-007	2.529216e-001	0.000000e+000
1.285262226383025e-007	2.372417e-001	0.000000e+000
1.287215351383025e-007	2.219255e-001	0.000000e+000
1.289168476383025e-007	2.069865e-001	0.000000e+000
1.291121601383025e-007	1.924357e-001	0.000000e+000
1.293074726383025e-007	1.782826e-001	0.000000e+000
1.295027851383025e-007	1.645369e-001	0.000000e+000
1.296980976383025e-007	1.512089e-001	0.000000e+000
1.298934101383025e-007	1.383116e-001	0.000000e+000
1.300887226383025e-007	1.258603e-001	0.000000e+000
1.302840351383025e-007	1.138738e-001	0.000000e+000
1.304793476383025e-007	1.023743e-001	0.000000e+000
1.306746601383025e-007	9.138684e-002	0.000000e+000
1.308699726383025e-007	8.093906e-002	0.000000e+000
1.310652851383025e-007	7.106009e-002	0.000000e+000
1.312605976383025e-007	6.177939e-002	0.000000e+000
1.314559101383025e-007	5.312532e-002	0.000000e+000
1.316512226383025e-007	4.512361e-002	0.000000e+000
1.318465351383025e-007	3.779572e-002	0.000000e+000
1.320418476383026e-007	3.115731e-002	0.000000e+000
1.322371601383026e-007	2.521674e-002	0.000000e+000
1.324324726383026e-007	1.997387e-002	0.000000e+000
1.326277851383026e-007	1.541911e-002	0.000000e+000
1.328230976383026e-007	1.153279e-002	0.000000e+000
1.330184101383026e-007	8.284955e-003	0.000000e+000
1.332137226383026e-007	5.635630e-003	0.000000e+000
1.334090351383026e-007	3.535432e-003	0.000000e+000
1.336043476383026e-007	1.926672e-003	0.000000e+000
1.337996601383026e-007	7.448077e-004	0.000000e+000
1.339949726383026e-007	-9.160346e-005	0.000000e+000
1.341539781917024e-007	-5.529198e-004	0.000000e+000
1.343220772977659e-007	-8.643228e-004	0.000000e+000
1.345144143798739e-007	-1.082077e-003	0.000000e+000
1.347097268798739e-007	-1.217073e-003	0.000000e+000
1.349050393798739e-007	-1.323520e-003	0.000000e+000
1.351003518798739e-007	-1.458402e-003	0.000000e+000
1.352956643798739e-007	-1.670370e-003	0.000000e+000
1.354909768798739e-007	-1.997937e-003	0.000000e+000
1.356862893798739e-007	-2.468572e-003	0.000000e+000
1.358816018798739e-007	-3.098262e-003	0.000000e+000
1.360769143798739e-007	-3.891564e-003	0.000000e+000
1.362722268798739e-007	-4.842116e-003	0.000000e+000
1.364675393798739e-007	-5.933614e-003	0.000000e+000
1.366628518798740e-007	-7.141171e-003	0.000000e+000
1.368581643798740e-007	-8.433015e-003	0.000000e+000
1.370534768798740e-007	-9.772425e-003	0.000000e+000
1.372487893798740e-007	-1.111982e-002	0.000000e+000
1.374441018798740e-007	-1.243995e-002	0.000000e+000
1.375935295606886e-007	-1.340322e-002	0.000000e+000
1.377683292300251e-007	-1.444735e-002	0.000000e+000
1.379636417300251e-007	-1.549314e-002	0.000000e+000
1.381589542300251e-007	-1.638739e-002	0.000000e+000
1.383542667300251e-007	-1.710746e-002	0.000000e+000
1.385495792300251e-007	-1.764148e-002	0.000000e+000
1.387448917300251e-007	-1.798563e-002	0.000000e+000
1.389402042300251e-007	-1.814399e-002	0.000000e+000
1.391355167300251e-007	-1.812801e-002	0.000000e+000
1.393308292300251e-007	-1.795561e-002	0.000000e+000
1.395261417300251e-007	-1.764996e-002	0.000000e+000
1.397214542300251e-007	-1.723807e-002	0.000000e+000
1.399167667300251e-007	-1.674920e-002	0.000000e+000
1.401120792300251e-007	-1.621348e-002	0.000000e+000
1.402746656076810e-007	-1.575030e-002	0.000000e+000
1.403706772146640e-007	-1.547546e-002	0.000000e+000
1.404577751433899e-007	-1.522936e-002	0.000000e+000
1.405400756662593e-007	-1.500254e-002	0.000000e+000
1.406486939093397e-007	-1.471416e-002	0.000000e+000
1.407665257782027e-007	-1.442033e-002	0.000000e+000
1.409491292615273e-007	-1.400762e-002	0.000000e+000
1.411444417615273e-007	-1.362475e-002	0.000000e+000
1.413397542615273e-007	-1.330847e-002	0.000000e+000
1.415119943100131e-007	-1.308708e-002	0.000000e+000
1.416791028640533e-007	-1.292418e-002	0.000000e+000
1.418744153640533e-007	-1.278590e-002	0.000000e+000
1.420697278640533e-007	-1.268939e-002	0.000000e+000
1.422650403640533e-007	-1.262164e-002	0.000000e+000
1.424603528640533e-007	-1.256606e-002	0.000000e+000
1.426556653640533e-007	-1.250603e-002	0.000000e+000
1.428509778640533e-007	-1.242614e-002	0.000000e+000
1.430462903640533e-007	-1.231335e-002	0.000000e+000
1.432416028640533e-007	-1.215939e-002	0.000000e+000
1.434144988971380e-007	-1.198328e-002	0.000000e+000
1.435803233095574e-007	-1.177493e-002	0.000000e+000
1.437756358095574e-007	-1.148568e-002	0.000000e+000
1.439709483095574e-007	-1.115881e-002	0.000000e+000
1.441426726177063e-007	-1.084726e-002	0.000000e+000
1.442483741086801e-007	-1.064695e-002	0.000000e+000
1.443445869810278e-007	-1.046150e-002	0.000000e+000
1.444463429603852e-007	-1.026620e-002	0.000000e+000
1.445859150562305e-007	-1.000455e-002	0.000000e+000
1.447207291885015e-007	-9.764244e-003	0.000000e+000
1.448612100623125e-007	-9.537653e-003	0.000000e+000
1.450565225623126e-007	-9.272547e-003	0.000000e+000
1.452518350623126e-007	-9.076919e-003	0.000000e+000
1.454471475623126e-007	-8.970460e-003	0.000000e+000
1.456424600623126e-007	-8.966352e-003	0.000000e+000
1.458377725623126e-007	-9.073864e-003	0.000000e+000
1.460330850623126e-007	-9.297877e-003	0.000000e+000
1.462283975623126e-007	-9.638683e-003	0.000000e+000
1.464237100623126e-007	-1.009207e-002	0.000000e+000
1.466190225623126e-007	-1.064970e-002	0.000000e+000
1.468143350623126e-007	-1.129972e-002	0.000000e+000
1.470096475623126e-007	-1.202760e-002	0.000000e+000
1.472049600623126e-007	-1.281716e-002	0.000000e+000
1.474002725623126e-007	-1.365170e-002	0.000000e+000
1.475955850623126e-007	-1.451508e-002	0.000000e+000
1.477908975623126e-007	-1.539294e-002	0.000000e+000
1.479862100623126e-007	-1.627363e-002	0.000000e+000
1.481815225623126e-007	-1.714911e-002	0.000000e+000
1.483768350623126e-007	-1.801557e-002	0.000000e+000
1.485721475623126e-007	-1.887384e-002	0.000000e+000
1.487674600623126e-007	-1.972945e-002	0.000000e+000
1.489627725623126e-007	-2.059253e-002	0.000000e+000
1.491580850623127e-007	-2.147730e-002	0.000000e+000
1.493533975623127e-007	-2.240143e-002	0.000000e+000
1.495487100623127e-007	-2.338511e-002	0.000000e+000
1.497440225623127e-007	-2.445002e-002	0.000000e+000
1.499393350623127e-007	-2.561820e-002	0.000000e+000
1.501346475623127e-007	-2.691087e-002	0.000000e+000
1.503299600623127e-007	-2.834736e-002	0.000000e+000
1.505252725623127e-007	-2.994403e-002	0.000000e+000
1.507205850623127e-007	-3.171350e-002	0.000000e+000
1.509158975623127e-007	-3.366395e-002	0.000000e+000
1.511112100623127e-007	-3.579879e-002	0.000000e+000
1.513065225623127e-007	-3.811411e-002	0.000000e+000
1.514910565214490e-007	-4.046495e-002	0.000000e+000
1.516790711122765e-007	-4.301669e-002	0.000000e+000
1.518743836122765e-007	-4.581624e-002	0.000000e+000
1.520696961122765e-007	-4.874970e-002	0.000000e+000
1.522650086122765e-007	-5.179906e-002	0.000000e+000
1.524603211122765e-007	-5.494358e-002	0.000000e+000
1.526556336122765e-007	-5.816223e-002	0.000000e+000
1.528509461122765e-007	-6.143468e-002	0.000000e+000
1.530462586122765e-007	-6.474205e-002	0.000000e+000
1.532415711122765e-007	-6.806763e-002	0.000000e+000
1.534368836122765e-007	-7.139722e-002	0.000000e+000
1.536321961122765e-007	-7.471946e-002	0.000000e+000
1.538275086122765e-007	-7.802573e-002	0.000000e+000
1.540228211122765e-007	-8.130991e-002	0.000000e+000
1.542181336122765e-007	-8.456787e-002	0.000000e+000
1.544134461122765e-007	-8.779687e-002	0.000000e+000
1.546087586122766e-007	-9.099469e-002	0.000000e+000
1.548040711122766e-007	-9.415876e-002	0.000000e+000
1.549993836122766e-007	-9.728528e-002	0.000000e+000
1.551946961122766e-007	-1.003693e-001	0.000000e+000
1.553757366072655e-007	-1.031807e-001	0.000000e+000
1.555710491072655e-007	-1.061507e-001	0.000000e+000
1.557663616072655e-007	-1.090421e-001	0.000000e+000
1.559616741072655e-007	-1.118335e-001	0.000000e+000
1.561569866072655e-007	-1.145008e-001	0.000000e+000
1.563522991072655e-007	-1.170159e-001	0.000000e+000
1.565476116072655e-007	-1.193478e-001	0.000000e+000
1.567429241072655e-007	-1.214631e-001	0.000000e+000
1.569382366072655e-007	-1.233270e-001	0.000000e+000
1.571335491072655e-007	-1.249048e-001	0.000000e+000
1.573288616072655e-007	-1.261626e-001	0.000000e+000
1.575241741072655e-007	-1.270693e-001	0.000000e+000
1.577194866072655e-007	-1.275973e-001	0.000000e+000
1.579147991072655e-007	-1.277239e-001	0.000000e+000
1.581101116072655e-007	-1.274322e-001	0.000000e+000
1.583054241072655e-007	-1.267120e-001	0.000000e+000
1.585007366072656e-007	-1.255604e-001	0.000000e+000
1.586960491072656e-007	-1.239817e-001	0.000000e+000
1.588913616072656e-007	-1.219881e-001	0.000000e+000
1.590866741072656e-007	-1.195984e-001	0.000000e+000
1.592819866072656e-007	-1.168386e-001	0.000000e+000
1.594772991072656e-007	-1.137400e-001	0.000000e+000
1.596726116072656e-007	-1.103389e-001	0.000000e+000
1.598679241072656e-007	-1.066754e-001	0.000000e+000
1.600632366072656e-007	-1.027917e-001	0.000000e+000
1.602585491072656e-007	-9.873140e-002	0.000000e+000
1.604538616072656e-007	-9.453791e-002	0.000000e+000
1.606491741072656e-007	-9.025343e-002	0.000000e+000
1.608444866072656e-007	-8.591786e-002	0.000000e+000
1.610397991072656e-007	-8.156800e-002	0.000000e+000
1.612351116072656e-007	-7.723684e-002	0.000000e+000
1.614304241072656e-007	-7.295310e-002	0.000000e+000
1.616257366072656e-007	-6.874105e-002	0.000000e+000
1.618210491072656e-007	-6.462044e-002	0.000000e+000
1.620163616072656e-007	-6.060670e-002	0.000000e+000
1.622116741072656e-007	-5.671131e-002	0.000000e+000
1.624069866072656e-007	-5.294222e-002	0.000000e+000
1.626022991072657e-007	-4.930449e-002	0.000000e+000
1.627976116072657e-007	-4.580089e-002	0.000000e+000
1.629929241072657e-007	-4.243254e-002	0.000000e+000
1.631882366072657e-007	-3.919956e-002	0.000000e+000
1.633835491072657e-007	-3.610160e-002	0.000000e+000
1.635788616072657e-007	-3.313835e-002	0.000000e+000
1.637741741072657e-007	-3.030990e-002	0.000000e+000
1.639694866072657e-007	-2.761697e-002	0.000000e+000
1.641647991072657e-007	-2.506106e-002	0.000000e+000
1.643601116072657e-007	-2.264445e-002	0.000000e+000
1.645554241072657e-007	-2.036151e-002	0.000000e+000
1.647051648584078e-007	-1.870567e-002	0.000000e+000
1.648290674769689e-007	-1.740294e-002	0.000000e+000
1.649225339903045e-007	-1.646352e-002	0.000000e+000
1.650257682209470e-007	-1.546948e-002	0.000000e+000
1.651273274385745e-007	-1.453872e-002	0.000000e+000
1.652866095061275e-007	-1.316559e-002	0.000000e+000
1.654526555127574e-007	-1.184133e-002	0.000000e+000
1.656479680127574e-007	-1.042967e-002	0.000000e+000
1.658432805127574e-007	-9.171544e-003	0.000000e+000
1.660385930127574e-007	-8.071782e-003	0.000000e+000
1.662339055127574e-007	-7.127583e-003	0.000000e+000
1.664292180127574e-007	-6.334359e-003	0.000000e+000
1.666245305127574e-007	-5.685709e-003	0.000000e+000
1.668198430127575e-007	-5.173460e-003	0.000000e+000
1.670151555127575e-007	-4.787769e-003	0.000000e+000
1.672104680127575e-007	-4.517287e-003	0.000000e+000
1.674057805127575e-007	-4.349363e-003	0.000000e+000
1.676010930127575e-007	-4.270275e-003	0.000000e+000
1.677964055127575e-007	-4.265488e-003	0.000000e+000
1.679917180127575e-007	-4.319920e-003	0.000000e+000
1.681870305127575e-007	-4.418205e-003	0.000000e+000
1.683823430127575e-007	-4.544953e-003	0.000000e+000
1.685776555127575e-007	-4.684998e-003	0.000000e+000
1.687729680127575e-007	-4.823635e-003	0.000000e+000
1.689682805127575e-007	-4.946847e-003	0.000000e+000
1.691635930127575e-007	-5.041517e-003	0.000000e+000
1.693589055127575e-007	-5.095641e-003	0.000000e+000
1.695542180127575e-007	-5.098531e-003	0.000000e+000
1.697495305127575e-007	-5.041016e-003	0.000000e+000
1.699448430127575e-007	-4.915647e-003	0.000000e+000
1.701401555127575e-007	-4.716888e-003	0.000000e+000
1.703354680127575e-007	-4.441306e-003	0.000000e+000
1.705307805127575e-007	-4.087744e-003	0.000000e+000
1.707260930127575e-007	-3.657467e-003	0.000000e+000
1.709214055127576e-007	-3.154273e-003	0.000000e+000
1.711167180127576e-007	-2.584549e-003	0.000000e+000
1.713120305127576e-007	-1.957271e-003	0.000000e+000
1.715073430127576e-007	-1.283917e-003	0.000000e+000
1.717026555127576e-007	-5.783020e-004	0.000000e+000
1.718979680127576e-007	1.436880e-004	0.000000e+000
1.720932805127576e-007	8.644608e-004	0.000000e+000
1.722885930127576e-007	1.565179e-003	0.000000e+000
1.724839055127576e-007	2.226309e-003	0.000000e+000
1.726792180127576e-007	2.828256e-003	0.000000e+000
1.728745305127576e-007	3.352038e-003	0.000000e+000
1.730698430127576e-007	3.780012e-003	0.000000e+000
1.732651555127576e-007	4.096590e-003	0.000000e+000
1.734604680127576e-007	4.294308e-003	0.000000e+000
1.736251285283832e-007	4.358845e-003	0.000000e+000
1.737815915068135e-007	4.318723e-003	0.000000e+000
1.739769040068135e-007	4.141063e-003	0.000000e+000
1.741667451591815e-007	3.842668e-003	0.000000e+000
1.743509075407366e-007	3.430148e-003	0.000000e+000
1.745462200407366e-007	2.876589e-003	0.000000e+000
1.747083143143727e-007	2.334456e-003	0.000000e+000
1.748687322626913e-007	1.727372e-003	0.000000e+000
1.750640447626913e-007	9.206508e-004	0.000000e+000
1.752593572626913e-007	6.421951e-005	0.000000e+000
1.754546697626913e-007	-8.209170e-004	0.000000e+000
1.756449533756793e-007	-1.686394e-003	0.000000e+000
1.758402658756793e-007	-2.552945e-003	0.000000e+000
1.760355783756793e-007	-3.373923e-003	0.000000e+000
1.762308908756793e-007	-4.127784e-003	0.000000e+000
1.764262033756793e-007	-4.796489e-003	0.000000e+000
1.766215158756793e-007	-5.366276e-003	0.000000e+000
1.768168283756793e-007	-5.828326e-003	0.000000e+000
1.770121408756793e-007	-6.179204e-003	0.000000e+000
1.772074533756793e-007	-6.421059e-003	0.000000e+000
1.774027658756793e-007	-6.561556e-003	0.000000e+000
1.775980783756793e-007	-6.613553e-003	0.000000e+000
1.777933908756793e-007	-6.594520e-003	0.000000e+000
1.779887033756793e-007	-6.525730e-003	0.000000e+000
1.781840158756793e-007	-6.431252e-003	0.000000e+000
1.783793283756793e-007	-6.336804e-003	0.000000e+000
1.785746408756793e-007	-6.268504e-003	0.000000e+000
1.787699533756793e-007	-6.251602e-003	0.000000e+000
1.789652658756793e-007	-6.309230e-003	0.000000e+000
1.791605783756793e-007	-6.461251e-003	0.000000e+000
1.793558908756793e-007	-6.723261e-003	0.000000e+000
1.795512033756794e-007	-7.105791e-003	0.000000e+000
1.797465158756794e-007	-7.613758e-003	0.000000e+000
1.799418283756794e-007	-8.246175e-003	0.000000e+000
1.801371408756794e-007	-8.996167e-003	0.000000e+000
1.803324533756794e-007	-9.851262e-003	0.000000e+000
1.805277658756794e-007	-1.079396e-002	0.000000e+000
1.807230783756794e-007	-1.180253e-002	0.000000e+000
1.809183908756794e-007	-1.285206e-002	0.000000e+000
1.811137033756794e-007	-1.391557e-002	0.000000e+000
1.813090158756794e-007	-1.496529e-002	0.000000e+000
1.815043283756794e-007	-1.597394e-002	0.000000e+000
1.816996408756794e-007	-1.691763e-002	0.000000e+000
1.818817130524711e-007	-1.771584e-002	0.000000e+000
1.820770255524711e-007	-1.846636e-002	0.000000e+000
1.822713430881891e-007	-1.909356e-002	0.000000e+000
1.824666555881891e-007	-1.959243e-002	0.000000e+000
1.826619680881891e-007	-1.995520e-002	0.000000e+000
1.828572805881891e-007	-2.018235e-002	0.000000e+000
1.830525930881891e-007	-2.027933e-002	0.000000e+000
1.832479055881891e-007	-2.026091e-002	0.000000e+000
1.834044098069694e-007	-2.016541e-002	0.000000e+000
1.835789558487095e-007	-1.998094e-002	0.000000e+000
1.837742683487095e-007	-1.970249e-002	0.000000e+000
1.839695808487095e-007	-1.936372e-002	0.000000e+000
1.841648933487095e-007	-1.897888e-002	0.000000e+000
1.843602058487095e-007	-1.856285e-002	0.000000e+000
1.845555183487095e-007	-1.812774e-002	0.000000e+000
1.847508308487096e-007	-1.768212e-002	0.000000e+000
1.849461433487096e-007	-1.723044e-002	0.000000e+000
1.851414558487096e-007	-1.677263e-002	0.000000e+000
1.853367683487096e-007	-1.630406e-002	0.000000e+000
1.855320808487096e-007	-1.581579e-002	0.000000e+000
1.857273933487096e-007	-1.529500e-002	0.000000e+000
1.859227058487096e-007	-1.472572e-002	0.000000e+000
1.861180183487096e-007	-1.408980e-002	0.000000e+000
1.863133308487096e-007	-1.337070e-002	0.000000e+000
1.864898531911695e-007	-1.262861e-002	0.000000e+000
1.866851656911695e-007	-1.168835e-002	0.000000e+000
1.868804781911695e-007	-1.061359e-002	0.000000e+000
1.870757906911695e-007	-9.389251e-003	0.000000e+000
1.872711031911695e-007	-8.007339e-003	0.000000e+000
1.874664156911695e-007	-6.469411e-003	0.000000e+000
1.876393982946957e-007	-4.975942e-003	0.000000e+000
1.878062386076550e-007	-3.414889e-003	0.000000e+000
1.880015511076550e-007	-1.458335e-003	0.000000e+000
1.881968636076550e-007	6.138968e-004	0.000000e+000
1.883921761076550e-007	2.783915e-003	0.000000e+000
1.885874886076551e-007	5.024316e-003	0.000000e+000
1.887828011076551e-007	7.304509e-003	0.000000e+000
1.889781136076551e-007	9.591837e-003	0.000000e+000
1.891734261076551e-007	1.185692e-002	0.000000e+000
1.893242148785259e-007	1.356644e-002	0.000000e+000
1.894979611207860e-007	1.546662e-002	0.000000e+000
1.896932736207860e-007	1.749989e-002	0.000000e+000
1.898794308550541e-007	1.931194e-002	0.000000e+000
1.900747433550541e-007	2.105654e-002	0.000000e+000
1.902700558550541e-007	2.262814e-002	0.000000e+000
1.904617758417014e-007	2.398714e-002	0.000000e+000
1.906570883417014e-007	2.517740e-002	0.000000e+000
1.908524008417015e-007	2.617146e-002	0.000000e+000
1.910477133417015e-007	2.697123e-002	0.000000e+000
1.912430258417015e-007	2.758371e-002	0.000000e+000
1.914383383417015e-007	2.801941e-002	0.000000e+000
1.916336508417015e-007	2.829141e-002	0.000000e+000
1.918289633417015e-007	2.841449e-002	0.000000e+000
1.920242758417015e-007	2.840413e-002	0.000000e+000
1.922195883417015e-007	2.827563e-002	0.000000e+000
1.924149008417015e-007	2.804328e-002	0.000000e+000
1.926102133417015e-007	2.771969e-002	0.000000e+000
1.928055258417015e-007	2.731531e-002	0.000000e+000
1.930008383417015e-007	2.683811e-002	0.000000e+000
1.931961508417015e-007	2.629352e-002	0.000000e+000
1.933914633417015e-007	2.568454e-002	0.000000e+000
1.935867758417015e-007	2.501206e-002	0.000000e+000
1.937820883417015e-007	2.427532e-002	0.000000e+000
1.939774008417015e-007	2.347258e-002	0.000000e+000
1.941727133417015e-007	2.260176e-002	0.000000e+000
1.943680258417015e-007	2.166121e-002	0.000000e+000
1.945633383417015e-007	2.065207e-002	0.000000e+000
1.947397919948166e-007	1.967974e-002	0.000000e+000
1.949313605913598e-007	1.856153e-002	0.000000e+000
1.951266730913598e-007	1.736363e-002	0.000000e+000
1.953219855913598e-007	1.611519e-002	0.000000e+000
1.955172980913599e-007	1.482784e-002	0.000000e+000
1.957126105913599e-007	1.351632e-002	0.000000e+000
1.959079230913599e-007	1.219779e-002	0.000000e+000
1.961032355913599e-007	1.089128e-002	0.000000e+000
1.962985480913599e-007	9.615262e-003	0.000000e+000
1.964724741623590e-007	8.521055e-003	0.000000e+000
1.966362415065111e-007	7.542904e-003	0.000000e+000
1.968044461177983e-007	6.605874e-003	0.000000e+000
1.969997586177983e-007	5.613128e-003	0.000000e+000
1.971950711177983e-007	4.732544e-003	0.000000e+000
1.973903836177983e-007	3.978213e-003	0.000000e+000
1.975856961177983e-007	3.356843e-003	0.000000e+000
1.977810086177984e-007	2.870669e-003	0.000000e+000
1.979763211177984e-007	2.517304e-003	0.000000e+000
1.981716336177984e-007	2.289694e-003	0.000000e+000
1.983660559648882e-007	2.177211e-003	0.000000e+000
1.985613684648882e-007	2.163990e-003	0.000000e+000
1.987566809648882e-007	2.232698e-003	0.000000e+000
1.989519934648882e-007	2.363446e-003	0.000000e+000
1.991473059648882e-007	2.535043e-003	0.000000e+000
1.993426184648882e-007	2.726138e-003	0.000000e+000
1.995379309648882e-007	2.916233e-003	0.000000e+000
1.997332434648882e-007	3.086647e-003	0.000000e+000
1.999285559648882e-007	3.229480e-003	0.000000e+000
2.000000000000000e-007	3.272628e-003	0.000000e+000
