time	V(out)	V(n001)
0.000000000000000e+000	0.000000e+000	0.000000e+000
9.142857106324092e-012	-2.483959e-042	1.219048e-003
1.828571421264818e-011	-2.207874e-042	2.438095e-003
2.742857131897227e-011	8.282532e-043	3.657143e-003
3.657142842529637e-011	6.624424e-042	4.876191e-003
4.571428553162046e-011	1.518064e-041	6.095238e-003
5.485714263794455e-011	2.649690e-041	7.314286e-003
6.399999974426862e-011	4.057320e-041	8.533333e-003
1.279999994885372e-010	1.730712e-039	1.706667e-002
1.894984301540214e-010	1.844532e-038	2.526646e-002
2.440427897260272e-010	1.289129e-037	3.253904e-002
2.955546488745592e-010	8.417870e-037	3.940729e-002
3.489885435089712e-010	6.118825e-036	4.653181e-002
4.069613378577792e-010	5.943777e-035	5.426151e-002
4.746565949996771e-010	7.810055e-034	6.328755e-002
5.526320233984945e-010	1.315262e-032	7.368427e-002
6.442586492373374e-010	2.547072e-031	8.590116e-002
7.505136077453728e-010	5.528772e-030	1.000685e-001
8.752509905353015e-010	1.269404e-028	1.167001e-001
1.020654962636555e-009	1.145628e-027	1.360873e-001
1.143887517543385e-009	6.327441e-027	1.525183e-001
1.266470473455644e-009	3.454109e-026	1.688627e-001
1.397058435478880e-009	2.008429e-025	1.862745e-001
1.540516697707865e-009	1.252961e-024	2.054022e-001
1.698238751855343e-009	8.274096e-024	2.264318e-001
1.872811592154977e-009	5.733485e-023	2.497082e-001
2.065677981272996e-009	3.588510e-022	2.754237e-001
2.260990481272996e-009	1.852110e-021	3.014654e-001
2.456302981272995e-009	8.091206e-021	3.275071e-001
2.645651036299638e-009	3.146208e-020	3.527535e-001
2.840963536299638e-009	1.164894e-019	3.787951e-001
3.036276036299638e-009	3.954085e-019	4.048368e-001
3.231588536299637e-009	1.251778e-018	4.308785e-001
3.426901036299637e-009	3.726356e-018	4.569201e-001
3.622213536299637e-009	1.050020e-017	4.829618e-001
3.817526036299637e-009	2.816128e-017	5.090035e-001
4.012838536299637e-009	7.221950e-017	5.350451e-001
4.208151036299636e-009	1.777933e-016	5.610868e-001
4.403463536299636e-009	4.216106e-016	5.871285e-001
4.598776036299636e-009	9.658918e-016	6.131701e-001
4.794088536299636e-009	2.143361e-015	6.392118e-001
4.989401036299636e-009	4.617540e-015	6.652535e-001
5.184713536299635e-009	9.677499e-015	6.912951e-001
5.380026036299635e-009	1.976732e-014	7.173368e-001
5.575338536299635e-009	3.941663e-014	7.433785e-001
5.770651036299635e-009	7.684297e-014	7.694201e-001
5.965963536299634e-009	1.466585e-013	7.954618e-001
6.161276036299634e-009	2.743603e-013	8.215035e-001
6.356588536299634e-009	5.036548e-013	8.475451e-001
6.551901036299634e-009	9.082128e-013	8.735868e-001
6.747213536299634e-009	1.610254e-012	8.996285e-001
6.942526036299633e-009	2.809503e-012	9.256701e-001
7.137838536299633e-009	4.770326e-012	9.517118e-001
7.304687500000000e-009	7.503496e-012	9.739583e-001
7.499999999999999e-009	1.190534e-011	1.000000e+000
7.558593749999999e-009	1.392095e-011	1.000000e+000
7.636718749999998e-009	1.725302e-011	1.000000e+000
7.792968749999998e-009	2.632115e-011	1.000000e+000
7.988281249999998e-009	4.309264e-011	1.000000e+000
8.183593749999998e-009	6.906067e-011	1.000000e+000
8.378906249999998e-009	1.094221e-010	1.000000e+000
8.574218749999997e-009	1.714877e-010	1.000000e+000
8.769531249999997e-009	2.659551e-010	1.000000e+000
8.964843749999997e-009	4.083312e-010	1.000000e+000
9.160156249999997e-009	6.208926e-010	1.000000e+000
9.355468749999997e-009	9.353633e-010	1.000000e+000
9.550781249999996e-009	1.396545e-009	1.000000e+000
9.746093749999996e-009	2.067201e-009	1.000000e+000
9.941406249999996e-009	3.034574e-009	1.000000e+000
1.013671875000000e-008	4.419028e-009	1.000000e+000
1.033203125000000e-008	6.385423e-009	1.000000e+000
1.052734375000000e-008	9.157983e-009	1.000000e+000
1.072265625000000e-008	1.303961e-008	1.000000e+000
1.091796875000000e-008	1.843683e-008	1.000000e+000
1.111328125000000e-008	2.589173e-008	1.000000e+000
1.130859374999999e-008	3.612277e-008	1.000000e+000
1.150390624999999e-008	5.007646e-008	1.000000e+000
1.169921874999999e-008	6.899250e-008	1.000000e+000
1.189453124999999e-008	9.448544e-008	1.000000e+000
1.208984374999999e-008	1.286466e-007	1.000000e+000
1.228515624999999e-008	1.741701e-007	1.000000e+000
1.248046874999999e-008	2.345092e-007	1.000000e+000
1.267578124999999e-008	3.140671e-007	1.000000e+000
1.287109374999999e-008	4.184311e-007	1.000000e+000
1.306640624999999e-008	5.546568e-007	1.000000e+000
1.326171874999999e-008	7.316121e-007	1.000000e+000
1.345703124999999e-008	9.603920e-007	1.000000e+000
1.365234374999999e-008	1.254815e-006	1.000000e+000
1.384765624999999e-008	1.632018e-006	1.000000e+000
1.404296874999999e-008	2.113160e-006	1.000000e+000
1.423828124999999e-008	2.724260e-006	1.000000e+000
1.443359374999999e-008	3.497177e-006	1.000000e+000
1.462890624999999e-008	4.470774e-006	1.000000e+000
1.482421874999999e-008	5.692258e-006	1.000000e+000
1.501953124999999e-008	7.218764e-006	1.000000e+000
1.521484374999999e-008	9.119173e-006	1.000000e+000
1.541015625000000e-008	1.147622e-005	1.000000e+000
1.560546875000000e-008	1.438893e-005	1.000000e+000
1.580078125000000e-008	1.797537e-005	1.000000e+000
1.599609375000000e-008	2.237585e-005	1.000000e+000
1.619140625000000e-008	2.775655e-005	1.000000e+000
1.638671875000000e-008	3.431353e-005	1.000000e+000
1.658203125000000e-008	4.227745e-005	1.000000e+000
1.677734375000001e-008	5.191872e-005	1.000000e+000
1.697265625000001e-008	6.355328e-005	1.000000e+000
1.716796875000001e-008	7.754915e-005	1.000000e+000
1.736328125000001e-008	9.433366e-005	1.000000e+000
1.755859375000001e-008	1.144014e-004	1.000000e+000
1.775390625000001e-008	1.383231e-004	1.000000e+000
1.794921875000001e-008	1.667553e-004	1.000000e+000
1.814453125000002e-008	2.004510e-004	1.000000e+000
1.833984375000002e-008	2.402713e-004	1.000000e+000
1.853515625000002e-008	2.871981e-004	1.000000e+000
1.873046875000002e-008	3.423473e-004	1.000000e+000
1.892578125000002e-008	4.069842e-004	1.000000e+000
1.912109375000002e-008	4.825388e-004	1.000000e+000
1.931640625000002e-008	5.706226e-004	1.000000e+000
1.951171875000003e-008	6.730472e-004	1.000000e+000
1.970703125000003e-008	7.918425e-004	1.000000e+000
1.990234375000003e-008	9.292773e-004	1.000000e+000
2.009765625000003e-008	1.087880e-003	1.000000e+000
2.029296875000003e-008	1.270462e-003	1.000000e+000
2.048828125000003e-008	1.480137e-003	1.000000e+000
2.068359375000003e-008	1.720350e-003	1.000000e+000
2.087890625000004e-008	1.994894e-003	1.000000e+000
2.107421875000004e-008	2.307943e-003	1.000000e+000
2.126953125000004e-008	2.664070e-003	1.000000e+000
2.146484375000004e-008	3.068276e-003	1.000000e+000
2.166015625000004e-008	3.526014e-003	1.000000e+000
2.185546875000004e-008	4.043211e-003	1.000000e+000
2.205078125000004e-008	4.626296e-003	1.000000e+000
2.224609375000005e-008	5.282217e-003	1.000000e+000
2.244140625000005e-008	6.018471e-003	1.000000e+000
2.263671875000005e-008	6.843113e-003	1.000000e+000
2.283203125000005e-008	7.764785e-003	1.000000e+000
2.302734375000005e-008	8.792722e-003	1.000000e+000
2.322265625000005e-008	9.936769e-003	1.000000e+000
2.341796875000005e-008	1.120739e-002	1.000000e+000
2.361328125000006e-008	1.261568e-002	1.000000e+000
2.380859375000006e-008	1.417334e-002	1.000000e+000
2.400390625000006e-008	1.589272e-002	1.000000e+000
2.419921875000006e-008	1.778677e-002	1.000000e+000
2.439453125000006e-008	1.986903e-002	1.000000e+000
2.458984375000006e-008	2.215364e-002	1.000000e+000
2.478515625000006e-008	2.465529e-002	1.000000e+000
2.498046875000007e-008	2.738917e-002	1.000000e+000
2.517578125000007e-008	3.037099e-002	1.000000e+000
2.537109375000007e-008	3.361686e-002	1.000000e+000
2.556640625000007e-008	3.714328e-002	1.000000e+000
2.576171875000007e-008	4.096708e-002	1.000000e+000
2.595703125000007e-008	4.510532e-002	1.000000e+000
2.615234375000007e-008	4.957521e-002	1.000000e+000
2.634765625000008e-008	5.439407e-002	1.000000e+000
2.654296875000008e-008	5.957917e-002	1.000000e+000
2.673828125000008e-008	6.514769e-002	1.000000e+000
2.693359375000008e-008	7.111654e-002	1.000000e+000
2.712890625000008e-008	7.750231e-002	1.000000e+000
2.732421875000008e-008	8.432107e-002	1.000000e+000
2.751953125000008e-008	9.158831e-002	1.000000e+000
2.771484375000009e-008	9.931874e-002	1.000000e+000
2.791015625000009e-008	1.075262e-001	1.000000e+000
2.810546875000009e-008	1.162235e-001	1.000000e+000
2.830078125000009e-008	1.254221e-001	1.000000e+000
2.849609375000009e-008	1.351324e-001	1.000000e+000
2.869140625000009e-008	1.453630e-001	1.000000e+000
2.888671875000009e-008	1.561211e-001	1.000000e+000
2.908203125000010e-008	1.674118e-001	1.000000e+000
2.927734375000010e-008	1.792385e-001	1.000000e+000
2.947265625000010e-008	1.916023e-001	1.000000e+000
2.966796875000010e-008	2.045021e-001	1.000000e+000
2.986328125000010e-008	2.179345e-001	1.000000e+000
3.005859375000010e-008	2.318936e-001	1.000000e+000
3.025390625000010e-008	2.463707e-001	1.000000e+000
3.044921875000010e-008	2.613546e-001	1.000000e+000
3.064453125000009e-008	2.768311e-001	1.000000e+000
3.083984375000009e-008	2.927833e-001	1.000000e+000
3.103515625000009e-008	3.091913e-001	1.000000e+000
3.123046875000009e-008	3.260323e-001	1.000000e+000
3.142578125000009e-008	3.432803e-001	1.000000e+000
3.162109375000008e-008	3.609068e-001	1.000000e+000
3.181640625000008e-008	3.788799e-001	1.000000e+000
3.201171875000008e-008	3.971652e-001	1.000000e+000
3.220703125000008e-008	4.157252e-001	1.000000e+000
3.240234375000008e-008	4.345198e-001	1.000000e+000
3.259765625000008e-008	4.535066e-001	1.000000e+000
3.279296875000007e-008	4.726405e-001	1.000000e+000
3.298828125000007e-008	4.918741e-001	1.000000e+000
3.318359375000007e-008	5.111584e-001	1.000000e+000
3.337890625000007e-008	5.304422e-001	1.000000e+000
3.357421875000007e-008	5.496731e-001	1.000000e+000
3.376953125000006e-008	5.687970e-001	1.000000e+000
3.396484375000006e-008	5.877593e-001	1.000000e+000
3.416015625000006e-008	6.065043e-001	1.000000e+000
3.435546875000006e-008	6.249765e-001	1.000000e+000
3.455078125000006e-008	6.431200e-001	1.000000e+000
3.474609375000005e-008	6.608794e-001	1.000000e+000
3.494140625000005e-008	6.782001e-001	1.000000e+000
3.513671875000005e-008	6.950287e-001	1.000000e+000
3.533203125000005e-008	7.113131e-001	1.000000e+000
3.552734375000005e-008	7.270032e-001	1.000000e+000
3.572265625000005e-008	7.420511e-001	1.000000e+000
3.591796875000004e-008	7.564117e-001	1.000000e+000
3.611328125000004e-008	7.700426e-001	1.000000e+000
3.630859375000004e-008	7.829050e-001	1.000000e+000
3.650390625000004e-008	7.949637e-001	1.000000e+000
3.669921875000004e-008	8.061874e-001	1.000000e+000
3.689453125000003e-008	8.165489e-001	1.000000e+000
3.708984375000003e-008	8.260260e-001	1.000000e+000
3.728515625000003e-008	8.346006e-001	1.000000e+000
3.748046875000003e-008	8.422601e-001	1.000000e+000
3.767578125000003e-008	8.489965e-001	1.000000e+000
3.787109375000003e-008	8.548075e-001	1.000000e+000
3.806640625000002e-008	8.596956e-001	1.000000e+000
3.826171875000002e-008	8.636687e-001	1.000000e+000
3.845703125000002e-008	8.667405e-001	1.000000e+000
3.865234375000002e-008	8.689293e-001	1.000000e+000
3.884765625000002e-008	8.702588e-001	1.000000e+000
3.904296875000001e-008	8.707578e-001	1.000000e+000
3.923828125000001e-008	8.704600e-001	1.000000e+000
3.943359375000001e-008	8.694032e-001	1.000000e+000
3.962890625000001e-008	8.676302e-001	1.000000e+000
3.982421875000001e-008	8.651872e-001	1.000000e+000
4.001953125000000e-008	8.621244e-001	1.000000e+000
4.021484375000000e-008	8.584954e-001	1.000000e+000
4.041015625000000e-008	8.543560e-001	1.000000e+000
4.060546875000000e-008	8.497650e-001	1.000000e+000
4.080078125000000e-008	8.447830e-001	1.000000e+000
4.099609375000000e-008	8.394719e-001	1.000000e+000
4.119140624999999e-008	8.338946e-001	1.000000e+000
4.138671874999999e-008	8.281144e-001	1.000000e+000
4.158203124999999e-008	8.221943e-001	1.000000e+000
4.177734374999999e-008	8.161971e-001	1.000000e+000
4.197265624999999e-008	8.101840e-001	1.000000e+000
4.216796874999998e-008	8.042146e-001	1.000000e+000
4.236328124999998e-008	7.983465e-001	1.000000e+000
4.255859374999998e-008	7.926345e-001	1.000000e+000
4.275390624999998e-008	7.871304e-001	1.000000e+000
4.294921874999998e-008	7.818824e-001	1.000000e+000
4.314453124999997e-008	7.769347e-001	1.000000e+000
4.333984374999997e-008	7.723275e-001	1.000000e+000
4.353515624999997e-008	7.680962e-001	1.000000e+000
4.373046874999997e-008	7.642715e-001	1.000000e+000
4.392578124999997e-008	7.608790e-001	1.000000e+000
4.412109374999997e-008	7.579394e-001	1.000000e+000
4.431640624999996e-008	7.554677e-001	1.000000e+000
4.451171874999996e-008	7.534737e-001	1.000000e+000
4.470703124999996e-008	7.519620e-001	1.000000e+000
4.490234374999996e-008	7.509318e-001	1.000000e+000
4.509765624999996e-008	7.503772e-001	1.000000e+000
4.529296874999995e-008	7.502873e-001	1.000000e+000
4.548828124999995e-008	7.506463e-001	1.000000e+000
4.568359374999995e-008	7.514340e-001	1.000000e+000
4.587890624999995e-008	7.526261e-001	1.000000e+000
4.607421874999995e-008	7.541941e-001	1.000000e+000
4.626953124999994e-008	7.561064e-001	1.000000e+000
4.646484374999994e-008	7.583283e-001	1.000000e+000
4.666015624999994e-008	7.608223e-001	1.000000e+000
4.685546874999994e-008	7.635490e-001	1.000000e+000
4.705078124999994e-008	7.664675e-001	1.000000e+000
4.724609374999994e-008	7.695353e-001	1.000000e+000
4.744140624999993e-008	7.727098e-001	1.000000e+000
4.763671874999993e-008	7.759482e-001	1.000000e+000
4.783203124999993e-008	7.792081e-001	1.000000e+000
4.802734374999993e-008	7.824479e-001	1.000000e+000
4.822265624999993e-008	7.856275e-001	1.000000e+000
4.841796874999992e-008	7.887085e-001	1.000000e+000
4.861328124999992e-008	7.916551e-001	1.000000e+000
4.880859374999992e-008	7.944338e-001	1.000000e+000
4.900390624999992e-008	7.970142e-001	1.000000e+000
4.919921874999992e-008	7.993693e-001	1.000000e+000
4.939453124999991e-008	8.014757e-001	1.000000e+000
4.958984374999991e-008	8.033136e-001	1.000000e+000
4.978515624999991e-008	8.048673e-001	1.000000e+000
4.998046874999991e-008	8.061252e-001	1.000000e+000
5.017578124999991e-008	8.070797e-001	1.000000e+000
5.037109374999991e-008	8.077274e-001	1.000000e+000
5.056640624999990e-008	8.080691e-001	1.000000e+000
5.076171874999990e-008	8.081095e-001	1.000000e+000
5.095703124999990e-008	8.078572e-001	1.000000e+000
5.115234374999990e-008	8.073242e-001	1.000000e+000
5.134765624999990e-008	8.065264e-001	1.000000e+000
5.154296874999989e-008	8.054824e-001	1.000000e+000
5.173828124999989e-008	8.042139e-001	1.000000e+000
5.193359374999989e-008	8.027449e-001	1.000000e+000
5.212890624999989e-008	8.011017e-001	1.000000e+000
5.232421874999989e-008	7.993121e-001	1.000000e+000
5.251953124999988e-008	7.974052e-001	1.000000e+000
5.271484374999988e-008	7.954113e-001	1.000000e+000
5.291015624999988e-008	7.933607e-001	1.000000e+000
5.310546874999988e-008	7.912841e-001	1.000000e+000
5.330078124999988e-008	7.892115e-001	1.000000e+000
5.349609374999988e-008	7.871722e-001	1.000000e+000
5.369140624999987e-008	7.851945e-001	1.000000e+000
5.388671874999987e-008	7.833049e-001	1.000000e+000
5.408203124999987e-008	7.815280e-001	1.000000e+000
5.427734374999987e-008	7.798864e-001	1.000000e+000
5.447265624999987e-008	7.784001e-001	1.000000e+000
5.466796874999986e-008	7.770864e-001	1.000000e+000
5.486328124999986e-008	7.759596e-001	1.000000e+000
5.505859374999986e-008	7.750312e-001	1.000000e+000
5.525390624999986e-008	7.743094e-001	1.000000e+000
5.544921874999986e-008	7.737993e-001	1.000000e+000
5.564453124999985e-008	7.735027e-001	1.000000e+000
5.583984374999985e-008	7.734183e-001	1.000000e+000
5.603515624999985e-008	7.735417e-001	1.000000e+000
5.623046874999985e-008	7.738658e-001	1.000000e+000
5.642578124999985e-008	7.743802e-001	1.000000e+000
5.662109374999985e-008	7.750723e-001	1.000000e+000
5.681640624999984e-008	7.759272e-001	1.000000e+000
5.701171874999984e-008	7.769277e-001	1.000000e+000
5.720703124999984e-008	7.780550e-001	1.000000e+000
5.740234374999984e-008	7.792888e-001	1.000000e+000
5.759765624999984e-008	7.806074e-001	1.000000e+000
5.779296874999983e-008	7.819888e-001	1.000000e+000
5.798828124999983e-008	7.834103e-001	1.000000e+000
5.818359374999983e-008	7.848489e-001	1.000000e+000
5.837890624999983e-008	7.862822e-001	1.000000e+000
5.857421874999983e-008	7.876883e-001	1.000000e+000
5.876953124999982e-008	7.890460e-001	1.000000e+000
5.896484374999982e-008	7.903357e-001	1.000000e+000
5.916015624999982e-008	7.915388e-001	1.000000e+000
5.935546874999982e-008	7.926388e-001	1.000000e+000
5.955078124999982e-008	7.936209e-001	1.000000e+000
5.974609374999982e-008	7.944726e-001	1.000000e+000
5.994140624999983e-008	7.951838e-001	1.000000e+000
6.013671874999983e-008	7.957464e-001	1.000000e+000
6.033203124999984e-008	7.961553e-001	1.000000e+000
6.052734374999984e-008	7.964075e-001	1.000000e+000
6.072265624999985e-008	7.965027e-001	1.000000e+000
6.091796874999985e-008	7.964430e-001	1.000000e+000
6.111328124999986e-008	7.962329e-001	1.000000e+000
6.130859374999986e-008	7.958792e-001	1.000000e+000
6.150390624999986e-008	7.953907e-001	1.000000e+000
6.169921874999987e-008	7.947785e-001	1.000000e+000
6.189453124999987e-008	7.940549e-001	1.000000e+000
6.208984374999988e-008	7.932341e-001	1.000000e+000
6.228515624999988e-008	7.923314e-001	1.000000e+000
6.248046874999989e-008	7.913632e-001	1.000000e+000
6.267578124999989e-008	7.903464e-001	1.000000e+000
6.287109374999990e-008	7.892986e-001	1.000000e+000
6.306640624999990e-008	7.882373e-001	1.000000e+000
6.326171874999991e-008	7.871800e-001	1.000000e+000
6.345703124999991e-008	7.861437e-001	1.000000e+000
6.365234374999992e-008	7.851449e-001	1.000000e+000
6.384765624999992e-008	7.841988e-001	1.000000e+000
6.404296874999993e-008	7.833198e-001	1.000000e+000
6.423828124999993e-008	7.825208e-001	1.000000e+000
6.443359374999994e-008	7.818131e-001	1.000000e+000
6.462890624999994e-008	7.812063e-001	1.000000e+000
6.482421874999995e-008	7.807081e-001	1.000000e+000
6.501953124999995e-008	7.803246e-001	1.000000e+000
6.521484374999996e-008	7.800594e-001	1.000000e+000
6.541015624999996e-008	7.799145e-001	1.000000e+000
6.560546874999996e-008	7.798897e-001	1.000000e+000
6.580078124999997e-008	7.799828e-001	1.000000e+000
6.599609374999997e-008	7.801899e-001	1.000000e+000
6.619140624999998e-008	7.805050e-001	1.000000e+000
6.638671874999998e-008	7.809207e-001	1.000000e+000
6.658203124999999e-008	7.814279e-001	1.000000e+000
6.677734374999999e-008	7.820163e-001	1.000000e+000
6.697265625000000e-008	7.826742e-001	1.000000e+000
6.716796875000000e-008	7.833893e-001	1.000000e+000
6.736328125000001e-008	7.841483e-001	1.000000e+000
6.755859375000001e-008	7.849375e-001	1.000000e+000
6.775390625000002e-008	7.857431e-001	1.000000e+000
6.794921875000002e-008	7.865511e-001	1.000000e+000
6.814453125000003e-008	7.873476e-001	1.000000e+000
6.833984375000003e-008	7.881196e-001	1.000000e+000
6.853515625000004e-008	7.888542e-001	1.000000e+000
6.873046875000004e-008	7.895399e-001	1.000000e+000
6.892578125000005e-008	7.901659e-001	1.000000e+000
6.912109375000005e-008	7.907226e-001	1.000000e+000
6.931640625000005e-008	7.912018e-001	1.000000e+000
6.951171875000006e-008	7.915969e-001	1.000000e+000
6.970703125000006e-008	7.919028e-001	1.000000e+000
6.990234375000007e-008	7.921157e-001	1.000000e+000
7.009765625000007e-008	7.922338e-001	1.000000e+000
7.029296875000008e-008	7.922570e-001	1.000000e+000
7.048828125000008e-008	7.921863e-001	1.000000e+000
7.068359375000009e-008	7.920249e-001	1.000000e+000
7.087890625000009e-008	7.917771e-001	1.000000e+000
7.107421875000010e-008	7.914489e-001	1.000000e+000
7.126953125000010e-008	7.910472e-001	1.000000e+000
7.146484375000011e-008	7.905803e-001	1.000000e+000
7.166015625000011e-008	7.900573e-001	1.000000e+000
7.185546875000012e-008	7.894884e-001	1.000000e+000
7.205078125000012e-008	7.888840e-001	1.000000e+000
7.224609375000013e-008	7.882554e-001	1.000000e+000
7.244140625000013e-008	7.876136e-001	1.000000e+000
7.263671875000014e-008	7.869700e-001	1.000000e+000
7.283203125000014e-008	7.863356e-001	1.000000e+000
7.302734375000015e-008	7.857214e-001	1.000000e+000
7.322265625000015e-008	7.851373e-001	1.000000e+000
7.341796875000015e-008	7.845930e-001	1.000000e+000
7.361328125000016e-008	7.840970e-001	1.000000e+000
7.380859375000016e-008	7.836570e-001	1.000000e+000
7.400390625000017e-008	7.832794e-001	1.000000e+000
7.419921875000017e-008	7.829697e-001	1.000000e+000
7.439453125000018e-008	7.827317e-001	1.000000e+000
7.458984375000018e-008	7.825680e-001	1.000000e+000
7.478515625000019e-008	7.824799e-001	1.000000e+000
7.498046875000019e-008	7.824674e-001	1.000000e+000
7.517578125000020e-008	7.825290e-001	1.000000e+000
7.537109375000020e-008	7.826618e-001	1.000000e+000
7.556640625000021e-008	7.828619e-001	1.000000e+000
7.576171875000021e-008	7.831240e-001	1.000000e+000
7.595703125000022e-008	7.834418e-001	1.000000e+000
7.615234375000022e-008	7.838083e-001	1.000000e+000
7.634765625000023e-008	7.842153e-001	1.000000e+000
7.654296875000023e-008	7.846543e-001	1.000000e+000
7.673828125000024e-008	7.851161e-001	1.000000e+000
7.693359375000024e-008	7.855912e-001	1.000000e+000
7.712890625000024e-008	7.860699e-001	1.000000e+000
7.732421875000025e-008	7.865427e-001	1.000000e+000
7.751953125000025e-008	7.869999e-001	1.000000e+000
7.771484375000026e-008	7.874326e-001	1.000000e+000
7.791015625000026e-008	7.878318e-001	1.000000e+000
7.810546875000027e-008	7.881896e-001	1.000000e+000
7.830078125000027e-008	7.884986e-001	1.000000e+000
7.849609375000028e-008	7.887523e-001	1.000000e+000
7.869140625000028e-008	7.889451e-001	1.000000e+000
7.888671875000029e-008	7.890723e-001	1.000000e+000
7.908203125000029e-008	7.891305e-001	1.000000e+000
7.927734375000030e-008	7.891173e-001	1.000000e+000
7.947265625000030e-008	7.890314e-001	1.000000e+000
7.966796875000031e-008	7.888727e-001	1.000000e+000
7.986328125000031e-008	7.886419e-001	1.000000e+000
8.005859375000032e-008	7.883410e-001	1.000000e+000
8.025390625000032e-008	7.879730e-001	1.000000e+000
8.044921875000033e-008	7.875416e-001	1.000000e+000
8.064453125000033e-008	7.870514e-001	1.000000e+000
8.083984375000033e-008	7.865076e-001	1.000000e+000
8.103515625000034e-008	7.859161e-001	1.000000e+000
8.123046875000034e-008	7.852831e-001	1.000000e+000
8.142578125000035e-008	7.846153e-001	1.000000e+000
8.162109375000035e-008	7.839191e-001	1.000000e+000
8.181640625000036e-008	7.832013e-001	1.000000e+000
8.201171875000036e-008	7.824685e-001	1.000000e+000
8.220703125000037e-008	7.817269e-001	1.000000e+000
8.240234375000037e-008	7.809824e-001	1.000000e+000
8.259765625000038e-008	7.802404e-001	1.000000e+000
8.279296875000038e-008	7.795055e-001	1.000000e+000
8.298828125000039e-008	7.787816e-001	1.000000e+000
8.318359375000039e-008	7.780719e-001	1.000000e+000
8.337890625000040e-008	7.773787e-001	1.000000e+000
8.357421875000040e-008	7.767032e-001	1.000000e+000
8.376953125000041e-008	7.760457e-001	1.000000e+000
8.396484375000041e-008	7.754054e-001	1.000000e+000
8.416015625000042e-008	7.747808e-001	1.000000e+000
8.435546875000042e-008	7.741691e-001	1.000000e+000
8.455078125000043e-008	7.735667e-001	1.000000e+000
8.474609375000043e-008	7.729691e-001	1.000000e+000
8.494140625000043e-008	7.723710e-001	1.000000e+000
8.513671875000044e-008	7.717663e-001	1.000000e+000
8.533203125000044e-008	7.711484e-001	1.000000e+000
8.552734375000045e-008	7.705102e-001	1.000000e+000
8.572265625000045e-008	7.698439e-001	1.000000e+000
8.591796875000046e-008	7.691419e-001	1.000000e+000
8.611328125000046e-008	7.683958e-001	1.000000e+000
8.630859375000047e-008	7.675979e-001	1.000000e+000
8.650390625000047e-008	7.667401e-001	1.000000e+000
8.669921875000048e-008	7.658148e-001	1.000000e+000
8.689453125000048e-008	7.648146e-001	1.000000e+000
8.708984375000049e-008	7.637329e-001	1.000000e+000
8.728515625000049e-008	7.625633e-001	1.000000e+000
8.748046875000050e-008	7.613003e-001	1.000000e+000
8.767578125000050e-008	7.599394e-001	1.000000e+000
8.787109375000051e-008	7.584764e-001	1.000000e+000
8.806640625000051e-008	7.569087e-001	1.000000e+000
8.826171875000052e-008	7.552341e-001	1.000000e+000
8.845703125000052e-008	7.534517e-001	1.000000e+000
8.865234375000052e-008	7.515617e-001	1.000000e+000
8.884765625000053e-008	7.495651e-001	1.000000e+000
8.904296875000053e-008	7.474639e-001	1.000000e+000
8.923828125000054e-008	7.452613e-001	1.000000e+000
8.943359375000054e-008	7.429612e-001	1.000000e+000
8.962890625000055e-008	7.405684e-001	1.000000e+000
8.982421875000055e-008	7.380886e-001	1.000000e+000
9.001953125000056e-008	7.355281e-001	1.000000e+000
9.021484375000056e-008	7.328939e-001	1.000000e+000
9.041015625000057e-008	7.301935e-001	1.000000e+000
9.060546875000057e-008	7.274348e-001	1.000000e+000
9.080078125000058e-008	7.246261e-001	1.000000e+000
9.099609375000058e-008	7.217757e-001	1.000000e+000
9.119140625000059e-008	7.188925e-001	1.000000e+000
9.138671875000059e-008	7.159848e-001	1.000000e+000
9.158203125000060e-008	7.130613e-001	1.000000e+000
9.177734375000060e-008	7.101303e-001	1.000000e+000
9.197265625000061e-008	7.071999e-001	1.000000e+000
9.216796875000061e-008	7.042779e-001	1.000000e+000
9.236328125000062e-008	7.013717e-001	1.000000e+000
9.255859375000062e-008	6.984881e-001	1.000000e+000
9.275390625000062e-008	6.956338e-001	1.000000e+000
9.294921875000063e-008	6.928146e-001	1.000000e+000
9.314453125000063e-008	6.900359e-001	1.000000e+000
9.333984375000064e-008	6.873026e-001	1.000000e+000
9.353515625000064e-008	6.846191e-001	1.000000e+000
9.373046875000065e-008	6.819893e-001	1.000000e+000
9.392578125000065e-008	6.794164e-001	1.000000e+000
9.412109375000066e-008	6.769034e-001	1.000000e+000
9.431640625000066e-008	6.744528e-001	1.000000e+000
9.451171875000067e-008	6.720669e-001	1.000000e+000
9.470703125000067e-008	6.697475e-001	1.000000e+000
9.490234375000068e-008	6.674963e-001	1.000000e+000
9.509765625000068e-008	6.653148e-001	1.000000e+000
9.529296875000069e-008	6.632044e-001	1.000000e+000
9.548828125000069e-008	6.611665e-001	1.000000e+000
9.568359375000070e-008	6.592026e-001	1.000000e+000
9.587890625000070e-008	6.573141e-001	1.000000e+000
9.607421875000071e-008	6.555027e-001	1.000000e+000
9.626953125000071e-008	6.537703e-001	1.000000e+000
9.646484375000071e-008	6.521188e-001	1.000000e+000
9.666015625000072e-008	6.505505e-001	1.000000e+000
9.685546875000072e-008	6.490681e-001	1.000000e+000
9.705078125000073e-008	6.476743e-001	1.000000e+000
9.724609375000073e-008	6.463723e-001	1.000000e+000
9.744140625000074e-008	6.451653e-001	1.000000e+000
9.763671875000074e-008	6.440569e-001	1.000000e+000
9.783203125000075e-008	6.430507e-001	1.000000e+000
9.802734375000075e-008	6.421506e-001	1.000000e+000
9.822265625000076e-008	6.413606e-001	1.000000e+000
9.841796875000076e-008	6.406845e-001	1.000000e+000
9.861328125000077e-008	6.401263e-001	1.000000e+000
9.880859375000077e-008	6.396894e-001	1.000000e+000
9.900390625000078e-008	6.393775e-001	1.000000e+000
9.919921875000078e-008	6.391936e-001	1.000000e+000
9.939453125000079e-008	6.391404e-001	1.000000e+000
9.958984375000079e-008	6.392201e-001	1.000000e+000
9.978515625000080e-008	6.394343e-001	1.000000e+000
9.998046875000080e-008	6.397839e-001	1.000000e+000
1.001757812500008e-007	6.402692e-001	1.000000e+000
1.003710937500008e-007	6.408893e-001	1.000000e+000
1.005664062500008e-007	6.416429e-001	1.000000e+000
1.007617187500008e-007	6.425275e-001	1.000000e+000
1.009570312500008e-007	6.435395e-001	1.000000e+000
1.011523437500008e-007	6.446748e-001	1.000000e+000
1.013476562500008e-007	6.459275e-001	1.000000e+000
1.015429687500008e-007	6.472915e-001	1.000000e+000
1.017382812500008e-007	6.487591e-001	1.000000e+000
1.019335937500009e-007	6.503220e-001	1.000000e+000
1.021289062500009e-007	6.519707e-001	1.000000e+000
1.023242187500009e-007	6.536950e-001	1.000000e+000
1.025195312500009e-007	6.554840e-001	1.000000e+000
1.027148437500009e-007	6.573257e-001	1.000000e+000
1.029101562500009e-007	6.592079e-001	1.000000e+000
1.031054687500009e-007	6.611176e-001	1.000000e+000
1.033007812500009e-007	6.630414e-001	1.000000e+000
1.034960937500009e-007	6.649659e-001	1.000000e+000
1.036914062500009e-007	6.668772e-001	1.000000e+000
1.038867187500009e-007	6.687617e-001	1.000000e+000
1.040820312500009e-007	6.706055e-001	1.000000e+000
1.042773437500009e-007	6.723956e-001	1.000000e+000
1.044726562500009e-007	6.741186e-001	1.000000e+000
1.046679687500009e-007	6.757623e-001	1.000000e+000
1.048632812500009e-007	6.773147e-001	1.000000e+000
1.050585937500009e-007	6.787648e-001	1.000000e+000
1.052539062500009e-007	6.801025e-001	1.000000e+000
1.054492187500009e-007	6.813184e-001	1.000000e+000
1.056445312500009e-007	6.824045e-001	1.000000e+000
1.058398437500009e-007	6.833539e-001	1.000000e+000
1.060351562500010e-007	6.841607e-001	1.000000e+000
1.062304687500010e-007	6.848205e-001	1.000000e+000
1.064257812500010e-007	6.853301e-001	1.000000e+000
1.066210937500010e-007	6.856877e-001	1.000000e+000
1.068164062500010e-007	6.858927e-001	1.000000e+000
1.070117187500010e-007	6.859461e-001	1.000000e+000
1.072070312500010e-007	6.858681e-001	1.000000e+000
1.073046875000000e-007	6.857648e-001	1.000000e+000
1.075000000000000e-007	6.854676e-001	1.000000e+000
1.075195312499998e-007	6.854271e-001	9.973958e-001
1.075585937499994e-007	6.853421e-001	9.921875e-001
1.076367187499986e-007	6.851524e-001	9.817708e-001
1.077929687499970e-007	6.847095e-001	9.609375e-001
1.079882812499970e-007	6.840546e-001	9.348958e-001
1.081835937499970e-007	6.832855e-001	9.088542e-001
1.083789062499970e-007	6.824043e-001	8.828125e-001
1.085742187499970e-007	6.814206e-001	8.567708e-001
1.087695312499970e-007	6.803448e-001	8.307292e-001
1.089648437499971e-007	6.791878e-001	8.046875e-001
1.091601562499971e-007	6.779609e-001	7.786458e-001
1.093554687499971e-007	6.766759e-001	7.526042e-001
1.095507812499971e-007	6.753446e-001	7.265625e-001
1.097460937499971e-007	6.739793e-001	7.005208e-001
1.099414062499971e-007	6.725919e-001	6.744792e-001
1.101367187499971e-007	6.711944e-001	6.484375e-001
1.103320312499971e-007	6.697986e-001	6.223958e-001
1.105273437499971e-007	6.684159e-001	5.963542e-001
1.107226562499971e-007	6.670573e-001	5.703125e-001
1.109179687499971e-007	6.657334e-001	5.442708e-001
1.111132812499971e-007	6.644541e-001	5.182292e-001
1.113085937499971e-007	6.632287e-001	4.921875e-001
1.115039062499971e-007	6.620658e-001	4.661458e-001
1.116992187499971e-007	6.609734e-001	4.401042e-001
1.118945312499971e-007	6.599584e-001	4.140625e-001
1.120898437499971e-007	6.590272e-001	3.880208e-001
1.122851562499971e-007	6.581852e-001	3.619792e-001
1.124804687499971e-007	6.574368e-001	3.359375e-001
1.126757812499971e-007	6.567858e-001	3.098958e-001
1.128710937499971e-007	6.562352e-001	2.838542e-001
1.130664062499972e-007	6.557866e-001	2.578125e-001
1.132617187499972e-007	6.554415e-001	2.317708e-001
1.134570312499972e-007	6.552000e-001	2.057292e-001
1.136523437499972e-007	6.550617e-001	1.796875e-001
1.138476562499972e-007	6.550253e-001	1.536458e-001
1.140429687499972e-007	6.550890e-001	1.276042e-001
1.142382812499972e-007	6.552501e-001	1.015625e-001
1.144335937499972e-007	6.555052e-001	7.552084e-002
1.146289062499972e-007	6.558506e-001	4.947917e-002
1.148242187499972e-007	6.562798e-001	2.343750e-002
1.150000000000000e-007	6.567202e-001	0.000000e+000
1.151230468750020e-007	6.570833e-001	0.000000e+000
1.152636718750042e-007	6.575350e-001	0.000000e+000
1.154589843750042e-007	6.582133e-001	0.000000e+000
1.156542968750042e-007	6.589482e-001	0.000000e+000
1.158496093750042e-007	6.597382e-001	0.000000e+000
1.160449218750042e-007	6.605763e-001	0.000000e+000
1.162402343750042e-007	6.614553e-001	0.000000e+000
1.164355468750042e-007	6.623678e-001	0.000000e+000
1.166308593750042e-007	6.633063e-001	0.000000e+000
1.168261718750042e-007	6.642632e-001	0.000000e+000
1.170214843750042e-007	6.652308e-001	0.000000e+000
1.172167968750042e-007	6.662012e-001	0.000000e+000
1.174121093750042e-007	6.671669e-001	0.000000e+000
1.176074218750043e-007	6.681203e-001	0.000000e+000
1.178027343750043e-007	6.690538e-001	0.000000e+000
1.179980468750043e-007	6.699600e-001	0.000000e+000
1.181933593750043e-007	6.708319e-001	0.000000e+000
1.183886718750043e-007	6.716623e-001	0.000000e+000
1.185839843750043e-007	6.724448e-001	0.000000e+000
1.187792968750043e-007	6.731731e-001	0.000000e+000
1.189746093750043e-007	6.738413e-001	0.000000e+000
1.191699218750043e-007	6.744439e-001	0.000000e+000
1.193652343750043e-007	6.749760e-001	0.000000e+000
1.195605468750043e-007	6.754331e-001	0.000000e+000
1.197558593750043e-007	6.758114e-001	0.000000e+000
1.199511718750043e-007	6.761076e-001	0.000000e+000
1.201464843750043e-007	6.763192e-001	0.000000e+000
1.203417968750043e-007	6.764444e-001	0.000000e+000
1.205371093750043e-007	6.764818e-001	0.000000e+000
1.207324218750043e-007	6.764311e-001	0.000000e+000
1.209277343750043e-007	6.762927e-001	0.000000e+000
1.211230468750043e-007	6.760676e-001	0.000000e+000
1.213183593750043e-007	6.757579e-001	0.000000e+000
1.215136718750043e-007	6.753663e-001	0.000000e+000
1.217089843750044e-007	6.748964e-001	0.000000e+000
1.219042968750044e-007	6.743523e-001	0.000000e+000
1.220996093750044e-007	6.737393e-001	0.000000e+000
1.222949218750044e-007	6.730631e-001	0.000000e+000
1.224902343750044e-007	6.723301e-001	0.000000e+000
1.226855468750044e-007	6.715475e-001	0.000000e+000
1.228808593750044e-007	6.707228e-001	0.000000e+000
1.230761718750044e-007	6.698643e-001	0.000000e+000
1.232714843750044e-007	6.689805e-001	0.000000e+000
1.234667968750044e-007	6.680802e-001	0.000000e+000
1.236621093750044e-007	6.671726e-001	0.000000e+000
1.238574218750044e-007	6.662669e-001	0.000000e+000
1.240527343750044e-007	6.653726e-001	0.000000e+000
1.242480468750044e-007	6.644986e-001	0.000000e+000
1.244433593750044e-007	6.636542e-001	0.000000e+000
1.246386718750044e-007	6.628479e-001	0.000000e+000
1.248339843750044e-007	6.620882e-001	0.000000e+000
1.250292968750044e-007	6.613827e-001	0.000000e+000
1.252246093750044e-007	6.607386e-001	0.000000e+000
1.254199218750044e-007	6.601623e-001	0.000000e+000
1.256152343750044e-007	6.596593e-001	0.000000e+000
1.258105468750045e-007	6.592340e-001	0.000000e+000
1.260058593750045e-007	6.588902e-001	0.000000e+000
1.262011718750045e-007	6.586302e-001	0.000000e+000
1.263964843750045e-007	6.584551e-001	0.000000e+000
1.265917968750045e-007	6.583650e-001	0.000000e+000
1.267871093750045e-007	6.583585e-001	0.000000e+000
1.269824218750045e-007	6.584328e-001	0.000000e+000
1.271777343750045e-007	6.585842e-001	0.000000e+000
1.273730468750045e-007	6.588072e-001	0.000000e+000
1.275683593750045e-007	6.590949e-001	0.000000e+000
1.277636718750045e-007	6.594394e-001	0.000000e+000
1.279589843750045e-007	6.598315e-001	0.000000e+000
1.281542968750045e-007	6.602604e-001	0.000000e+000
1.283496093750045e-007	6.607144e-001	0.000000e+000
1.285449218750045e-007	6.611806e-001	0.000000e+000
1.287402343750045e-007	6.616451e-001	0.000000e+000
1.289355468750045e-007	6.620930e-001	0.000000e+000
1.291308593750045e-007	6.625085e-001	0.000000e+000
1.293261718750045e-007	6.628753e-001	0.000000e+000
1.295214843750045e-007	6.631762e-001	0.000000e+000
1.297167968750045e-007	6.633935e-001	0.000000e+000
1.299121093750045e-007	6.635094e-001	0.000000e+000
1.301074218750046e-007	6.635054e-001	0.000000e+000
1.303027343750046e-007	6.633632e-001	0.000000e+000
1.304980468750046e-007	6.630642e-001	0.000000e+000
1.306933593750046e-007	6.625901e-001	0.000000e+000
1.308886718750046e-007	6.619225e-001	0.000000e+000
1.310839843750046e-007	6.610434e-001	0.000000e+000
1.312792968750046e-007	6.599352e-001	0.000000e+000
1.314746093750046e-007	6.585808e-001	0.000000e+000
1.316699218750046e-007	6.569633e-001	0.000000e+000
1.318652343750046e-007	6.550668e-001	0.000000e+000
1.320605468750046e-007	6.528757e-001	0.000000e+000
1.322558593750046e-007	6.503751e-001	0.000000e+000
1.324511718750046e-007	6.475512e-001	0.000000e+000
1.326464843750046e-007	6.443905e-001	0.000000e+000
1.328417968750046e-007	6.408804e-001	0.000000e+000
1.330371093750046e-007	6.370090e-001	0.000000e+000
1.332324218750046e-007	6.327653e-001	0.000000e+000
1.334277343750046e-007	6.281389e-001	0.000000e+000
1.336230468750046e-007	6.231202e-001	0.000000e+000
1.338183593750046e-007	6.177002e-001	0.000000e+000
1.340136718750046e-007	6.118708e-001	0.000000e+000
1.342089843750047e-007	6.056244e-001	0.000000e+000
1.344042968750047e-007	5.989542e-001	0.000000e+000
1.345996093750047e-007	5.918537e-001	0.000000e+000
1.347949218750047e-007	5.843175e-001	0.000000e+000
1.349902343750047e-007	5.763403e-001	0.000000e+000
1.351855468750047e-007	5.679178e-001	0.000000e+000
1.353808593750047e-007	5.590460e-001	0.000000e+000
1.355761718750047e-007	5.497218e-001	0.000000e+000
1.357714843750047e-007	5.399425e-001	0.000000e+000
1.359667968750047e-007	5.297061e-001	0.000000e+000
1.361621093750047e-007	5.190115e-001	0.000000e+000
1.363574218750047e-007	5.078582e-001	0.000000e+000
1.365527343750047e-007	4.962464e-001	0.000000e+000
1.367480468750047e-007	4.841775e-001	0.000000e+000
1.369433593750047e-007	4.716539e-001	0.000000e+000
1.371386718750047e-007	4.586789e-001	0.000000e+000
1.373339843750047e-007	4.452571e-001	0.000000e+000
1.375292968750047e-007	4.313943e-001	0.000000e+000
1.377246093750047e-007	4.170981e-001	0.000000e+000
1.379199218750047e-007	4.023774e-001	0.000000e+000
1.381152343750047e-007	3.872427e-001	0.000000e+000
1.383105468750048e-007	3.717065e-001	0.000000e+000
1.385058593750048e-007	3.557833e-001	0.000000e+000
1.387011718750048e-007	3.394895e-001	0.000000e+000
1.388964843750048e-007	3.228437e-001	0.000000e+000
1.390917968750048e-007	3.058669e-001	0.000000e+000
1.392871093750048e-007	2.885822e-001	0.000000e+000
1.394824218750048e-007	2.710153e-001	0.000000e+000
1.396777343750048e-007	2.531944e-001	0.000000e+000
1.398730468750048e-007	2.351501e-001	0.000000e+000
1.400683593750048e-007	2.169154e-001	0.000000e+000
1.402636718750048e-007	1.985261e-001	0.000000e+000
1.404589843750048e-007	1.800200e-001	0.000000e+000
1.406542968750048e-007	1.614376e-001	0.000000e+000
1.408496093750048e-007	1.428214e-001	0.000000e+000
1.410449218750048e-007	1.242162e-001	0.000000e+000
1.412402343750048e-007	1.056685e-001	0.000000e+000
1.414355468750048e-007	8.722672e-002	0.000000e+000
1.416308593750048e-007	6.894071e-002	0.000000e+000
1.418261718750048e-007	5.086156e-002	0.000000e+000
1.420214843750048e-007	3.304128e-002	0.000000e+000
1.422167968750048e-007	1.553255e-002	0.000000e+000
1.424121093750049e-007	-1.611687e-003	0.000000e+000
1.426074218750049e-007	-1.833853e-002	0.000000e+000
1.428027343750049e-007	-3.459555e-002	0.000000e+000
1.429980468750049e-007	-5.033112e-002	0.000000e+000
1.431933593750049e-007	-6.549490e-002	0.000000e+000
1.433886718750049e-007	-8.003817e-002	0.000000e+000
1.435839843750049e-007	-9.391432e-002	0.000000e+000
1.437792968750049e-007	-1.070792e-001	0.000000e+000
1.439746093750049e-007	-1.194915e-001	0.000000e+000
1.441699218750049e-007	-1.311133e-001	0.000000e+000
1.443652343750049e-007	-1.419102e-001	0.000000e+000
1.445605468750049e-007	-1.518520e-001	0.000000e+000
1.447558593750049e-007	-1.609127e-001	0.000000e+000
1.449511718750049e-007	-1.690711e-001	0.000000e+000
1.451464843750049e-007	-1.763107e-001	0.000000e+000
1.453417968750049e-007	-1.826204e-001	0.000000e+000
1.455371093750049e-007	-1.879944e-001	0.000000e+000
1.457324218750049e-007	-1.924323e-001	0.000000e+000
1.459277343750049e-007	-1.959392e-001	0.000000e+000
1.461230468750049e-007	-1.985262e-001	0.000000e+000
1.463183593750049e-007	-2.002097e-001	0.000000e+000
1.465136718750050e-007	-2.010118e-001	0.000000e+000
1.467089843750050e-007	-2.009601e-001	0.000000e+000
1.469042968750050e-007	-2.000875e-001	0.000000e+000
1.470996093750050e-007	-1.984320e-001	0.000000e+000
1.472949218750050e-007	-1.960363e-001	0.000000e+000
1.474902343750050e-007	-1.929479e-001	0.000000e+000
1.476855468750050e-007	-1.892181e-001	0.000000e+000
1.478808593750050e-007	-1.849023e-001	0.000000e+000
1.480761718750050e-007	-1.800588e-001	0.000000e+000
1.482714843750050e-007	-1.747492e-001	0.000000e+000
1.484667968750050e-007	-1.690369e-001	0.000000e+000
1.486621093750050e-007	-1.629875e-001	0.000000e+000
1.488574218750050e-007	-1.566675e-001	0.000000e+000
1.490527343750050e-007	-1.501442e-001	0.000000e+000
1.492480468750050e-007	-1.434847e-001	0.000000e+000
1.494433593750050e-007	-1.367559e-001	0.000000e+000
1.496386718750050e-007	-1.300232e-001	0.000000e+000
1.498339843750050e-007	-1.233505e-001	0.000000e+000
1.500292968750050e-007	-1.167995e-001	0.000000e+000
1.502246093750050e-007	-1.104288e-001	0.000000e+000
1.504199218750050e-007	-1.042939e-001	0.000000e+000
1.506152343750051e-007	-9.844646e-002	0.000000e+000
1.508105468750051e-007	-9.293386e-002	0.000000e+000
1.510058593750051e-007	-8.779888e-002	0.000000e+000
1.512011718750051e-007	-8.307932e-002	0.000000e+000
1.513964843750051e-007	-7.880769e-002	0.000000e+000
1.515917968750051e-007	-7.501104e-002	0.000000e+000
1.517871093750051e-007	-7.171071e-002	0.000000e+000
1.519824218750051e-007	-6.892224e-002	0.000000e+000
1.521777343750051e-007	-6.665534e-002	0.000000e+000
1.523730468750051e-007	-6.491385e-002	0.000000e+000
1.525683593750051e-007	-6.369586e-002	0.000000e+000
1.527636718750051e-007	-6.299379e-002	0.000000e+000
1.529589843750051e-007	-6.279461e-002	0.000000e+000
1.531542968750051e-007	-6.308009e-002	0.000000e+000
1.533496093750051e-007	-6.382712e-002	0.000000e+000
1.535449218750051e-007	-6.500800e-002	0.000000e+000
1.537402343750051e-007	-6.659092e-002	0.000000e+000
1.539355468750051e-007	-6.854035e-002	0.000000e+000
1.541308593750051e-007	-7.081755e-002	0.000000e+000
1.543261718750051e-007	-7.338104e-002	0.000000e+000
1.545214843750051e-007	-7.618721e-002	0.000000e+000
1.547167968750052e-007	-7.919080e-002	0.000000e+000
1.549121093750052e-007	-8.234549e-002	0.000000e+000
1.551074218750052e-007	-8.560450e-002	0.000000e+000
1.553027343750052e-007	-8.892110e-002	0.000000e+000
1.554980468750052e-007	-9.224923e-002	0.000000e+000
1.556933593750052e-007	-9.554401e-002	0.000000e+000
1.558886718750052e-007	-9.876227e-002	0.000000e+000
1.560839843750052e-007	-1.018631e-001	0.000000e+000
1.562792968750052e-007	-1.048081e-001	0.000000e+000
1.564746093750052e-007	-1.075621e-001	0.000000e+000
1.566699218750052e-007	-1.100934e-001	0.000000e+000
1.568652343750052e-007	-1.123740e-001	0.000000e+000
1.570605468750052e-007	-1.143801e-001	0.000000e+000
1.572558593750052e-007	-1.160921e-001	0.000000e+000
1.574511718750052e-007	-1.174949e-001	0.000000e+000
1.576464843750052e-007	-1.185779e-001	0.000000e+000
1.578417968750052e-007	-1.193352e-001	0.000000e+000
1.580371093750052e-007	-1.197654e-001	0.000000e+000
1.582324218750052e-007	-1.198718e-001	0.000000e+000
1.584277343750052e-007	-1.196619e-001	0.000000e+000
1.586230468750052e-007	-1.191475e-001	0.000000e+000
1.588183593750053e-007	-1.183445e-001	0.000000e+000
1.590136718750053e-007	-1.172722e-001	0.000000e+000
1.592089843750053e-007	-1.159535e-001	0.000000e+000
1.594042968750053e-007	-1.144143e-001	0.000000e+000
1.595996093750053e-007	-1.126828e-001	0.000000e+000
1.597949218750053e-007	-1.107897e-001	0.000000e+000
1.599902343750053e-007	-1.087672e-001	0.000000e+000
1.601855468750053e-007	-1.066488e-001	0.000000e+000
1.603808593750053e-007	-1.044686e-001	0.000000e+000
1.605761718750053e-007	-1.022612e-001	0.000000e+000
1.607714843750053e-007	-1.000607e-001	0.000000e+000
1.609667968750053e-007	-9.790070e-002	0.000000e+000
1.611621093750053e-007	-9.581356e-002	0.000000e+000
1.613574218750053e-007	-9.383005e-002	0.000000e+000
1.615527343750053e-007	-9.197892e-002	0.000000e+000
1.617480468750053e-007	-9.028658e-002	0.000000e+000
1.619433593750053e-007	-8.877671e-002	0.000000e+000
1.621386718750053e-007	-8.746997e-002	0.000000e+000
1.623339843750053e-007	-8.638377e-002	0.000000e+000
1.625292968750053e-007	-8.553207e-002	0.000000e+000
1.627246093750053e-007	-8.492521e-002	0.000000e+000
1.629199218750054e-007	-8.456983e-002	0.000000e+000
1.631152343750054e-007	-8.446883e-002	0.000000e+000
1.633105468750054e-007	-8.462135e-002	0.000000e+000
1.635058593750054e-007	-8.502287e-002	0.000000e+000
1.637011718750054e-007	-8.566528e-002	0.000000e+000
1.638964843750054e-007	-8.653710e-002	0.000000e+000
1.640917968750054e-007	-8.762365e-002	0.000000e+000
1.642871093750054e-007	-8.890729e-002	0.000000e+000
1.644824218750054e-007	-9.036776e-002	0.000000e+000
1.646777343750054e-007	-9.198246e-002	0.000000e+000
1.648730468750054e-007	-9.372682e-002	0.000000e+000
1.650683593750054e-007	-9.557468e-002	0.000000e+000
1.652636718750054e-007	-9.749871e-002	0.000000e+000
1.654589843750054e-007	-9.947076e-002	0.000000e+000
1.656542968750054e-007	-1.014623e-001	0.000000e+000
1.658496093750054e-007	-1.034450e-001	0.000000e+000
1.660449218750054e-007	-1.053908e-001	0.000000e+000
1.662402343750054e-007	-1.072726e-001	0.000000e+000
1.664355468750054e-007	-1.090644e-001	0.000000e+000
1.666308593750054e-007	-1.107421e-001	0.000000e+000
1.668261718750054e-007	-1.122834e-001	0.000000e+000
1.670214843750055e-007	-1.136680e-001	0.000000e+000
1.672167968750055e-007	-1.148784e-001	0.000000e+000
1.674121093750055e-007	-1.158998e-001	0.000000e+000
1.676074218750055e-007	-1.167201e-001	0.000000e+000
1.678027343750055e-007	-1.173305e-001	0.000000e+000
1.679980468750055e-007	-1.177251e-001	0.000000e+000
1.681933593750055e-007	-1.179014e-001	0.000000e+000
1.683886718750055e-007	-1.178599e-001	0.000000e+000
1.685839843750055e-007	-1.176042e-001	0.000000e+000
1.687792968750055e-007	-1.171411e-001	0.000000e+000
1.689746093750055e-007	-1.164802e-001	0.000000e+000
1.691699218750055e-007	-1.156337e-001	0.000000e+000
1.693652343750055e-007	-1.146165e-001	0.000000e+000
1.695605468750055e-007	-1.134455e-001	0.000000e+000
1.697558593750055e-007	-1.121396e-001	0.000000e+000
1.699511718750055e-007	-1.107195e-001	0.000000e+000
1.701464843750055e-007	-1.092071e-001	0.000000e+000
1.703417968750055e-007	-1.076253e-001	0.000000e+000
1.705371093750055e-007	-1.059974e-001	0.000000e+000
1.707324218750055e-007	-1.043473e-001	0.000000e+000
1.709277343750055e-007	-1.026985e-001	0.000000e+000
1.711230468750056e-007	-1.010743e-001	0.000000e+000
1.713183593750056e-007	-9.949704e-002	0.000000e+000
1.715136718750056e-007	-9.798792e-002	0.000000e+000
1.717089843750056e-007	-9.656681e-002	0.000000e+000
1.719042968750056e-007	-9.525186e-002	0.000000e+000
1.720996093750056e-007	-9.405930e-002	0.000000e+000
1.722949218750056e-007	-9.300317e-002	0.000000e+000
1.724902343750056e-007	-9.209523e-002	0.000000e+000
1.726855468750056e-007	-9.134477e-002	0.000000e+000
1.728808593750056e-007	-9.075850e-002	0.000000e+000
1.730761718750056e-007	-9.034054e-002	0.000000e+000
1.732714843750056e-007	-9.009238e-002	0.000000e+000
1.734667968750056e-007	-9.001291e-002	0.000000e+000
1.736621093750056e-007	-9.009849e-002	0.000000e+000
1.738574218750056e-007	-9.034302e-002	0.000000e+000
1.740527343750056e-007	-9.073818e-002	0.000000e+000
1.742480468750056e-007	-9.127346e-002	0.000000e+000
1.744433593750056e-007	-9.193652e-002	0.000000e+000
1.746386718750056e-007	-9.271330e-002	0.000000e+000
1.748339843750056e-007	-9.358833e-002	0.000000e+000
1.750292968750056e-007	-9.454502e-002	0.000000e+000
1.752246093750057e-007	-9.556590e-002	0.000000e+000
1.754199218750057e-007	-9.663296e-002	0.000000e+000
1.756152343750057e-007	-9.772790e-002	0.000000e+000
1.758105468750057e-007	-9.883250e-002	0.000000e+000
1.760058593750057e-007	-9.992887e-002	0.000000e+000
1.762011718750057e-007	-1.009997e-001	0.000000e+000
1.763964843750057e-007	-1.020286e-001	0.000000e+000
1.765917968750057e-007	-1.030003e-001	0.000000e+000
1.767871093750057e-007	-1.039008e-001	0.000000e+000
1.769824218750057e-007	-1.047179e-001	0.000000e+000
1.771777343750057e-007	-1.054410e-001	0.000000e+000
1.773730468750057e-007	-1.060612e-001	0.000000e+000
1.775683593750057e-007	-1.065719e-001	0.000000e+000
1.777636718750057e-007	-1.069682e-001	0.000000e+000
1.779589843750057e-007	-1.072476e-001	0.000000e+000
1.781542968750057e-007	-1.074095e-001	0.000000e+000
1.783496093750057e-007	-1.074554e-001	0.000000e+000
1.785449218750057e-007	-1.073887e-001	0.000000e+000
1.787402343750057e-007	-1.072149e-001	0.000000e+000
1.789355468750057e-007	-1.069410e-001	0.000000e+000
1.791308593750057e-007	-1.065756e-001	0.000000e+000
1.793261718750058e-007	-1.061288e-001	0.000000e+000
1.795214843750058e-007	-1.056119e-001	0.000000e+000
1.797167968750058e-007	-1.050372e-001	0.000000e+000
1.799121093750058e-007	-1.044175e-001	0.000000e+000
1.801074218750058e-007	-1.037663e-001	0.000000e+000
1.803027343750058e-007	-1.030974e-001	0.000000e+000
1.804980468750058e-007	-1.024244e-001	0.000000e+000
1.806933593750058e-007	-1.017608e-001	0.000000e+000
1.808886718750058e-007	-1.011193e-001	0.000000e+000
1.810839843750058e-007	-1.005123e-001	0.000000e+000
1.812792968750058e-007	-9.995103e-002	0.000000e+000
1.814746093750058e-007	-9.944555e-002	0.000000e+000
1.816699218750058e-007	-9.900474e-002	0.000000e+000
1.818652343750058e-007	-9.863596e-002	0.000000e+000
1.820605468750058e-007	-9.834507e-002	0.000000e+000
1.822558593750058e-007	-9.813625e-002	0.000000e+000
1.824511718750058e-007	-9.801196e-002	0.000000e+000
1.826464843750058e-007	-9.797299e-002	0.000000e+000
1.828417968750058e-007	-9.801835e-002	0.000000e+000
1.830371093750058e-007	-9.814538e-002	0.000000e+000
1.832324218750058e-007	-9.834981e-002	0.000000e+000
1.834277343750059e-007	-9.862582e-002	0.000000e+000
1.836230468750059e-007	-9.896620e-002	0.000000e+000
1.838183593750059e-007	-9.936244e-002	0.000000e+000
1.840136718750059e-007	-9.980498e-002	0.000000e+000
1.842089843750059e-007	-1.002833e-001	0.000000e+000
1.844042968750059e-007	-1.007862e-001	0.000000e+000
1.845996093750059e-007	-1.013019e-001	0.000000e+000
1.847949218750059e-007	-1.018184e-001	0.000000e+000
1.849902343750059e-007	-1.023236e-001	0.000000e+000
1.851855468750059e-007	-1.028056e-001	0.000000e+000
1.853808593750059e-007	-1.032528e-001	0.000000e+000
1.855761718750059e-007	-1.036540e-001	0.000000e+000
1.857714843750059e-007	-1.039992e-001	0.000000e+000
1.859667968750059e-007	-1.042789e-001	0.000000e+000
1.861621093750059e-007	-1.044849e-001	0.000000e+000
1.863574218750059e-007	-1.046102e-001	0.000000e+000
1.865527343750059e-007	-1.046491e-001	0.000000e+000
1.867480468750059e-007	-1.045976e-001	0.000000e+000
1.869433593750059e-007	-1.044528e-001	0.000000e+000
1.871386718750059e-007	-1.042137e-001	0.000000e+000
1.873339843750059e-007	-1.038806e-001	0.000000e+000
1.875292968750060e-007	-1.034554e-001	0.000000e+000
1.877246093750060e-007	-1.029416e-001	0.000000e+000
1.879199218750060e-007	-1.023439e-001	0.000000e+000
1.881152343750060e-007	-1.016683e-001	0.000000e+000
1.883105468750060e-007	-1.009223e-001	0.000000e+000
1.885058593750060e-007	-1.001139e-001	0.000000e+000
1.887011718750060e-007	-9.925239e-002	0.000000e+000
1.888964843750060e-007	-9.834750e-002	0.000000e+000
1.890917968750060e-007	-9.740952e-002	0.000000e+000
1.892871093750060e-007	-9.644900e-002	0.000000e+000
1.894824218750060e-007	-9.547657e-002	0.000000e+000
1.896777343750060e-007	-9.450271e-002	0.000000e+000
1.898730468750060e-007	-9.353755e-002	0.000000e+000
1.900683593750060e-007	-9.259072e-002	0.000000e+000
1.902636718750060e-007	-9.167104e-002	0.000000e+000
1.904589843750060e-007	-9.078648e-002	0.000000e+000
1.906542968750060e-007	-8.994390e-002	0.000000e+000
1.908496093750060e-007	-8.914895e-002	0.000000e+000
1.910449218750060e-007	-8.840595e-002	0.000000e+000
1.912402343750060e-007	-8.771776e-002	0.000000e+000
1.914355468750060e-007	-8.708572e-002	0.000000e+000
1.916308593750060e-007	-8.650965e-002	0.000000e+000
1.918261718750061e-007	-8.598775e-002	0.000000e+000
1.920214843750061e-007	-8.551665e-002	0.000000e+000
1.922167968750061e-007	-8.509147e-002	0.000000e+000
1.924121093750061e-007	-8.470583e-002	0.000000e+000
1.926074218750061e-007	-8.435196e-002	0.000000e+000
1.928027343750061e-007	-8.402081e-002	0.000000e+000
1.929980468750061e-007	-8.370221e-002	0.000000e+000
1.931933593750061e-007	-8.338499e-002	0.000000e+000
1.933886718750061e-007	-8.305715e-002	0.000000e+000
1.935839843750061e-007	-8.270606e-002	0.000000e+000
1.937792968750061e-007	-8.231866e-002	0.000000e+000
1.939746093750061e-007	-8.188167e-002	0.000000e+000
1.941699218750061e-007	-8.138178e-002	0.000000e+000
1.943652343750061e-007	-8.080586e-002	0.000000e+000
1.945605468750061e-007	-8.014119e-002	0.000000e+000
1.947558593750061e-007	-7.937567e-002	0.000000e+000
1.949511718750061e-007	-7.849795e-002	0.000000e+000
1.951464843750061e-007	-7.749771e-002	0.000000e+000
1.953417968750061e-007	-7.636572e-002	0.000000e+000
1.955371093750061e-007	-7.509410e-002	0.000000e+000
1.957324218750061e-007	-7.367636e-002	0.000000e+000
1.959277343750062e-007	-7.210752e-002	0.000000e+000
1.961230468750062e-007	-7.038426e-002	0.000000e+000
1.963183593750062e-007	-6.850488e-002	0.000000e+000
1.965136718750062e-007	-6.646941e-002	0.000000e+000
1.967089843750062e-007	-6.427959e-002	0.000000e+000
1.969042968750062e-007	-6.193883e-002	0.000000e+000
1.970996093750062e-007	-5.945222e-002	0.000000e+000
1.972949218750062e-007	-5.682642e-002	0.000000e+000
1.974902343750062e-007	-5.406956e-002	0.000000e+000
1.976855468750062e-007	-5.119119e-002	0.000000e+000
1.978808593750062e-007	-4.820208e-002	0.000000e+000
1.980761718750062e-007	-4.511410e-002	0.000000e+000
1.982714843750062e-007	-4.194011e-002	0.000000e+000
1.984667968750062e-007	-3.869370e-002	0.000000e+000
1.986621093750062e-007	-3.538907e-002	0.000000e+000
1.988574218750062e-007	-3.204084e-002	0.000000e+000
1.990527343750062e-007	-2.866385e-002	0.000000e+000
1.992480468750062e-007	-2.527296e-002	0.000000e+000
1.994433593750062e-007	-2.188293e-002	0.000000e+000
1.996386718750062e-007	-1.850817e-002	0.000000e+000
1.998339843750062e-007	-1.516083e-002	0.000000e+000
2.000000000000000e-007	-1.233826e-002	0.000000e+000
