time	V(-1)	V(1)
0.000000000000000e+000	0.000000e+000	0.000000e+000
3.486327895075919e-015	0.000000e+000	4.648437e-007
6.972655790151838e-015	0.000000e+000	9.296874e-007
8.165976023952111e-012	0.000000e+000	1.088797e-003
1.632497939211407e-011	0.000000e+000	2.176664e-003
2.448398276027603e-011	0.000000e+000	3.264531e-003
3.264298612843799e-011	0.000000e+000	4.352398e-003
4.080198949659995e-011	0.000000e+000	5.440265e-003
4.896099286476191e-011	0.000000e+000	6.528132e-003
5.711999623292385e-011	0.000000e+000	7.615999e-003
1.142399924658477e-010	0.000000e+000	1.523200e-002
1.659329395221874e-010	0.000000e+000	2.212439e-002
2.057117249795294e-010	0.000000e+000	2.742823e-002
2.438912186161562e-010	0.000000e+000	3.251883e-002
2.840814691409681e-010	0.000000e+000	3.787753e-002
3.317140974439527e-010	0.000000e+000	4.422855e-002
3.859206861877182e-010	0.000000e+000	5.145609e-002
4.501395260554662e-010	0.000000e+000	6.001860e-002
5.240439027799957e-010	0.000000e+000	6.987252e-002
6.112579443177877e-010	0.000000e+000	8.150106e-002
6.902207801778931e-010	0.000000e+000	9.202944e-002
7.636518732869118e-010	0.000000e+000	1.018203e-001
8.441185122776208e-010	0.000000e+000	1.125491e-001
9.297575878683409e-010	0.000000e+000	1.239677e-001
1.025985477341930e-009	0.000000e+000	1.367981e-001
1.130630816521231e-009	0.000000e+000	1.507508e-001
1.247880425563493e-009	0.000000e+000	1.663841e-001
1.376660348400339e-009	0.000000e+000	1.835547e-001
1.487750807839299e-009	0.000000e+000	1.983668e-001
1.604709124958866e-009	0.000000e+000	2.139612e-001
1.725675957752924e-009	0.000000e+000	2.300901e-001
1.858239160437335e-009	0.000000e+000	2.477652e-001
1.999216643272886e-009	0.000000e+000	2.665622e-001
2.153683016175651e-009	0.000000e+000	2.871577e-001
2.286567041633355e-009	0.000000e+000	3.048756e-001
2.440260620769601e-009	0.000000e+000	3.253681e-001
2.582256084697063e-009	0.000000e+000	3.443008e-001
2.747454370837844e-009	0.000000e+000	3.663273e-001
2.911038230725841e-009	0.000000e+000	3.881384e-001
3.096222652557303e-009	0.000000e+000	4.128297e-001
3.260256723834193e-009	0.000000e+000	4.347009e-001
3.432884628870851e-009	0.000000e+000	4.577180e-001
3.607973540509676e-009	0.000000e+000	4.810631e-001
3.796676023310928e-009	0.000000e+000	5.062234e-001
3.993063679427335e-009	0.000000e+000	5.324085e-001
4.171059219747749e-009	0.000000e+000	5.561413e-001
4.371063337330226e-009	0.000000e+000	5.828084e-001
4.559325409421265e-009	0.000000e+000	6.079100e-001
4.771515035309709e-009	0.000000e+000	6.362020e-001
4.982269016823304e-009	0.000000e+000	6.643025e-001
5.177188220764757e-009	0.000000e+000	6.902918e-001
5.398698218638316e-009	0.000000e+000	7.198264e-001
5.604305063745107e-009	0.000000e+000	7.472407e-001
5.837221248603717e-009	0.000000e+000	7.782962e-001
6.066081284102881e-009	0.000000e+000	8.088108e-001
6.280102086787659e-009	0.000000e+000	8.373470e-001
6.509893944805615e-009	0.000000e+000	8.679858e-001
6.740175236027837e-009	0.000000e+000	8.986900e-001
6.987284346343067e-009	0.000000e+000	9.316379e-001
7.245267371136722e-009	0.000000e+000	9.660357e-001
7.291620785328828e-009	0.000000e+000	9.722161e-001
7.394049338989472e-009	0.000000e+000	9.858732e-001
7.409185147705261e-009	0.000000e+000	9.878913e-001
7.424320956421051e-009	0.000000e+000	9.899094e-001
7.439456765136841e-009	0.000000e+000	9.919276e-001
7.454592573852631e-009	0.000000e+000	9.939457e-001
7.469728382568420e-009	0.000000e+000	9.959638e-001
7.484864191284210e-009	0.000000e+000	9.979819e-001
7.499999999999999e-009	0.000000e+000	1.000000e+000
7.500574881028026e-009	0.000000e+000	1.000000e+000
7.501724643084079e-009	0.000000e+000	1.000000e+000
7.576836499057669e-009	0.000000e+000	1.000000e+000
7.651948355031257e-009	0.000000e+000	1.000000e+000
7.727060211004847e-009	0.000000e+000	1.000000e+000
7.802172066978435e-009	0.000000e+000	1.000000e+000
7.877283922952025e-009	0.000000e+000	1.000000e+000
7.952395778925613e-009	0.000000e+000	1.000000e+000
8.027507634899203e-009	0.000000e+000	1.000000e+000
8.277516735554371e-009	0.000000e+000	1.000000e+000
8.521306226992658e-009	0.000000e+000	1.000000e+000
8.781134810552607e-009	0.000000e+000	1.000000e+000
9.044051122658779e-009	0.000000e+000	1.000000e+000
9.323198620340025e-009	0.000000e+000	1.000000e+000
9.609841941220727e-009	0.000000e+000	1.000000e+000
9.872209005701638e-009	0.000000e+000	1.000000e+000
1.016086382345936e-008	0.000000e+000	1.000000e+000
1.044391609996909e-008	0.000000e+000	1.000000e+000
1.071426294269483e-008	0.000000e+000	1.000000e+000
1.100002671500053e-008	0.000000e+000	1.000000e+000
1.128746122685180e-008	0.000000e+000	1.000000e+000
1.159157301919079e-008	0.000000e+000	1.000000e+000
1.190260652903860e-008	0.000000e+000	1.000000e+000
1.219079821870700e-008	0.000000e+000	1.000000e+000
1.250473669060838e-008	0.000000e+000	1.000000e+000
1.281397276453714e-008	0.000000e+000	1.000000e+000
1.311118513541773e-008	0.000000e+000	1.000000e+000
1.342356860679535e-008	0.000000e+000	1.000000e+000
1.373843123966989e-008	0.000000e+000	1.000000e+000
1.407007252921226e-008	0.000000e+000	1.000000e+000
1.440000808943497e-008	0.000000e+000	1.000000e+000
1.472039128581629e-008	0.000000e+000	1.000000e+000
1.505871842647579e-008	0.000000e+000	1.000000e+000
1.540035847067880e-008	0.000000e+000	1.000000e+000
1.572245750650675e-008	0.000000e+000	1.000000e+000
1.606812105791013e-008	0.000000e+000	1.000000e+000
1.641128347269384e-008	0.000000e+000	1.000000e+000
1.675991628519384e-008	0.000000e+000	1.000000e+000
1.709886422072036e-008	0.000000e+000	1.000000e+000
1.744749703322036e-008	0.000000e+000	1.000000e+000
1.779612984572037e-008	0.000000e+000	1.000000e+000
1.814175642957323e-008	0.000000e+000	1.000000e+000
1.849038924207323e-008	0.000000e+000	1.000000e+000
1.883902205457323e-008	0.000000e+000	1.000000e+000
1.918765486707323e-008	0.000000e+000	1.000000e+000
1.953628767957323e-008	0.000000e+000	1.000000e+000
1.988492049207323e-008	0.000000e+000	1.000000e+000
2.023355330457323e-008	0.000000e+000	1.000000e+000
2.058218611707323e-008	0.000000e+000	1.000000e+000
2.093081892957323e-008	0.000000e+000	1.000000e+000
2.127945174207323e-008	0.000000e+000	1.000000e+000
2.162808455457323e-008	0.000000e+000	1.000000e+000
2.197671736707323e-008	0.000000e+000	1.000000e+000
2.232535017957323e-008	0.000000e+000	1.000000e+000
2.267398299207323e-008	0.000000e+000	1.000000e+000
2.302261580457323e-008	0.000000e+000	1.000000e+000
2.337124861707323e-008	0.000000e+000	1.000000e+000
2.371988142957323e-008	0.000000e+000	1.000000e+000
2.406851424207323e-008	0.000000e+000	1.000000e+000
2.441714705457323e-008	0.000000e+000	1.000000e+000
2.476577986707323e-008	0.000000e+000	1.000000e+000
2.511441267957323e-008	0.000000e+000	1.000000e+000
2.546304549207323e-008	0.000000e+000	1.000000e+000
2.581167830457323e-008	0.000000e+000	1.000000e+000
2.616031111707323e-008	0.000000e+000	1.000000e+000
2.650894392957323e-008	0.000000e+000	1.000000e+000
2.685757674207323e-008	0.000000e+000	1.000000e+000
2.720620955457323e-008	0.000000e+000	1.000000e+000
2.755484236707323e-008	0.000000e+000	1.000000e+000
2.790347517957323e-008	0.000000e+000	1.000000e+000
2.825210799207323e-008	0.000000e+000	1.000000e+000
2.860074080457323e-008	0.000000e+000	1.000000e+000
2.894937361707323e-008	0.000000e+000	1.000000e+000
2.929800642957323e-008	0.000000e+000	1.000000e+000
2.964663924207323e-008	0.000000e+000	1.000000e+000
2.999527205457323e-008	0.000000e+000	1.000000e+000
3.034390486707322e-008	0.000000e+000	1.000000e+000
3.069253767957322e-008	0.000000e+000	1.000000e+000
3.104117049207322e-008	0.000000e+000	1.000000e+000
3.138980330457321e-008	0.000000e+000	1.000000e+000
3.173843611707321e-008	0.000000e+000	1.000000e+000
3.208706892957321e-008	0.000000e+000	1.000000e+000
3.243570174207320e-008	0.000000e+000	1.000000e+000
3.278433455457320e-008	0.000000e+000	1.000000e+000
3.313296736707320e-008	0.000000e+000	1.000000e+000
3.348160017957320e-008	0.000000e+000	1.000000e+000
3.383023299207319e-008	0.000000e+000	1.000000e+000
3.417886580457319e-008	0.000000e+000	1.000000e+000
3.452749861707319e-008	0.000000e+000	1.000000e+000
3.487613142957318e-008	0.000000e+000	1.000000e+000
3.522476424207318e-008	0.000000e+000	1.000000e+000
3.557339705457318e-008	0.000000e+000	1.000000e+000
3.592202986707317e-008	0.000000e+000	1.000000e+000
3.627066267957317e-008	0.000000e+000	1.000000e+000
3.661929549207317e-008	0.000000e+000	1.000000e+000
3.696792830457316e-008	0.000000e+000	1.000000e+000
3.731656111707316e-008	0.000000e+000	1.000000e+000
3.766519392957316e-008	0.000000e+000	1.000000e+000
3.801382674207315e-008	0.000000e+000	1.000000e+000
3.836245955457315e-008	0.000000e+000	1.000000e+000
3.871109236707315e-008	0.000000e+000	1.000000e+000
3.905972517957314e-008	0.000000e+000	1.000000e+000
3.940835799207314e-008	0.000000e+000	1.000000e+000
3.975699080457314e-008	0.000000e+000	1.000000e+000
4.010562361707314e-008	0.000000e+000	1.000000e+000
4.045425642957313e-008	0.000000e+000	1.000000e+000
4.080288924207313e-008	0.000000e+000	1.000000e+000
4.115152205457313e-008	0.000000e+000	1.000000e+000
4.150015486707312e-008	0.000000e+000	1.000000e+000
4.184878767957312e-008	0.000000e+000	1.000000e+000
4.219742049207312e-008	0.000000e+000	1.000000e+000
4.254605330457311e-008	0.000000e+000	1.000000e+000
4.289468611707311e-008	0.000000e+000	1.000000e+000
4.324331892957311e-008	0.000000e+000	1.000000e+000
4.359195174207310e-008	0.000000e+000	1.000000e+000
4.394058455457310e-008	0.000000e+000	1.000000e+000
4.428921736707310e-008	0.000000e+000	1.000000e+000
4.463785017957309e-008	0.000000e+000	1.000000e+000
4.498648299207309e-008	0.000000e+000	1.000000e+000
4.533511580457309e-008	0.000000e+000	1.000000e+000
4.568374861707308e-008	0.000000e+000	1.000000e+000
4.603238142957308e-008	0.000000e+000	1.000000e+000
4.638101424207308e-008	0.000000e+000	1.000000e+000
4.672964705457307e-008	0.000000e+000	1.000000e+000
4.707827986707307e-008	0.000000e+000	1.000000e+000
4.742691267957307e-008	0.000000e+000	1.000000e+000
4.777554549207307e-008	0.000000e+000	1.000000e+000
4.812417830457306e-008	0.000000e+000	1.000000e+000
4.847281111707306e-008	0.000000e+000	1.000000e+000
4.882144392957306e-008	0.000000e+000	1.000000e+000
4.917007674207305e-008	0.000000e+000	1.000000e+000
4.951870955457305e-008	0.000000e+000	1.000000e+000
4.986734236707305e-008	0.000000e+000	1.000000e+000
5.021597517957304e-008	0.000000e+000	1.000000e+000
5.056460799207304e-008	0.000000e+000	1.000000e+000
5.091324080457304e-008	0.000000e+000	1.000000e+000
5.126187361707303e-008	0.000000e+000	1.000000e+000
5.161050642957303e-008	0.000000e+000	1.000000e+000
5.195913924207303e-008	0.000000e+000	1.000000e+000
5.230777205457302e-008	0.000000e+000	1.000000e+000
5.265640486707302e-008	0.000000e+000	1.000000e+000
5.300503767957302e-008	0.000000e+000	1.000000e+000
5.335367049207301e-008	0.000000e+000	1.000000e+000
5.370230330457301e-008	0.000000e+000	1.000000e+000
5.405093611707301e-008	0.000000e+000	1.000000e+000
5.439956892957301e-008	0.000000e+000	1.000000e+000
5.474820174207300e-008	0.000000e+000	1.000000e+000
5.509683455457300e-008	0.000000e+000	1.000000e+000
5.544546736707300e-008	0.000000e+000	1.000000e+000
5.579410017957299e-008	0.000000e+000	1.000000e+000
5.614273299207299e-008	0.000000e+000	1.000000e+000
5.649136580457299e-008	0.000000e+000	1.000000e+000
5.683999861707298e-008	0.000000e+000	1.000000e+000
5.718863142957298e-008	0.000000e+000	1.000000e+000
5.753726424207298e-008	0.000000e+000	1.000000e+000
5.788589705457297e-008	0.000000e+000	1.000000e+000
5.823452986707297e-008	0.000000e+000	1.000000e+000
5.858316267957297e-008	0.000000e+000	1.000000e+000
5.893179549207296e-008	0.000000e+000	1.000000e+000
5.928042830457296e-008	0.000000e+000	1.000000e+000
5.962906111707296e-008	0.000000e+000	1.000000e+000
5.997769392957295e-008	0.000000e+000	1.000000e+000
6.032632674207295e-008	0.000000e+000	1.000000e+000
6.067495955457295e-008	0.000000e+000	1.000000e+000
6.102359236707294e-008	0.000000e+000	1.000000e+000
6.137222517957294e-008	0.000000e+000	1.000000e+000
6.172085799207294e-008	0.000000e+000	1.000000e+000
6.206949080457294e-008	0.000000e+000	1.000000e+000
6.241812361707293e-008	0.000000e+000	1.000000e+000
6.276675642957293e-008	0.000000e+000	1.000000e+000
6.311538924207293e-008	0.000000e+000	1.000000e+000
6.346402205457292e-008	0.000000e+000	1.000000e+000
6.381265486707292e-008	1.401298e-045	1.000000e+000
6.416128767957292e-008	2.802597e-045	1.000000e+000
6.450992049207291e-008	8.407791e-045	1.000000e+000
6.485855330457291e-008	1.821688e-044	1.000000e+000
6.520718611707291e-008	4.344025e-044	1.000000e+000
6.555581892957290e-008	9.949219e-044	1.000000e+000
6.590445174207290e-008	2.270104e-043	1.000000e+000
6.625308455457290e-008	5.128752e-043	1.000000e+000
6.660171736707289e-008	1.156071e-042	1.000000e+000
6.695035017957289e-008	2.592402e-042	1.000000e+000
6.729898299207289e-008	5.787363e-042	1.000000e+000
6.764761580457288e-008	1.285972e-041	1.000000e+000
6.799624861707288e-008	2.844215e-041	1.000000e+000
6.834488142957288e-008	6.262123e-041	1.000000e+000
6.869351424207287e-008	1.372446e-040	1.000000e+000
6.904214705457287e-008	2.994407e-040	1.000000e+000
6.939077986707287e-008	6.503889e-040	1.000000e+000
6.973941267957287e-008	1.406364e-039	1.000000e+000
7.008804549207286e-008	3.027591e-039	1.000000e+000
7.043667830457286e-008	6.489088e-039	1.000000e+000
7.078531111707286e-008	1.384745e-038	1.000000e+000
7.113394392957285e-008	2.942167e-038	1.000000e+000
7.148257674207285e-008	6.224274e-038	1.000000e+000
7.183120955457285e-008	1.311130e-037	1.000000e+000
7.217984236707284e-008	2.750109e-037	1.000000e+000
7.252847517957284e-008	5.743983e-037	1.000000e+000
7.287710799207284e-008	1.194666e-036	1.000000e+000
7.322574080457283e-008	2.474352e-036	1.000000e+000
7.357437361707283e-008	5.103512e-036	1.000000e+000
7.392300642957283e-008	1.048287e-035	1.000000e+000
7.427163924207282e-008	2.144401e-035	1.000000e+000
7.462027205457282e-008	4.368745e-035	1.000000e+000
7.496890486707282e-008	8.864271e-035	1.000000e+000
7.531753767957281e-008	1.791329e-034	1.000000e+000
7.566617049207281e-008	3.605487e-034	1.000000e+000
7.601480330457281e-008	7.228014e-034	1.000000e+000
7.636343611707281e-008	1.443279e-033	1.000000e+000
7.671206892957280e-008	2.870569e-033	1.000000e+000
7.706070174207280e-008	5.686977e-033	1.000000e+000
7.740933455457280e-008	1.122278e-032	1.000000e+000
7.775796736707279e-008	2.206149e-032	1.000000e+000
7.810660017957279e-008	4.320096e-032	1.000000e+000
7.845523299207279e-008	8.427244e-032	1.000000e+000
7.880386580457278e-008	1.637648e-031	1.000000e+000
7.915249861707278e-008	3.170350e-031	1.000000e+000
7.950113142957278e-008	6.114409e-031	1.000000e+000
7.984976424207277e-008	1.174819e-030	1.000000e+000
8.019839705457277e-008	2.248878e-030	1.000000e+000
8.054702986707277e-008	4.288911e-030	1.000000e+000
8.089566267957276e-008	8.149357e-030	1.000000e+000
8.124429549207276e-008	1.542776e-029	1.000000e+000
8.159292830457276e-008	2.910007e-029	1.000000e+000
8.194156111707275e-008	5.468959e-029	1.000000e+000
8.229019392957275e-008	1.024101e-028	1.000000e+000
8.263882674207275e-008	1.910807e-028	1.000000e+000
8.298745955457274e-008	3.552498e-028	1.000000e+000
8.333609236707274e-008	6.581153e-028	1.000000e+000
8.368472517957274e-008	1.214867e-027	1.000000e+000
8.403335799207274e-008	2.234711e-027	1.000000e+000
8.438199080457273e-008	4.096260e-027	1.000000e+000
8.473062361707273e-008	7.482289e-027	1.000000e+000
8.507925642957273e-008	1.361976e-026	1.000000e+000
8.542788924207272e-008	2.470582e-026	1.000000e+000
8.577652205457272e-008	4.466129e-026	1.000000e+000
8.612515486707272e-008	8.045856e-026	1.000000e+000
8.647378767957271e-008	1.444538e-025	1.000000e+000
8.682242049207271e-008	2.584689e-025	1.000000e+000
8.717105330457271e-008	4.609108e-025	1.000000e+000
8.751968611707270e-008	8.191456e-025	1.000000e+000
8.786831892957270e-008	1.450934e-024	1.000000e+000
8.821695174207270e-008	2.561431e-024	1.000000e+000
8.856558455457269e-008	4.506845e-024	1.000000e+000
8.891421736707269e-008	7.903578e-024	1.000000e+000
8.926285017957269e-008	1.381472e-023	1.000000e+000
8.961148299207268e-008	2.406765e-023	1.000000e+000
8.996011580457268e-008	4.179310e-023	1.000000e+000
9.030874861707268e-008	7.233702e-023	1.000000e+000
9.065738142957268e-008	1.247980e-022	1.000000e+000
9.100601424207267e-008	2.146106e-022	1.000000e+000
9.135464705457267e-008	3.678722e-022	1.000000e+000
9.170327986707267e-008	6.285656e-022	1.000000e+000
9.205191267957266e-008	1.070576e-021	1.000000e+000
9.240054549207266e-008	1.817621e-021	1.000000e+000
9.274917830457266e-008	3.076190e-021	1.000000e+000
9.309781111707265e-008	5.189820e-021	1.000000e+000
9.344644392957265e-008	8.728224e-021	1.000000e+000
9.379507674207265e-008	1.463319e-020	1.000000e+000
9.414370955457264e-008	2.445664e-020	1.000000e+000
9.449234236707264e-008	4.074780e-020	1.000000e+000
9.484097517957264e-008	6.768085e-020	1.000000e+000
9.518960799207263e-008	1.120693e-019	1.000000e+000
9.553824080457263e-008	1.850000e-019	1.000000e+000
9.588687361707263e-008	3.044565e-019	1.000000e+000
9.623550642957262e-008	4.995190e-019	1.000000e+000
9.658413924207262e-008	8.170647e-019	1.000000e+000
9.693277205457262e-008	1.332426e-018	1.000000e+000
9.728140486707261e-008	2.166288e-018	1.000000e+000
9.763003767957261e-008	3.511399e-018	1.000000e+000
9.797867049207261e-008	5.674653e-018	1.000000e+000
9.832730330457261e-008	9.143187e-018	1.000000e+000
9.867593611707260e-008	1.468789e-017	1.000000e+000
9.902456892957260e-008	2.352493e-017	1.000000e+000
9.937320174207260e-008	3.756718e-017	1.000000e+000
9.972183455457259e-008	5.981418e-017	1.000000e+000
1.000704673670726e-007	9.495519e-017	1.000000e+000
1.004191001795726e-007	1.502990e-016	1.000000e+000
1.007677329920726e-007	2.372029e-016	1.000000e+000
1.011163658045726e-007	3.732621e-016	1.000000e+000
1.014649986170726e-007	5.856545e-016	1.000000e+000
1.018136314295726e-007	9.162336e-016	1.000000e+000
1.021622642420726e-007	1.429261e-015	1.000000e+000
1.025108970545726e-007	2.223109e-015	1.000000e+000
1.028595298670726e-007	3.447920e-015	1.000000e+000
1.032081626795726e-007	5.332172e-015	1.000000e+000
1.035567954920726e-007	8.222513e-015	1.000000e+000
1.039054283045726e-007	1.264334e-014	1.000000e+000
1.042540611170726e-007	1.938557e-014	1.000000e+000
1.046026939295726e-007	2.963862e-014	1.000000e+000
1.049513267420725e-007	4.518592e-014	1.000000e+000
1.052999595545725e-007	6.869365e-014	1.000000e+000
1.056485923670725e-007	1.041361e-013	1.000000e+000
1.059972251795725e-007	1.574199e-013	1.000000e+000
1.063458579920725e-007	2.372983e-013	1.000000e+000
1.066944908045725e-007	3.567045e-013	1.000000e+000
1.070431236170725e-007	5.193979e-013	1.000000e+000
1.071513671875000e-007	5.842936e-013	1.000000e+000
1.072835128591451e-007	6.828638e-013	1.000000e+000
1.075000000000000e-007	8.660128e-013	1.000000e+000
1.075216487140855e-007	8.879800e-013	9.971135e-001
1.075649461422565e-007	9.335837e-013	9.913405e-001
1.076515409985984e-007	1.033656e-012	9.797946e-001
1.078247307112824e-007	1.277782e-012	9.567026e-001
1.081711101366503e-007	1.926962e-012	9.105186e-001
1.085197429491503e-007	2.855625e-012	8.640343e-001
1.088683757616503e-007	4.219229e-012	8.175499e-001
1.092170085741503e-007	6.216694e-012	7.710655e-001
1.095656413866503e-007	9.134448e-012	7.245811e-001
1.099142741991503e-007	1.338454e-011	6.780968e-001
1.102629070116503e-007	1.955803e-011	6.316124e-001
1.106115398241503e-007	2.850027e-011	5.851280e-001
1.109601726366503e-007	4.141681e-011	5.386437e-001
1.113088054491503e-007	6.002194e-011	4.921593e-001
1.116574382616503e-007	8.674624e-011	4.456749e-001
1.120060710741503e-007	1.250259e-010	3.991905e-001
1.123547038866503e-007	1.797049e-010	3.527061e-001
1.127033366991503e-007	2.575914e-010	3.062218e-001
1.130519695116502e-007	3.682273e-010	2.597374e-001
1.134006023241502e-007	5.249464e-010	2.132530e-001
1.137492351366502e-007	7.463275e-010	1.667687e-001
1.140978679491502e-007	1.058183e-009	1.202843e-001
1.144465007616502e-007	1.476767e-009	7.379990e-002
1.146513671875000e-007	1.810046e-009	4.648437e-002
1.150000000000000e-007	2.504108e-009	0.000000e+000
1.150007669930335e-007	2.505973e-009	0.000000e+000
1.150023009791003e-007	2.509707e-009	0.000000e+000
1.150158877128357e-007	2.543056e-009	0.000000e+000
1.150294744465711e-007	2.576975e-009	0.000000e+000
1.150430611803064e-007	2.611464e-009	0.000000e+000
1.150566479140418e-007	2.646523e-009	0.000000e+000
1.150702346477771e-007	2.682152e-009	0.000000e+000
1.150838213815125e-007	2.718350e-009	0.000000e+000
1.150974081152478e-007	2.755119e-009	0.000000e+000
1.151955832235291e-007	3.040239e-009	0.000000e+000
1.153919334400916e-007	3.720390e-009	0.000000e+000
1.157405662525916e-007	5.266130e-009	0.000000e+000
1.160891990650916e-007	7.352304e-009	0.000000e+000
1.164378318775916e-007	1.023710e-008	0.000000e+000
1.167864646900916e-007	1.421520e-008	0.000000e+000
1.171350975025916e-007	1.968573e-008	0.000000e+000
1.174837303150916e-007	2.718776e-008	0.000000e+000
1.178323631275916e-007	3.729108e-008	0.000000e+000
1.181289434928932e-007	4.857490e-008	0.000000e+000
1.183842723251661e-007	6.095001e-008	0.000000e+000
1.186101243391847e-007	7.441538e-008	0.000000e+000
1.187999627051417e-007	8.803396e-008	0.000000e+000
1.189909390573199e-007	1.042960e-007	0.000000e+000
1.191823614894245e-007	1.237553e-007	0.000000e+000
1.194238089433868e-007	1.540571e-007	0.000000e+000
1.197538949739563e-007	2.069485e-007	0.000000e+000
1.201025277864563e-007	2.786304e-007	0.000000e+000
1.203608323401262e-007	3.455577e-007	0.000000e+000
1.205578611517089e-007	4.081301e-007	0.000000e+000
1.207611415517597e-007	4.851254e-007	0.000000e+000
1.209649805325864e-007	5.759221e-007	0.000000e+000
1.211523392385687e-007	6.738058e-007	0.000000e+000
1.213411715665202e-007	7.901421e-007	0.000000e+000
1.215688048026287e-007	9.591337e-007	0.000000e+000
1.218674481992011e-007	1.228960e-006	0.000000e+000
1.221199319432900e-007	1.506738e-006	0.000000e+000
1.223335202170100e-007	1.791232e-006	0.000000e+000
1.225500775203830e-007	2.135183e-006	0.000000e+000
1.227688038586816e-007	2.544461e-006	0.000000e+000
1.229630452907205e-007	2.970885e-006	0.000000e+000
1.231601198688463e-007	3.475134e-006	0.000000e+000
1.233488230431092e-007	4.036101e-006	0.000000e+000
1.235502958410450e-007	4.737073e-006	0.000000e+000
1.237830007428641e-007	5.689233e-006	0.000000e+000
1.240104958522939e-007	6.791414e-006	0.000000e+000
1.242422483900770e-007	8.125322e-006	0.000000e+000
1.244727277785779e-007	9.688340e-006	0.000000e+000
1.246717254999639e-007	1.126858e-005	0.000000e+000
1.248719062469896e-007	1.311784e-005	0.000000e+000
1.250730538672850e-007	1.526323e-005	0.000000e+000
1.252643151443630e-007	1.761406e-005	0.000000e+000
1.254577722114231e-007	2.037038e-005	0.000000e+000
1.256899636051902e-007	2.421063e-005	0.000000e+000
1.259059812071878e-007	2.841034e-005	0.000000e+000
1.261668918017902e-007	3.436747e-005	0.000000e+000
1.263760508361608e-007	3.994235e-005	0.000000e+000
1.265796269841538e-007	4.625233e-005	0.000000e+000
1.267856300162599e-007	5.359165e-005	0.000000e+000
1.269794065299621e-007	6.150205e-005	0.000000e+000
1.271748127273954e-007	7.062292e-005	0.000000e+000
1.273715607433802e-007	8.111369e-005	0.000000e+000
1.275752011078057e-007	9.349758e-005	0.000000e+000
1.277666400355484e-007	1.068620e-004	0.000000e+000
1.280011966383722e-007	1.256933e-004	0.000000e+000
1.282187017374001e-007	1.458138e-004	0.000000e+000
1.284388740177683e-007	1.693224e-004	0.000000e+000
1.286541897785449e-007	1.956719e-004	0.000000e+000
1.288521682454325e-007	2.233492e-004	0.000000e+000
1.290554228954671e-007	2.556782e-004	0.000000e+000
1.292562202522962e-007	2.918643e-004	0.000000e+000
1.294501182540001e-007	3.313995e-004	0.000000e+000
1.296457001719104e-007	3.765225e-004	0.000000e+000
1.298538581505101e-007	4.308284e-004	0.000000e+000
1.300568632266026e-007	4.909345e-004	0.000000e+000
1.302790044661453e-007	5.659478e-004	0.000000e+000
1.305142693782556e-007	6.563889e-004	0.000000e+000
1.307210847034113e-007	7.468641e-004	0.000000e+000
1.309313275228630e-007	8.510423e-004	0.000000e+000
1.311321406296445e-007	9.630435e-004	0.000000e+000
1.313289305649529e-007	1.086302e-003	0.000000e+000
1.315272230562460e-007	1.225302e-003	0.000000e+000
1.317201620908588e-007	1.376393e-003	0.000000e+000
1.319145424516069e-007	1.547213e-003	0.000000e+000
1.321465436901549e-007	1.776168e-003	0.000000e+000
1.323593993042742e-007	2.012252e-003	0.000000e+000
1.325671768533415e-007	2.271359e-003	0.000000e+000
1.327767151015330e-007	2.563495e-003	0.000000e+000
1.329746577273159e-007	2.872153e-003	0.000000e+000
1.331959332072512e-007	3.257083e-003	0.000000e+000
1.333955127577374e-007	3.643163e-003	0.000000e+000
1.335885836440921e-007	4.057823e-003	0.000000e+000
1.337842447151663e-007	4.522229e-003	0.000000e+000
1.339762823006553e-007	5.025884e-003	0.000000e+000
1.341809409786099e-007	5.619892e-003	0.000000e+000
1.343939500215753e-007	6.305730e-003	0.000000e+000
1.346167416744335e-007	7.101229e-003	0.000000e+000
1.348188440260832e-007	7.900938e-003	0.000000e+000
1.350279085385709e-007	8.815341e-003	0.000000e+000
1.352308645581971e-007	9.792411e-003	0.000000e+000
1.354268608206461e-007	1.082949e-002	0.000000e+000
1.356265466730947e-007	1.198742e-002	0.000000e+000
1.358199991958604e-007	1.321463e-002	0.000000e+000
1.360164420007894e-007	1.457995e-002	0.000000e+000
1.362339103911391e-007	1.623541e-002	0.000000e+000
1.364416197174887e-007	1.796721e-002	0.000000e+000
1.366464003995711e-007	1.983713e-002	0.000000e+000
1.368548733571925e-007	2.192024e-002	0.000000e+000
1.370748694844066e-007	2.432079e-002	0.000000e+000
1.372762865741888e-007	2.671782e-002	0.000000e+000
1.374812323257547e-007	2.937079e-002	0.000000e+000
1.376772836042188e-007	3.212249e-002	0.000000e+000
1.378765800123418e-007	3.515279e-002	0.000000e+000
1.380811714053125e-007	3.851599e-002	0.000000e+000
1.382778292347073e-007	4.201528e-002	0.000000e+000
1.384979021706956e-007	4.625204e-002	0.000000e+000
1.387070034120782e-007	5.060724e-002	0.000000e+000
1.389247354057381e-007	5.550900e-002	0.000000e+000
1.391287192392214e-007	6.046013e-002	0.000000e+000
1.393354416376315e-007	6.585723e-002	0.000000e+000
1.395346668048029e-007	7.143708e-002	0.000000e+000
1.397363287700533e-007	7.748665e-002	0.000000e+000
1.399376523991113e-007	8.394259e-002	0.000000e+000
1.401363888558761e-007	9.074436e-002	0.000000e+000
1.403327019284477e-007	9.791330e-002	0.000000e+000
1.405469319720128e-007	1.062531e-001	0.000000e+000
1.407547665699742e-007	1.148697e-001	0.000000e+000
1.409594087842346e-007	1.238987e-001	0.000000e+000
1.411663975631727e-007	1.335943e-001	0.000000e+000
1.413680276690703e-007	1.436051e-001	0.000000e+000
1.415741604443890e-007	1.544338e-001	0.000000e+000
1.417750218932330e-007	1.655736e-001	0.000000e+000
1.419711474484605e-007	1.770373e-001	0.000000e+000
1.421694517311016e-007	1.892258e-001	0.000000e+000
1.423633647122580e-007	2.017409e-001	0.000000e+000
1.425645506269653e-007	2.153812e-001	0.000000e+000
1.427931389846787e-007	2.316440e-001	0.000000e+000
1.430012131959087e-007	2.471567e-001	0.000000e+000
1.432016324346280e-007	2.627922e-001	0.000000e+000
1.434093295535558e-007	2.796947e-001	0.000000e+000
1.436118811013467e-007	2.968520e-001	0.000000e+000
1.438103420080926e-007	3.143194e-001	0.000000e+000
1.440107736236749e-007	3.326067e-001	0.000000e+000
1.442054734228874e-007	3.509865e-001	0.000000e+000
1.444037907299368e-007	3.703335e-001	0.000000e+000
1.446166771899960e-007	3.917586e-001	0.000000e+000
1.448203469876532e-007	4.128709e-001	0.000000e+000
1.450244779821521e-007	4.346295e-001	0.000000e+000
1.452326471338722e-007	4.573930e-001	0.000000e+000
1.454382545558056e-007	4.804083e-001	0.000000e+000
1.456391112463117e-007	5.033736e-001	0.000000e+000
1.458420095040134e-007	5.270119e-001	0.000000e+000
1.460395436651451e-007	5.504075e-001	0.000000e+000
1.462407570002769e-007	5.745799e-001	0.000000e+000
1.464410843105176e-007	5.989328e-001	0.000000e+000
1.466412172676539e-007	6.234958e-001	0.000000e+000
1.468476541455241e-007	6.490129e-001	0.000000e+000
1.470575178214070e-007	6.750701e-001	0.000000e+000
1.472720823560433e-007	7.017557e-001	0.000000e+000
1.474748332247419e-007	7.269389e-001	0.000000e+000
1.476811672240635e-007	7.524561e-001	0.000000e+000
1.478829055776932e-007	7.772152e-001	0.000000e+000
1.480964804094202e-007	8.031437e-001	0.000000e+000
1.482953956916822e-007	8.269415e-001	0.000000e+000
1.485111745802717e-007	8.522927e-001	0.000000e+000
1.487065670862447e-007	8.747424e-001	0.000000e+000
1.489218452973020e-007	8.988328e-001	0.000000e+000
1.491204587218192e-007	9.203914e-001	0.000000e+000
1.493225292817688e-007	9.415591e-001	0.000000e+000
1.495274732971692e-007	9.621818e-001	0.000000e+000
1.497304389800378e-007	9.816632e-001	0.000000e+000
1.499527314545146e-007	1.001889e+000	0.000000e+000
1.501530613936468e-007	1.019059e+000	0.000000e+000
1.503485561766673e-007	1.034725e+000	0.000000e+000
1.505468062637902e-007	1.049462e+000	0.000000e+000
1.507598420227313e-007	1.064014e+000	0.000000e+000
1.509559840540574e-007	1.076178e+000	0.000000e+000
1.511576668156343e-007	1.087363e+000	0.000000e+000
1.513642548658695e-007	1.097410e+000	0.000000e+000
1.515906830684046e-007	1.106813e+000	0.000000e+000
1.518064662436871e-007	1.114215e+000	0.000000e+000
1.520127248781524e-007	1.119810e+000	0.000000e+000
1.522112441152273e-007	1.123815e+000	0.000000e+000
1.524123873313277e-007	1.126525e+000	0.000000e+000
1.526081276072939e-007	1.127881e+000	0.000000e+000
1.528076264342234e-007	1.127994e+000	0.000000e+000
1.530031870385955e-007	1.126887e+000	0.000000e+000
1.532138484889535e-007	1.124382e+000	0.000000e+000
1.534438030203932e-007	1.120272e+000	0.000000e+000
1.536534359833824e-007	1.115329e+000	0.000000e+000
1.538620740247272e-007	1.109295e+000	0.000000e+000
1.540840711632261e-007	1.101829e+000	0.000000e+000
1.542858687659753e-007	1.094204e+000	0.000000e+000
1.544813649242976e-007	1.086110e+000	0.000000e+000
1.546811579564051e-007	1.077231e+000	0.000000e+000
1.548941146140841e-007	1.067234e+000	0.000000e+000
1.550916478784727e-007	1.057571e+000	0.000000e+000
1.552918873844386e-007	1.047488e+000	0.000000e+000
1.555003349760622e-007	1.036815e+000	0.000000e+000
1.557166089426081e-007	1.025684e+000	0.000000e+000
1.559398153920464e-007	1.014268e+000	0.000000e+000
1.561445332863469e-007	1.003981e+000	0.000000e+000
1.563418429779429e-007	9.943462e-001	0.000000e+000
1.565440232771529e-007	9.848630e-001	0.000000e+000
1.567558521024264e-007	9.754313e-001	0.000000e+000
1.569567395411758e-007	9.670628e-001	0.000000e+000
1.571690163421083e-007	9.589117e-001	0.000000e+000
1.573710130993360e-007	9.518927e-001	0.000000e+000
1.575882500020042e-007	9.452213e-001	0.000000e+000
1.578065249160790e-007	9.394504e-001	0.000000e+000
1.580135722478057e-007	9.348999e-001	0.000000e+000
1.582147755750007e-007	9.313878e-001	0.000000e+000
1.584188105600237e-007	9.287602e-001	0.000000e+000
1.586340704924287e-007	9.269697e-001	0.000000e+000
1.588371109565844e-007	9.262015e-001	0.000000e+000
1.590433877442115e-007	9.263297e-001	0.000000e+000
1.592439393892547e-007	9.272867e-001	0.000000e+000
1.594422744042631e-007	9.290286e-001	0.000000e+000
1.596622668685946e-007	9.317825e-001	0.000000e+000
1.598673915654590e-007	9.350536e-001	0.000000e+000
1.600702865470728e-007	9.389184e-001	0.000000e+000
1.602754747302594e-007	9.433763e-001	0.000000e+000
1.604925958775514e-007	9.485845e-001	0.000000e+000
1.607004212925130e-007	9.539462e-001	0.000000e+000
1.609030478551698e-007	9.594460e-001	0.000000e+000
1.610999916397197e-007	9.649602e-001	0.000000e+000
1.612989152334452e-007	9.706094e-001	0.000000e+000
1.615109741755957e-007	9.766233e-001	0.000000e+000
1.617106240956842e-007	9.821905e-001	0.000000e+000
1.619139593056080e-007	9.876783e-001	0.000000e+000
1.621201880281728e-007	9.929720e-001	0.000000e+000
1.623405569673719e-007	9.982459e-001	0.000000e+000
1.625606832697713e-007	1.003057e+000	0.000000e+000
1.627644429628917e-007	1.007031e+000	0.000000e+000
1.629609946185304e-007	1.010368e+000	0.000000e+000
1.631609501950344e-007	1.013224e+000	0.000000e+000
1.633724665902624e-007	1.015651e+000	0.000000e+000
1.635703214108745e-007	1.017348e+000	0.000000e+000
1.637696329597464e-007	1.018469e+000	0.000000e+000
1.639766680695847e-007	1.019016e+000	0.000000e+000
1.642019117079686e-007	1.018940e+000	0.000000e+000
1.644210504842872e-007	1.018236e+000	0.000000e+000
1.646270613990870e-007	1.017023e+000	0.000000e+000
1.648259800950071e-007	1.015377e+000	0.000000e+000
1.650277187395313e-007	1.013277e+000	0.000000e+000
1.652467931387843e-007	1.010593e+000	0.000000e+000
1.654456597532855e-007	1.007850e+000	0.000000e+000
1.656393450156887e-007	1.004939e+000	0.000000e+000
1.658475616232711e-007	1.001622e+000	0.000000e+000
1.660672181077779e-007	9.979973e-001	0.000000e+000
1.662787729495335e-007	9.944561e-001	0.000000e+000
1.664855697148965e-007	9.910150e-001	0.000000e+000
1.666872924114772e-007	9.877424e-001	0.000000e+000
1.668908750924093e-007	9.845819e-001	0.000000e+000
1.670899856013044e-007	9.816815e-001	0.000000e+000
1.672929206609323e-007	9.789713e-001	0.000000e+000
1.675079748268459e-007	9.764017e-001	0.000000e+000
1.677078563739376e-007	9.743360e-001	0.000000e+000
1.679251825759013e-007	9.724700e-001	0.000000e+000
1.681300602139455e-007	9.710916e-001	0.000000e+000
1.683510507215637e-007	9.700352e-001	0.000000e+000
1.685687455677567e-007	9.694151e-001	0.000000e+000
1.687752902742044e-007	9.692162e-001	0.000000e+000
1.689745629404298e-007	9.693782e-001	0.000000e+000
1.691784891700149e-007	9.698824e-001	0.000000e+000
1.693915771559467e-007	9.707325e-001	0.000000e+000
1.695940542459476e-007	9.718174e-001	0.000000e+000
1.698011370758638e-007	9.731731e-001	0.000000e+000
1.700061601897722e-007	9.747176e-001	0.000000e+000
1.702270551496641e-007	9.765537e-001	0.000000e+000
1.704385593628737e-007	9.784277e-001	0.000000e+000
1.706466861540391e-007	9.803386e-001	0.000000e+000
1.708490154777981e-007	9.822147e-001	0.000000e+000
1.710547079676414e-007	9.840955e-001	0.000000e+000
1.712785807222920e-007	9.860696e-001	0.000000e+000
1.714824018994051e-007	9.877629e-001	0.000000e+000
1.716877936258891e-007	9.893323e-001	0.000000e+000
1.718895335068570e-007	9.907137e-001	0.000000e+000
1.720990037794498e-007	9.919574e-001	0.000000e+000
1.723099694020743e-007	9.930000e-001	0.000000e+000
1.725172756430001e-007	9.938014e-001	0.000000e+000
1.727388032183990e-007	9.944144e-001	0.000000e+000
1.729432411505110e-007	9.947577e-001	0.000000e+000
1.731453894846971e-007	9.948819e-001	0.000000e+000
1.733538523206866e-007	9.948034e-001	0.000000e+000
1.735541259107139e-007	9.945415e-001	0.000000e+000
1.737652584842017e-007	9.940874e-001	0.000000e+000
1.739632794599525e-007	9.935134e-001	0.000000e+000
1.741779468806642e-007	9.927542e-001	0.000000e+000
1.743750226587393e-007	9.919544e-001	0.000000e+000
1.745967330651618e-007	9.909653e-001	0.000000e+000
1.748001584574031e-007	9.900026e-001	0.000000e+000
1.750044428224729e-007	9.890047e-001	0.000000e+000
1.752211432558510e-007	9.879395e-001	0.000000e+000
1.754225723027462e-007	9.869647e-001	0.000000e+000
1.756204358906866e-007	9.860411e-001	0.000000e+000
1.758205264146761e-007	9.851584e-001	0.000000e+000
1.760317069556701e-007	9.842955e-001	0.000000e+000
1.762302538060024e-007	9.835605e-001	0.000000e+000
1.764291062815133e-007	9.829102e-001	0.000000e+000
1.766361516085495e-007	9.823309e-001	0.000000e+000
1.768642954203056e-007	9.818066e-001	0.000000e+000
1.770767840979647e-007	9.814264e-001	0.000000e+000
1.772837879627704e-007	9.811590e-001	0.000000e+000
1.774834600135655e-007	9.809941e-001	0.000000e+000
1.776861138857458e-007	9.809157e-001	0.000000e+000
1.778976084064754e-007	9.809191e-001	0.000000e+000
1.780978973826748e-007	9.809957e-001	0.000000e+000
1.782939990522522e-007	9.811348e-001	0.000000e+000
1.785024286042978e-007	9.813426e-001	0.000000e+000
1.787193996448618e-007	9.816125e-001	0.000000e+000
1.789313618911708e-007	9.819201e-001	0.000000e+000
1.791375838488854e-007	9.822535e-001	0.000000e+000
1.793389916483218e-007	9.826041e-001	0.000000e+000
1.795428654195070e-007	9.829771e-001	0.000000e+000
1.797425143320914e-007	9.833541e-001	0.000000e+000
1.799461875043156e-007	9.837453e-001	0.000000e+000
1.801609039425215e-007	9.841597e-001	0.000000e+000
1.803620457038306e-007	9.845454e-001	0.000000e+000
1.805616095696171e-007	9.849216e-001	0.000000e+000
1.807727856863803e-007	9.853094e-001	0.000000e+000
1.809778551450324e-007	9.856720e-001	0.000000e+000
1.811979405313746e-007	9.860423e-001	0.000000e+000
1.814016625418388e-007	9.863644e-001	0.000000e+000
1.816025672460697e-007	9.866578e-001	0.000000e+000
1.818076458185978e-007	9.869290e-001	0.000000e+000
1.820145960864178e-007	9.871698e-001	0.000000e+000
1.822201305266964e-007	9.873715e-001	0.000000e+000
1.824269149798332e-007	9.875318e-001	0.000000e+000
1.826366686240840e-007	9.876465e-001	0.000000e+000
1.828395787607777e-007	9.877057e-001	0.000000e+000
1.830571908406147e-007	9.877091e-001	0.000000e+000
1.832619410427204e-007	9.876524e-001	0.000000e+000
1.834659114213304e-007	9.875327e-001	0.000000e+000
1.836729117029069e-007	9.873462e-001	0.000000e+000
1.838776540261399e-007	9.870964e-001	0.000000e+000
1.840896399714351e-007	9.867710e-001	0.000000e+000
1.842898552265701e-007	9.864029e-001	0.000000e+000
1.845026786900772e-007	9.859521e-001	0.000000e+000
1.847003201108169e-007	9.854852e-001	0.000000e+000
1.848989854633761e-007	9.849747e-001	0.000000e+000
1.851051586852987e-007	9.844123e-001	0.000000e+000
1.853308390931818e-007	9.837737e-001	0.000000e+000
1.855389962462988e-007	9.831777e-001	0.000000e+000
1.857518604037420e-007	9.825773e-001	0.000000e+000
1.859676499484975e-007	9.819947e-001	0.000000e+000
1.861700723724837e-007	9.814895e-001	0.000000e+000
1.863882033936787e-007	9.810057e-001	0.000000e+000
1.865868068080838e-007	9.806356e-001	0.000000e+000
1.868038169921173e-007	9.803218e-001	0.000000e+000
1.870024785115722e-007	9.801295e-001	0.000000e+000
1.872222807755156e-007	9.800325e-001	0.000000e+000
1.874271337591160e-007	9.800550e-001	0.000000e+000
1.876342391908566e-007	9.801965e-001	0.000000e+000
1.878442741934684e-007	9.804575e-001	0.000000e+000
1.880472461350292e-007	9.808205e-001	0.000000e+000
1.882681959895660e-007	9.813266e-001	0.000000e+000
1.884681327965597e-007	9.818732e-001	0.000000e+000
1.886834415436991e-007	9.825407e-001	0.000000e+000
1.888812118661746e-007	9.832069e-001	0.000000e+000
1.891005920980655e-007	9.839826e-001	0.000000e+000
1.893029206751466e-007	9.847082e-001	0.000000e+000
1.895075599095438e-007	9.854280e-001	0.000000e+000
1.897173664236035e-007	9.861258e-001	0.000000e+000
1.899256923809498e-007	9.867545e-001	0.000000e+000
1.901266383099945e-007	9.872766e-001	0.000000e+000
1.903302670817959e-007	9.876987e-001	0.000000e+000
1.905454167117211e-007	9.880140e-001	0.000000e+000
1.907463462096939e-007	9.881735e-001	0.000000e+000
1.909429341107186e-007	9.881870e-001	0.000000e+000
1.911548764734818e-007	9.880425e-001	0.000000e+000
1.913693658229999e-007	9.877335e-001	0.000000e+000
1.915820162213850e-007	9.872679e-001	0.000000e+000
1.918027093219156e-007	9.866309e-001	0.000000e+000
1.920219552918500e-007	9.858660e-001	0.000000e+000
1.922271077594031e-007	9.850488e-001	0.000000e+000
1.924493449552689e-007	9.840851e-001	0.000000e+000
1.926499036621906e-007	9.831748e-001	0.000000e+000
1.928479986987087e-007	9.822654e-001	0.000000e+000
1.930588973632134e-007	9.813204e-001	0.000000e+000
1.932735787021429e-007	9.804158e-001	0.000000e+000
1.934831172383119e-007	9.796251e-001	0.000000e+000
1.937135734368212e-007	9.788900e-001	0.000000e+000
1.939217672499251e-007	9.783734e-001	0.000000e+000
1.941300237183187e-007	9.780235e-001	0.000000e+000
1.943317413779845e-007	9.778565e-001	0.000000e+000
1.945390266601451e-007	9.778709e-001	0.000000e+000
1.947533445822527e-007	9.780782e-001	0.000000e+000
1.949566481077007e-007	9.784520e-001	0.000000e+000
1.951568336023836e-007	9.789836e-001	0.000000e+000
1.953716156721275e-007	9.797094e-001	0.000000e+000
1.955857434624897e-007	9.805633e-001	0.000000e+000
1.957987364627610e-007	9.815116e-001	0.000000e+000
1.960053855627411e-007	9.824916e-001	0.000000e+000
1.962077271983583e-007	9.834726e-001	0.000000e+000
1.964163307972058e-007	9.844671e-001	0.000000e+000
1.966291602209161e-007	9.854250e-001	0.000000e+000
1.968344844135200e-007	9.862559e-001	0.000000e+000
1.970497818086159e-007	9.869943e-001	0.000000e+000
1.972557956265335e-007	9.875420e-001	0.000000e+000
1.974737294796817e-007	9.879271e-001	0.000000e+000
1.976827624584304e-007	9.880939e-001	0.000000e+000
1.978897654307376e-007	9.880471e-001	0.000000e+000
1.981033146842262e-007	9.877818e-001	0.000000e+000
1.983086454898724e-007	9.873323e-001	0.000000e+000
1.984820895619339e-007	9.868132e-001	0.000000e+000
1.986081297665258e-007	9.863535e-001	0.000000e+000
1.987426774291054e-007	9.857876e-001	0.000000e+000
1.989365489521367e-007	9.848784e-001	0.000000e+000
1.991449041368617e-007	9.838152e-001	0.000000e+000
1.993636027075278e-007	9.826370e-001	0.000000e+000
1.995727849990498e-007	9.814932e-001	0.000000e+000
1.997922932330106e-007	9.803234e-001	0.000000e+000
2.000044143917282e-007	9.792711e-001	0.000000e+000
2.002277909305274e-007	9.782922e-001	0.000000e+000
2.004448090974467e-007	9.775059e-001	0.000000e+000
2.006524998713867e-007	9.769455e-001	0.000000e+000
2.008743306936605e-007	9.765728e-001	0.000000e+000
2.010766943959225e-007	9.764487e-001	0.000000e+000
2.012749142543939e-007	9.765458e-001	0.000000e+000
2.014898060139755e-007	9.768822e-001	0.000000e+000
2.017037045312310e-007	9.774368e-001	0.000000e+000
2.019190418180690e-007	9.781997e-001	0.000000e+000
2.021490572960755e-007	9.791968e-001	0.000000e+000
2.023596535827741e-007	9.802354e-001	0.000000e+000
2.025747931086084e-007	9.813778e-001	0.000000e+000
2.027911906903739e-007	9.825554e-001	0.000000e+000
2.029991302864671e-007	9.836645e-001	0.000000e+000
2.032141830602501e-007	9.847383e-001	0.000000e+000
2.034220179615357e-007	9.856588e-001	0.000000e+000
2.036370529578921e-007	9.864473e-001	0.000000e+000
2.038474281095722e-007	9.870208e-001	0.000000e+000
2.040688619364746e-007	9.873869e-001	0.000000e+000
2.042801978804863e-007	9.874897e-001	0.000000e+000
2.045025027457677e-007	9.873298e-001	0.000000e+000
2.047166798779509e-007	9.869245e-001	0.000000e+000
2.049301130428788e-007	9.862831e-001	0.000000e+000
2.051521692056268e-007	9.854006e-001	0.000000e+000
2.053575981556911e-007	9.844214e-001	0.000000e+000
2.055576456787353e-007	9.833487e-001	0.000000e+000
2.057747719815016e-007	9.821054e-001	0.000000e+000
2.059867545790625e-007	9.808654e-001	0.000000e+000
2.062037336387842e-007	9.796249e-001	0.000000e+000
2.064285343720194e-007	9.784274e-001	0.000000e+000
2.066422565115086e-007	9.774240e-001	0.000000e+000
2.068558877634345e-007	9.766016e-001	0.000000e+000
2.070718993114037e-007	9.759874e-001	0.000000e+000
2.072825239406500e-007	9.756269e-001	0.000000e+000
2.074961794072625e-007	9.755182e-001	0.000000e+000
2.077070237656290e-007	9.756657e-001	0.000000e+000
2.079119469659300e-007	9.760517e-001	0.000000e+000
2.081298683414270e-007	9.767022e-001	0.000000e+000
2.083485923560520e-007	9.775660e-001	0.000000e+000
2.085620062156447e-007	9.785776e-001	0.000000e+000
2.087814710145621e-007	9.797410e-001	0.000000e+000
2.089990585113202e-007	9.809601e-001	0.000000e+000
2.092125566510254e-007	9.821629e-001	0.000000e+000
2.094328298249686e-007	9.833501e-001	0.000000e+000
2.096484467857162e-007	9.844024e-001	0.000000e+000
2.098657501413986e-007	9.853013e-001	0.000000e+000
2.100765277954170e-007	9.859745e-001	0.000000e+000
2.102902264707666e-007	9.864209e-001	0.000000e+000
2.105087567249017e-007	9.866110e-001	0.000000e+000
2.107305646331438e-007	9.865221e-001	0.000000e+000
2.109435370763356e-007	9.861646e-001	0.000000e+000
2.111706968124225e-007	9.855116e-001	0.000000e+000
2.113828197763907e-007	9.846780e-001	0.000000e+000
2.115997863500961e-007	9.836359e-001	0.000000e+000
2.118099128795764e-007	9.824930e-001	0.000000e+000
2.120247087205033e-007	9.812416e-001	0.000000e+000
2.122431887255701e-007	9.799449e-001	0.000000e+000
2.124675045737116e-007	9.786519e-001	0.000000e+000
2.126805301752987e-007	9.775226e-001	0.000000e+000
2.129097141158275e-007	9.764723e-001	0.000000e+000
2.131241255407408e-007	9.756919e-001	0.000000e+000
2.133436061202102e-007	9.751265e-001	0.000000e+000
2.135210536212340e-007	9.748712e-001	0.000000e+000
2.137158626494070e-007	9.748255e-001	0.000000e+000
2.139372239501659e-007	9.750392e-001	0.000000e+000
2.141502721716131e-007	9.755021e-001	0.000000e+000
2.143702869319888e-007	9.762264e-001	0.000000e+000
2.145809535822739e-007	9.771193e-001	0.000000e+000
2.148013959529014e-007	9.782158e-001	0.000000e+000
2.150201309443899e-007	9.794074e-001	0.000000e+000
2.152327290781921e-007	9.806077e-001	0.000000e+000
2.154563384495504e-007	9.818495e-001	0.000000e+000
2.156686971331602e-007	9.829485e-001	0.000000e+000
2.158829693873927e-007	9.839187e-001	0.000000e+000
2.161023691462987e-007	9.847208e-001	0.000000e+000
2.163146642549669e-007	9.852754e-001	0.000000e+000
2.165156358396541e-007	9.855704e-001	0.000000e+000
2.167090058252172e-007	9.856200e-001	0.000000e+000
2.169205898452294e-007	9.854091e-001	0.000000e+000
2.171516175271340e-007	9.848946e-001	0.000000e+000
2.173670569210331e-007	9.841663e-001	0.000000e+000
2.175829018636876e-007	9.832230e-001	0.000000e+000
2.177939608665398e-007	9.821415e-001	0.000000e+000
2.180085103590968e-007	9.809340e-001	0.000000e+000
2.182325805911401e-007	9.796203e-001	0.000000e+000
2.183974494390101e-007	9.786559e-001	0.000000e+000
2.185564172088279e-007	9.777653e-001	0.000000e+000
2.187619602333008e-007	9.767107e-001	0.000000e+000
2.189763671033833e-007	9.757663e-001	0.000000e+000
2.192037271318000e-007	9.749836e-001	0.000000e+000
2.194147251659658e-007	9.744965e-001	0.000000e+000
2.196251340203598e-007	9.742719e-001	0.000000e+000
2.198373540028701e-007	9.742857e-001	0.000000e+000
2.199585387708119e-007	9.744178e-001	0.000000e+000
2.200968116321940e-007	9.746968e-001	0.000000e+000
2.202645673528222e-007	9.751765e-001	0.000000e+000
2.204676535537390e-007	9.759327e-001	0.000000e+000
2.206922963428530e-007	9.769474e-001	0.000000e+000
2.209205207416799e-007	9.781172e-001	0.000000e+000
2.211336859037683e-007	9.792823e-001	0.000000e+000
2.213441105628429e-007	9.804411e-001	0.000000e+000
2.215566189858642e-007	9.815579e-001	0.000000e+000
2.217697772691480e-007	9.825725e-001	0.000000e+000
2.219554781757719e-007	9.833232e-001	0.000000e+000
2.221524838853661e-007	9.839474e-001	0.000000e+000
2.223381934693113e-007	9.843481e-001	0.000000e+000
2.225417950942643e-007	9.845690e-001	0.000000e+000
2.227080763243687e-007	9.845696e-001	0.000000e+000
2.228769537257913e-007	9.843869e-001	0.000000e+000
2.230628362239725e-007	9.839969e-001	0.000000e+000
2.232425333810333e-007	9.834449e-001	0.000000e+000
2.234337074702801e-007	9.826878e-001	0.000000e+000
2.236260126757819e-007	9.817817e-001	0.000000e+000
2.238397732903789e-007	9.806513e-001	0.000000e+000
2.240703023721453e-007	9.793552e-001	0.000000e+000
2.242805958148606e-007	9.781601e-001	0.000000e+000
2.244845716013999e-007	9.770479e-001	0.000000e+000
2.246986546195042e-007	9.759859e-001	0.000000e+000
2.249014563301005e-007	9.751343e-001	0.000000e+000
2.251332821239111e-007	9.743869e-001	0.000000e+000
2.253467411860204e-007	9.739334e-001	0.000000e+000
2.255341362506048e-007	9.737596e-001	0.000000e+000
2.257362772723400e-007	9.738177e-001	0.000000e+000
2.259524541407223e-007	9.741348e-001	0.000000e+000
2.261577952800139e-007	9.746747e-001	0.000000e+000
2.263989849042828e-007	9.755575e-001	0.000000e+000
2.266162596002499e-007	9.765278e-001	0.000000e+000
2.268142821160412e-007	9.775234e-001	0.000000e+000
2.270057208258474e-007	9.785375e-001	0.000000e+000
2.272473919850403e-007	9.798131e-001	0.000000e+000
2.274766487339885e-007	9.809483e-001	0.000000e+000
2.277042331856835e-007	9.819397e-001	0.000000e+000
2.278989297084980e-007	9.826258e-001	0.000000e+000
2.281098563556038e-007	9.831580e-001	0.000000e+000
2.283161688674120e-007	9.834464e-001	0.000000e+000
2.285315861233452e-007	9.834785e-001	0.000000e+000
2.287624960744895e-007	9.832259e-001	0.000000e+000
2.289612728583266e-007	9.827762e-001	0.000000e+000
2.291497936341436e-007	9.821520e-001	0.000000e+000
2.293556237707805e-007	9.812904e-001	0.000000e+000
2.295871418249648e-007	9.801626e-001	0.000000e+000
2.298142169871683e-007	9.789554e-001	0.000000e+000
2.300414587135185e-007	9.777145e-001	0.000000e+000
2.302762310193721e-007	9.764757e-001	0.000000e+000
2.304995308412967e-007	9.754094e-001	0.000000e+000
2.307278450027232e-007	9.745002e-001	0.000000e+000
2.309616228915632e-007	9.738069e-001	0.000000e+000
2.311834507427996e-007	9.734161e-001	0.000000e+000
2.314194858771157e-007	9.733037e-001	0.000000e+000
2.316362185190304e-007	9.734839e-001	0.000000e+000
2.318733498177449e-007	9.739792e-001	0.000000e+000
2.321068121851521e-007	9.747194e-001	0.000000e+000
2.323109125021701e-007	9.755436e-001	0.000000e+000
2.324990708373176e-007	9.764186e-001	0.000000e+000
2.327044744865193e-007	9.774449e-001	0.000000e+000
2.328915210794101e-007	9.783980e-001	0.000000e+000
2.330928718095744e-007	9.793963e-001	0.000000e+000
2.332873018672393e-007	9.802835e-001	0.000000e+000
2.335036599855635e-007	9.811276e-001	0.000000e+000
2.337363812091846e-007	9.818267e-001	0.000000e+000
2.339577395368629e-007	9.822435e-001	0.000000e+000
2.341931658422251e-007	9.823921e-001	0.000000e+000
2.344172722437269e-007	9.822422e-001	0.000000e+000
2.346511962570500e-007	9.817868e-001	0.000000e+000
2.348821666398604e-007	9.810707e-001	0.000000e+000
2.351150025971632e-007	9.801229e-001	0.000000e+000
2.353435143578736e-007	9.790295e-001	0.000000e+000
2.355835218243109e-007	9.777818e-001	0.000000e+000
2.358035293430297e-007	9.766174e-001	0.000000e+000
2.360196088950668e-007	9.755221e-001	0.000000e+000
2.362503788796321e-007	9.744729e-001	0.000000e+000
2.364794472763034e-007	9.736133e-001	0.000000e+000
2.367102556231404e-007	9.729828e-001	0.000000e+000
2.369416231539306e-007	9.726257e-001	0.000000e+000
2.371830222666496e-007	9.725578e-001	0.000000e+000
2.374128623889302e-007	9.727827e-001	0.000000e+000
2.376528393774027e-007	9.732937e-001	0.000000e+000
2.378736022770935e-007	9.739769e-001	0.000000e+000
2.381155175187742e-007	9.749008e-001	0.000000e+000
2.383424247388706e-007	9.758619e-001	0.000000e+000
2.385733672989204e-007	9.768651e-001	0.000000e+000
2.387883187876846e-007	9.777529e-001	0.000000e+000
2.389989589989695e-007	9.785106e-001	0.000000e+000
2.392423627851248e-007	9.791864e-001	0.000000e+000
2.394764729250769e-007	9.795806e-001	0.000000e+000
2.397177067748434e-007	9.796701e-001	0.000000e+000
2.399584888562673e-007	9.794115e-001	0.000000e+000
2.402123171252939e-007	9.787710e-001	0.000000e+000
2.404340310142908e-007	9.779066e-001	0.000000e+000
2.406696529030944e-007	9.767089e-001	0.000000e+000
2.408650376807001e-007	9.755322e-001	0.000000e+000
2.410739938158636e-007	9.741259e-001	0.000000e+000
2.412654799902762e-007	9.727501e-001	0.000000e+000
2.414893219665390e-007	9.710913e-001	0.000000e+000
2.417351592379376e-007	9.692781e-001	0.000000e+000
2.419704479705096e-007	9.676136e-001	0.000000e+000
2.422230678569904e-007	9.659624e-001	0.000000e+000
2.424724900958238e-007	9.645086e-001	0.000000e+000
2.427266880901194e-007	9.632285e-001	0.000000e+000
2.429869062410476e-007	9.621160e-001	0.000000e+000
2.432566486223954e-007	9.611260e-001	0.000000e+000
2.435238608875464e-007	9.602327e-001	0.000000e+000
2.437669159969510e-007	9.594119e-001	0.000000e+000
2.440023035477982e-007	9.585121e-001	0.000000e+000
2.442465246196928e-007	9.573639e-001	0.000000e+000
2.444937860610154e-007	9.558729e-001	0.000000e+000
2.447430379557788e-007	9.539179e-001	0.000000e+000
2.450079155260851e-007	9.512455e-001	0.000000e+000
2.452664972328846e-007	9.479459e-001	0.000000e+000
2.455448193375001e-007	9.435604e-001	0.000000e+000
2.458188036166402e-007	9.384899e-001	0.000000e+000
2.459491329162238e-007	9.357496e-001	0.000000e+000
2.461118846598919e-007	9.319754e-001	0.000000e+000
2.462734428761180e-007	9.279272e-001	0.000000e+000
2.464641313535431e-007	9.227779e-001	0.000000e+000
2.466449128465977e-007	9.175488e-001	0.000000e+000
2.468327514573416e-007	9.117418e-001	0.000000e+000
2.470697434135970e-007	9.039380e-001	0.000000e+000
2.473358624051681e-007	8.946279e-001	0.000000e+000
2.476130912157236e-007	8.843535e-001	0.000000e+000
2.478879508494973e-007	8.735986e-001	0.000000e+000
2.481803379221985e-007	8.615392e-001	0.000000e+000
2.484784500402535e-007	8.485619e-001	0.000000e+000
2.487779981793412e-007	8.347421e-001	0.000000e+000
2.490704116417106e-007	8.203998e-001	0.000000e+000
2.493250267729318e-007	8.070839e-001	0.000000e+000
2.495718770648437e-007	7.932588e-001	0.000000e+000
2.498479937325448e-007	7.766687e-001	0.000000e+000
2.501009463851575e-007	7.602481e-001	0.000000e+000
2.504112727930164e-007	7.383999e-001	0.000000e+000
2.507030163275183e-007	7.160586e-001	0.000000e+000
2.510364924824527e-007	6.882557e-001	0.000000e+000
2.513664480773987e-007	6.585506e-001	0.000000e+000
2.516466995439930e-007	6.315350e-001	0.000000e+000
2.519236152878173e-007	6.032384e-001	0.000000e+000
2.522256254603581e-007	5.708435e-001	0.000000e+000
2.525332368876167e-007	5.364803e-001	0.000000e+000
2.528311954745887e-007	5.021072e-001	0.000000e+000
2.530945117991067e-007	4.710081e-001	0.000000e+000
2.533385341848368e-007	4.417283e-001	0.000000e+000
2.535393803941085e-007	4.173844e-001	0.000000e+000
2.537552070525849e-007	3.910595e-001	0.000000e+000
2.540011274591913e-007	3.609671e-001	0.000000e+000
2.542563931717974e-007	3.297060e-001	0.000000e+000
2.544706712993984e-007	3.035024e-001	0.000000e+000
2.546969021419825e-007	2.759422e-001	0.000000e+000
2.549914913623134e-007	2.402817e-001	0.000000e+000
2.553068648584173e-007	2.024713e-001	0.000000e+000
2.556300359721144e-007	1.642743e-001	0.000000e+000
2.559786687846144e-007	1.238651e-001	0.000000e+000
2.563076184205516e-007	8.675877e-002	0.000000e+000
2.566562512330516e-007	4.887342e-002	0.000000e+000
2.570048840455516e-007	1.268098e-002	0.000000e+000
2.572589032193988e-007	-1.220660e-002	0.000000e+000
2.575471741389018e-007	-3.840955e-002	0.000000e+000
2.578938887571217e-007	-6.701667e-002	0.000000e+000
2.582425215696217e-007	-9.220317e-002	0.000000e+000
2.585911543821217e-007	-1.132554e-001	0.000000e+000
2.589364105516457e-007	-1.298220e-001	0.000000e+000
2.592432208644936e-007	-1.406797e-001	0.000000e+000
2.595573131657664e-007	-1.479174e-001	0.000000e+000
2.598691263643771e-007	-1.513421e-001	0.000000e+000
2.602177591768771e-007	-1.512822e-001	0.000000e+000
2.604903762561342e-007	-1.485538e-001	0.000000e+000
2.607491554338617e-007	-1.436335e-001	0.000000e+000
2.610977882463617e-007	-1.343273e-001	0.000000e+000
2.614464210588616e-007	-1.226895e-001	0.000000e+000
2.617950538713616e-007	-1.091652e-001	0.000000e+000
2.620630467738160e-007	-9.776542e-002	0.000000e+000
2.623293355910479e-007	-8.577762e-002	0.000000e+000
2.626779684035478e-007	-6.961285e-002	0.000000e+000
2.630266012160478e-007	-5.330520e-002	0.000000e+000
2.633752340285478e-007	-3.718603e-002	0.000000e+000
2.637238668410478e-007	-2.159695e-002	0.000000e+000
2.640724996535478e-007	-6.860397e-003	0.000000e+000
2.644211324660478e-007	6.705819e-003	0.000000e+000
2.647697652785477e-007	1.878087e-002	0.000000e+000
2.651183980910477e-007	2.904303e-002	0.000000e+000
2.654670309035477e-007	3.719253e-002	0.000000e+000
2.658102586344052e-007	4.286611e-002	0.000000e+000
2.661588914469052e-007	4.603337e-002	0.000000e+000
2.665075242594052e-007	4.651580e-002	0.000000e+000
2.668428777934486e-007	4.440488e-002	0.000000e+000
2.671849589498523e-007	3.980318e-002	0.000000e+000
2.675087783079280e-007	3.339131e-002	0.000000e+000
2.678574111204280e-007	2.466261e-002	0.000000e+000
2.682060439329280e-007	1.463348e-002	0.000000e+000
2.685546767454279e-007	3.889966e-003	0.000000e+000
2.689033095579279e-007	-6.912321e-003	0.000000e+000
2.692519423704279e-007	-1.713922e-002	0.000000e+000
2.696005751829279e-007	-2.622984e-002	0.000000e+000
2.699492079954279e-007	-3.374034e-002	0.000000e+000
2.702978408079279e-007	-3.946332e-002	0.000000e+000
2.705859688947649e-007	-4.278598e-002	0.000000e+000
2.707789143657252e-007	-4.417590e-002	0.000000e+000
2.709770037626284e-007	-4.487315e-002	0.000000e+000
2.711997508795753e-007	-4.490555e-002	0.000000e+000
2.714787384563650e-007	-4.397202e-002	0.000000e+000
2.718206496271105e-007	-4.167986e-002	0.000000e+000
2.721692824396104e-007	-3.833683e-002	0.000000e+000
2.725179152521104e-007	-3.426016e-002	0.000000e+000
2.728665480646104e-007	-2.977091e-002	0.000000e+000
2.731575048727417e-007	-2.589679e-002	0.000000e+000
2.734263688525095e-007	-2.232647e-002	0.000000e+000
2.736094097037908e-007	-1.995664e-002	0.000000e+000
2.738439683974283e-007	-1.703522e-002	0.000000e+000
2.740848444077144e-007	-1.420193e-002	0.000000e+000
2.744334772202143e-007	-1.041772e-002	0.000000e+000
2.747666399070372e-007	-7.152793e-003	0.000000e+000
2.750492992461755e-007	-4.727589e-003	0.000000e+000
2.753491723781771e-007	-2.516954e-003	0.000000e+000
2.755697364891847e-007	-1.166734e-003	0.000000e+000
2.758210701266981e-007	1.604167e-005	0.000000e+000
2.761212486902654e-007	9.435599e-004	0.000000e+000
2.764431374725385e-007	1.336196e-003	0.000000e+000
2.767307172033225e-007	1.109387e-003	0.000000e+000
2.769874877569787e-007	3.899950e-004	0.000000e+000
2.772461708456746e-007	-8.372376e-004	0.000000e+000
2.775330853602182e-007	-2.722392e-003	0.000000e+000
2.778175663288406e-007	-5.077560e-003	0.000000e+000
2.781661991413406e-007	-8.432049e-003	0.000000e+000
2.783932101136439e-007	-1.080941e-002	0.000000e+000
2.786806943671511e-007	-1.391791e-002	0.000000e+000
2.789462624600375e-007	-1.673405e-002	0.000000e+000
2.791514421693163e-007	-1.879173e-002	0.000000e+000
2.793231100001931e-007	-2.037256e-002	0.000000e+000
2.794839172813515e-007	-2.166487e-002	0.000000e+000
2.797646388584486e-007	-2.350156e-002	0.000000e+000
2.800193115696206e-007	-2.472838e-002	0.000000e+000
2.802125545356257e-007	-2.529367e-002	0.000000e+000
2.803936045386535e-007	-2.547331e-002	0.000000e+000
2.806604740297251e-007	-2.519962e-002	0.000000e+000
2.809821802830393e-007	-2.419039e-002	0.000000e+000
2.813308130955393e-007	-2.242772e-002	0.000000e+000
2.815920999739638e-007	-2.073787e-002	0.000000e+000
2.818600507770222e-007	-1.879453e-002	0.000000e+000
2.821464845715067e-007	-1.668443e-002	0.000000e+000
2.824655368497487e-007	-1.447185e-002	0.000000e+000
2.827524731618516e-007	-1.273403e-002	0.000000e+000
2.829954907122860e-007	-1.155791e-002	0.000000e+000
2.832650200932034e-007	-1.060092e-002	0.000000e+000
2.834731310336053e-007	-1.012364e-002	0.000000e+000
2.836820398658776e-007	-9.904620e-003	0.000000e+000
2.839458563087790e-007	-9.915318e-003	0.000000e+000
2.841876176770369e-007	-1.015442e-002	0.000000e+000
2.844505669751580e-007	-1.060464e-002	0.000000e+000
2.846632566217008e-007	-1.105745e-002	0.000000e+000
2.848567668013900e-007	-1.150186e-002	0.000000e+000
2.850523341767631e-007	-1.193978e-002	0.000000e+000
2.852679792043442e-007	-1.236827e-002	0.000000e+000
2.855249034416802e-007	-1.276564e-002	0.000000e+000
2.858044370975181e-007	-1.303904e-002	0.000000e+000
2.860450121436834e-007	-1.312871e-002	0.000000e+000
2.862507313211031e-007	-1.309257e-002	0.000000e+000
2.864521353049383e-007	-1.296773e-002	0.000000e+000
2.867308811102368e-007	-1.271186e-002	0.000000e+000
2.870354201744411e-007	-1.240775e-002	0.000000e+000
2.873414150045874e-007	-1.215599e-002	0.000000e+000
2.875891165562266e-007	-1.205409e-002	0.000000e+000
2.877917263174253e-007	-1.209395e-002	0.000000e+000
2.880503507218922e-007	-1.232848e-002	0.000000e+000
2.882985357342500e-007	-1.275605e-002	0.000000e+000
2.886096711977782e-007	-1.354991e-002	0.000000e+000
2.888655273241101e-007	-1.437730e-002	0.000000e+000
2.890677677304986e-007	-1.513037e-002	0.000000e+000
2.892542485386335e-007	-1.586688e-002	0.000000e+000
2.895644213229214e-007	-1.707770e-002	0.000000e+000
2.898459277040572e-007	-1.807963e-002	0.000000e+000
2.900831930072328e-007	-1.876261e-002	0.000000e+000
2.903485396178429e-007	-1.927815e-002	0.000000e+000
2.906000433740285e-007	-1.948710e-002	0.000000e+000
2.908436433935046e-007	-1.940311e-002	0.000000e+000
2.910396319253373e-007	-1.911812e-002	0.000000e+000
2.912185769469832e-007	-1.868136e-002	0.000000e+000
2.913903874690992e-007	-1.810932e-002	0.000000e+000
2.916226664487441e-007	-1.713781e-002	0.000000e+000
2.919469892147500e-007	-1.555338e-002	0.000000e+000
2.922532681186684e-007	-1.393094e-002	0.000000e+000
2.925376919297384e-007	-1.241960e-002	0.000000e+000
2.927747581558636e-007	-1.124505e-002	0.000000e+000
2.929715373002517e-007	-1.039041e-002	0.000000e+000
2.931682455400409e-007	-9.678423e-003	0.000000e+000
2.933315943385773e-007	-9.212028e-003	0.000000e+000
2.934785936833079e-007	-8.910698e-003	0.000000e+000
2.936425252100941e-007	-8.710370e-003	0.000000e+000
2.938198150138554e-007	-8.662176e-003	0.000000e+000
2.940698521316716e-007	-8.859786e-003	0.000000e+000
2.943305950706674e-007	-9.320509e-003	0.000000e+000
2.944760106551122e-007	-9.701066e-003	0.000000e+000
2.946272776643060e-007	-1.019491e-002	0.000000e+000
2.947911946315730e-007	-1.080414e-002	0.000000e+000
2.949862120724389e-007	-1.159883e-002	0.000000e+000
2.952001925559463e-007	-1.251867e-002	0.000000e+000
2.953792314473180e-007	-1.330044e-002	0.000000e+000
2.955661721778176e-007	-1.409615e-002	0.000000e+000
2.958035775108900e-007	-1.503495e-002	0.000000e+000
2.960666589852595e-007	-1.594263e-002	0.000000e+000
2.963417257692164e-007	-1.670314e-002	0.000000e+000
2.966125774349109e-007	-1.725612e-002	0.000000e+000
2.967865858398284e-007	-1.749394e-002	0.000000e+000
2.969444155097809e-007	-1.761878e-002	0.000000e+000
2.971002728760144e-007	-1.765974e-002	0.000000e+000
2.973704783098124e-007	-1.759039e-002	0.000000e+000
2.976278575241672e-007	-1.740227e-002	0.000000e+000
2.978628112638623e-007	-1.713984e-002	0.000000e+000
2.980095630062378e-007	-1.693949e-002	0.000000e+000
2.981621579711355e-007	-1.670793e-002	0.000000e+000
2.983169251543303e-007	-1.645932e-002	0.000000e+000
2.985306126627819e-007	-1.610443e-002	0.000000e+000
2.986643828586564e-007	-1.587888e-002	0.000000e+000
2.988123904481226e-007	-1.562827e-002	0.000000e+000
2.989619546176572e-007	-1.537592e-002	0.000000e+000
2.991883790000488e-007	-1.499556e-002	0.000000e+000
2.994260742156773e-007	-1.459572e-002	0.000000e+000
2.996823860305009e-007	-1.415882e-002	0.000000e+000
2.999189069648272e-007	-1.374433e-002	0.000000e+000
3.001488748907156e-007	-1.332667e-002	0.000000e+000
3.003288985192445e-007	-1.298847e-002	0.000000e+000
3.004496733158033e-007	-1.275518e-002	0.000000e+000
3.005988507329969e-007	-1.246170e-002	0.000000e+000
3.008106984476830e-007	-1.204479e-002	0.000000e+000
3.010926422343921e-007	-1.150510e-002	0.000000e+000
3.013051578139430e-007	-1.112555e-002	0.000000e+000
3.014716813987609e-007	-1.086128e-002	0.000000e+000
3.016219080127355e-007	-1.066064e-002	0.000000e+000
3.017787844773476e-007	-1.050512e-002	0.000000e+000
3.020026638965367e-007	-1.038389e-002	0.000000e+000
3.022156262829081e-007	-1.039986e-002	0.000000e+000
3.024784948523116e-007	-1.062383e-002	0.000000e+000
3.027387214596007e-007	-1.107065e-002	0.000000e+000
3.029927233778845e-007	-1.173976e-002	0.000000e+000
3.032596919395489e-007	-1.266719e-002	0.000000e+000
3.035054417134712e-007	-1.369035e-002	0.000000e+000
3.037566273271098e-007	-1.485514e-002	0.000000e+000
3.039787385405726e-007	-1.593385e-002	0.000000e+000
3.041295693511535e-007	-1.666398e-002	0.000000e+000
3.043258537469466e-007	-1.756651e-002	0.000000e+000
3.045477282818401e-007	-1.848407e-002	0.000000e+000
3.047540719583275e-007	-1.918255e-002	0.000000e+000
3.049972396559485e-007	-1.974565e-002	0.000000e+000
3.052711981024447e-007	-2.001474e-002	0.000000e+000
3.055311086351672e-007	-1.989793e-002	0.000000e+000
3.057119008782382e-007	-1.957663e-002	0.000000e+000
3.058451322175567e-007	-1.919859e-002	0.000000e+000
3.059456326475195e-007	-1.883636e-002	0.000000e+000
3.060340043341528e-007	-1.846578e-002	0.000000e+000
3.061184451002981e-007	-1.806550e-002	0.000000e+000
3.062532723343088e-007	-1.735394e-002	0.000000e+000
3.063857318835294e-007	-1.658410e-002	0.000000e+000
3.065384906200286e-007	-1.562186e-002	0.000000e+000
3.066639332755343e-007	-1.478605e-002	0.000000e+000
3.067991318141545e-007	-1.385307e-002	0.000000e+000
3.069495122335971e-007	-1.280667e-002	0.000000e+000
3.071672256175640e-007	-1.133277e-002	0.000000e+000
3.074114306673153e-007	-9.809758e-003	0.000000e+000
3.076498723925277e-007	-8.563394e-003	0.000000e+000
3.079306890433731e-007	-7.479827e-003	0.000000e+000
3.081534377929400e-007	-6.968487e-003	0.000000e+000
3.083386306230038e-007	-6.854345e-003	0.000000e+000
3.085435730441481e-007	-7.074073e-003	0.000000e+000
3.087869446506532e-007	-7.738892e-003	0.000000e+000
3.090107200411387e-007	-8.699036e-003	0.000000e+000
3.092029387543806e-007	-9.782003e-003	0.000000e+000
3.093921043378455e-007	-1.104639e-002	0.000000e+000
3.096381443160849e-007	-1.286670e-002	0.000000e+000
3.098825181615828e-007	-1.475618e-002	0.000000e+000
3.100963953784031e-007	-1.638725e-002	0.000000e+000
3.103334575774282e-007	-1.805721e-002	0.000000e+000
3.105726521798355e-007	-1.947412e-002	0.000000e+000
3.108661986132591e-007	-2.074431e-002	0.000000e+000
3.111367212351404e-007	-2.139850e-002	0.000000e+000
3.113707779729240e-007	-2.146810e-002	0.000000e+000
3.116277140262804e-007	-2.102092e-002	0.000000e+000
3.118654176713291e-007	-2.016176e-002	0.000000e+000
3.121224130160304e-007	-1.881456e-002	0.000000e+000
3.123607258759209e-007	-1.727709e-002	0.000000e+000
3.125715718309514e-007	-1.575162e-002	0.000000e+000
3.127670020848360e-007	-1.427166e-002	0.000000e+000
3.129817384868282e-007	-1.267350e-002	0.000000e+000
3.132752753507041e-007	-1.066668e-002	0.000000e+000
3.135433856757176e-007	-9.121206e-003	0.000000e+000
3.137796046982629e-007	-8.111317e-003	0.000000e+000
3.140259626399029e-007	-7.458094e-003	0.000000e+000
3.142260490130449e-007	-7.267056e-003	0.000000e+000
3.144541871802276e-007	-7.438560e-003	0.000000e+000
3.146857801990001e-007	-7.986752e-003	0.000000e+000
3.149322151071037e-007	-8.942454e-003	0.000000e+000
3.151849779624303e-007	-1.023460e-002	0.000000e+000
3.154219965468443e-007	-1.165309e-002	0.000000e+000
3.156512810239966e-007	-1.313017e-002	0.000000e+000
3.158948723919129e-007	-1.470663e-002	0.000000e+000
3.161352533683420e-007	-1.616653e-002	0.000000e+000
3.163983229759403e-007	-1.756760e-002	0.000000e+000
3.166172878792470e-007	-1.850333e-002	0.000000e+000
3.168518786983415e-007	-1.918279e-002	0.000000e+000
3.171609446397628e-007	-1.958551e-002	0.000000e+000
3.174762660315131e-007	-1.948286e-002	0.000000e+000
3.177076273741061e-007	-1.905746e-002	0.000000e+000
3.179229693893876e-007	-1.839775e-002	0.000000e+000
3.181500644622881e-007	-1.749311e-002	0.000000e+000
3.184423949089443e-007	-1.613963e-002	0.000000e+000
3.186722382573371e-007	-1.499581e-002	0.000000e+000
3.188963830233009e-007	-1.388066e-002	0.000000e+000
3.192336958949179e-007	-1.233523e-002	0.000000e+000
3.195609586316782e-007	-1.107161e-002	0.000000e+000
3.198183612818165e-007	-1.033087e-002	0.000000e+000
3.200696311195343e-007	-9.883881e-003	0.000000e+000
3.203371591174173e-007	-9.679079e-003	0.000000e+000
3.205134080116164e-007	-9.703234e-003	0.000000e+000
3.206664738964682e-007	-9.835793e-003	0.000000e+000
3.207773701087811e-007	-9.992438e-003	0.000000e+000
3.209049169551763e-007	-1.023469e-002	0.000000e+000
3.210649935769074e-007	-1.061483e-002	0.000000e+000
3.212802706829095e-007	-1.123230e-002	0.000000e+000
3.215436341766377e-007	-1.210643e-002	0.000000e+000
3.218591585463541e-007	-1.325071e-002	0.000000e+000
3.220989327987865e-007	-1.414557e-002	0.000000e+000
3.223150297335213e-007	-1.493321e-002	0.000000e+000
3.225337126552703e-007	-1.567346e-002	0.000000e+000
3.227769693949850e-007	-1.640635e-002	0.000000e+000
3.229711689521270e-007	-1.689603e-002	0.000000e+000
3.232000009979414e-007	-1.734965e-002	0.000000e+000
3.233668866960584e-007	-1.758732e-002	0.000000e+000
3.235434486521993e-007	-1.773002e-002	0.000000e+000
3.237615606744171e-007	-1.776802e-002	0.000000e+000
3.239810793307500e-007	-1.765681e-002	0.000000e+000
3.242000192046005e-007	-1.738712e-002	0.000000e+000
3.244541369126245e-007	-1.689930e-002	0.000000e+000
3.246802580977250e-007	-1.633410e-002	0.000000e+000
3.248312445752760e-007	-1.588298e-002	0.000000e+000
3.250356071974499e-007	-1.519691e-002	0.000000e+000
3.252503650839611e-007	-1.442319e-002	0.000000e+000
3.254333594499527e-007	-1.373659e-002	0.000000e+000
3.256098243636429e-007	-1.307323e-002	0.000000e+000
3.258726090813412e-007	-1.212999e-002	0.000000e+000
3.261496326026131e-007	-1.123977e-002	0.000000e+000
3.264026252600474e-007	-1.057247e-002	0.000000e+000
3.266195843268034e-007	-1.016516e-002	0.000000e+000
3.268683048682414e-007	-9.919680e-003	0.000000e+000
3.271182946505272e-007	-9.914421e-003	0.000000e+000
3.273463345637372e-007	-1.015293e-002	0.000000e+000
3.276198663189099e-007	-1.072549e-002	0.000000e+000
3.278680838010648e-007	-1.147986e-002	0.000000e+000
3.281071471553494e-007	-1.240227e-002	0.000000e+000
3.283855464616305e-007	-1.363464e-002	0.000000e+000
3.286854906125268e-007	-1.504018e-002	0.000000e+000
3.289225071020109e-007	-1.613689e-002	0.000000e+000
3.291192069473036e-007	-1.698006e-002	0.000000e+000
3.293069190353408e-007	-1.768214e-002	0.000000e+000
3.294940658463114e-007	-1.825156e-002	0.000000e+000
3.296766838865023e-007	-1.862191e-002	0.000000e+000
3.299937015212207e-007	-1.885016e-002	0.000000e+000
3.303016903688978e-007	-1.863050e-002	0.000000e+000
3.305184194780849e-007	-1.813525e-002	0.000000e+000
3.308136260529416e-007	-1.705624e-002	0.000000e+000
3.310801191999254e-007	-1.579561e-002	0.000000e+000
3.314287520124254e-007	-1.389172e-002	0.000000e+000
3.316949736889784e-007	-1.238274e-002	0.000000e+000
3.319052296588000e-007	-1.124064e-002	0.000000e+000
3.321140394642843e-007	-1.023822e-002	0.000000e+000
3.323435494836011e-007	-9.374951e-003	0.000000e+000
3.326430533922417e-007	-8.705755e-003	0.000000e+000
3.329916862047417e-007	-8.543669e-003	0.000000e+000
3.332239191637837e-007	-8.859311e-003	0.000000e+000
3.334314007709788e-007	-9.483114e-003	0.000000e+000
3.336507027757826e-007	-1.041476e-002	0.000000e+000
3.338376678444194e-007	-1.139068e-002	0.000000e+000
3.340219210086404e-007	-1.248931e-002	0.000000e+000
3.343237845280878e-007	-1.439802e-002	0.000000e+000
3.346644182738996e-007	-1.649821e-002	0.000000e+000
3.349447110894597e-007	-1.801249e-002	0.000000e+000
3.352100700423967e-007	-1.908933e-002	0.000000e+000
3.354909409977677e-007	-1.974632e-002	0.000000e+000
3.357625629863812e-007	-1.987888e-002	0.000000e+000
3.359778615746058e-007	-1.960427e-002	0.000000e+000
3.361513760032484e-007	-1.912400e-002	0.000000e+000
3.363030063843995e-007	-1.852014e-002	0.000000e+000
3.364821696849720e-007	-1.762361e-002	0.000000e+000
3.366806634224499e-007	-1.645275e-002	0.000000e+000
3.369787409476188e-007	-1.450378e-002	0.000000e+000
3.372614135948298e-007	-1.260168e-002	0.000000e+000
3.374854813105859e-007	-1.116709e-002	0.000000e+000
3.377149129855870e-007	-9.906204e-003	0.000000e+000
3.380022734690555e-007	-8.715643e-003	0.000000e+000
3.382614674104465e-007	-8.118119e-003	0.000000e+000
3.385678666245108e-007	-8.066103e-003	0.000000e+000
3.388520422599196e-007	-8.620711e-003	0.000000e+000
3.391188725509729e-007	-9.654970e-003	0.000000e+000
3.393670889101061e-007	-1.098788e-002	0.000000e+000
3.396380751760699e-007	-1.270797e-002	0.000000e+000
3.399051014116430e-007	-1.450501e-002	0.000000e+000
3.401908714124709e-007	-1.635706e-002	0.000000e+000
3.404708457346706e-007	-1.792959e-002	0.000000e+000
3.407266480762559e-007	-1.900453e-002	0.000000e+000
3.410015027499195e-007	-1.967241e-002	0.000000e+000
3.412606637325930e-007	-1.978994e-002	0.000000e+000
3.415299891560927e-007	-1.938297e-002	0.000000e+000
3.417621389770566e-007	-1.862106e-002	0.000000e+000
3.420053451070626e-007	-1.745699e-002	0.000000e+000
3.422866470542350e-007	-1.581086e-002	0.000000e+000
3.425529894607428e-007	-1.410168e-002	0.000000e+000
3.428148515856220e-007	-1.242175e-002	0.000000e+000
3.430693856289672e-007	-1.096438e-002	0.000000e+000
3.434047627404131e-007	-9.484896e-003	0.000000e+000
3.437231269668800e-007	-8.667728e-003	0.000000e+000
3.440303022466363e-007	-8.538434e-003	0.000000e+000
3.443127777766247e-007	-9.002442e-003	0.000000e+000
3.445758747775721e-007	-9.908365e-003	0.000000e+000
3.448578001984795e-007	-1.126399e-002	0.000000e+000
3.451144048810403e-007	-1.271858e-002	0.000000e+000
3.453776290176832e-007	-1.429639e-002	0.000000e+000
3.456470514378868e-007	-1.582266e-002	0.000000e+000
3.459956842503868e-007	-1.745009e-002	0.000000e+000
3.463443170628868e-007	-1.850991e-002	0.000000e+000
3.466848010803868e-007	-1.883573e-002	0.000000e+000
3.470275802053498e-007	-1.843401e-002	0.000000e+000
3.473421536587526e-007	-1.748417e-002	0.000000e+000
3.476339454329752e-007	-1.620690e-002	0.000000e+000
3.479055699005552e-007	-1.480948e-002	0.000000e+000
3.481611376129717e-007	-1.343475e-002	0.000000e+000
3.483628867185618e-007	-1.237936e-002	0.000000e+000
3.484984050092574e-007	-1.171817e-002	0.000000e+000
3.486036032792676e-007	-1.125219e-002	0.000000e+000
3.487298426124505e-007	-1.075947e-002	0.000000e+000
3.488814466746225e-007	-1.027504e-002	0.000000e+000
3.490901633979190e-007	-9.812283e-003	0.000000e+000
3.493384078838836e-007	-9.572444e-003	0.000000e+000
3.496108248788647e-007	-9.725105e-003	0.000000e+000
3.499594576913647e-007	-1.046454e-002	0.000000e+000
3.502987226548338e-007	-1.163159e-002	0.000000e+000
3.506278888297766e-007	-1.304822e-002	0.000000e+000
3.509185869470250e-007	-1.437262e-002	0.000000e+000
3.512114955250753e-007	-1.562148e-002	0.000000e+000
3.514899615621654e-007	-1.661093e-002	0.000000e+000
3.517424563931371e-007	-1.726654e-002	0.000000e+000
3.519571766391646e-007	-1.760110e-002	0.000000e+000
3.521450987979330e-007	-1.770796e-002	0.000000e+000
3.523079225278136e-007	-1.766316e-002	0.000000e+000
3.524263307101723e-007	-1.754097e-002	0.000000e+000
3.525894426378309e-007	-1.726005e-002	0.000000e+000
3.527623890235006e-007	-1.684609e-002	0.000000e+000
3.529953339369344e-007	-1.613600e-002	0.000000e+000
3.532404457940927e-007	-1.526374e-002	0.000000e+000
3.534788845379718e-007	-1.434457e-002	0.000000e+000
3.537273548263755e-007	-1.338497e-002	0.000000e+000
3.539768998096341e-007	-1.249553e-002	0.000000e+000
3.542435970635598e-007	-1.169000e-002	0.000000e+000
3.544683363190827e-007	-1.118144e-002	0.000000e+000
3.547152772196972e-007	-1.085902e-002	0.000000e+000
3.550221029840215e-007	-1.078049e-002	0.000000e+000
3.553110706709901e-007	-1.101895e-002	0.000000e+000
3.555960900784586e-007	-1.153783e-002	0.000000e+000
3.558852875793797e-007	-1.228401e-002	0.000000e+000
3.561763872904814e-007	-1.317276e-002	0.000000e+000
3.564169295113992e-007	-1.395279e-002	0.000000e+000
3.566023704714131e-007	-1.454988e-002	0.000000e+000
3.567298127484671e-007	-1.493854e-002	0.000000e+000
3.568917009948104e-007	-1.539571e-002	0.000000e+000
3.570000000000000e-007	-1.568071e-002	0.000000e+000
