time	V(-1)	V(1)
0.000000000000000e+000	0.000000e+000	0.000000e+000
2.109375042393330e-015	0.000000e+000	2.812500e-007
4.218750084786661e-015	0.000000e+000	5.625000e-007
4.940759027868722e-012	-4.254571e-042	6.587679e-004
9.877299305652657e-012	-3.782019e-042	1.316973e-003
1.481383958343659e-011	1.417656e-042	1.975179e-003
1.975037986122053e-011	1.134445e-041	2.633384e-003
2.468692013900446e-011	2.599838e-041	3.291589e-003
2.962346041678840e-011	4.537942e-041	3.949795e-003
3.456000069457232e-011	6.948759e-041	4.608000e-003
6.912000138914465e-011	4.422545e-038	9.216000e-003
1.119165928250955e-010	9.116579e-037	1.492221e-002
1.510802698867626e-010	8.440097e-036	2.014404e-002
1.871544265016759e-010	5.808450e-035	2.495392e-002
2.219798790322143e-010	5.506228e-034	2.959732e-002
2.646487976020230e-010	4.995703e-033	3.528650e-002
3.057090774861971e-010	6.366179e-032	4.076121e-002
3.589376111628644e-010	9.154405e-031	4.785835e-002
4.156570665694459e-010	1.801710e-029	5.542094e-002
4.865131260510887e-010	3.441115e-028	6.486842e-002
5.648941741820925e-010	8.074509e-027	7.531922e-002
6.604701683715711e-010	7.255986e-026	8.806269e-002
7.390076884768614e-010	4.408842e-025	9.853436e-002
8.254868542701367e-010	2.525899e-024	1.100649e-001
9.070461862464113e-010	1.423704e-023	1.209395e-001
1.004187878856087e-009	8.987059e-023	1.338917e-001
1.104271757463549e-009	5.829702e-022	1.472362e-001
1.220937842734147e-009	4.064753e-021	1.627917e-001
1.344998900266453e-009	1.990614e-020	1.793332e-001
1.449127308282955e-009	7.435101e-020	1.932170e-001
1.561616936450105e-009	2.962821e-019	2.082156e-001
1.678802937462459e-009	1.185310e-018	2.238404e-001
1.807446536674077e-009	4.948808e-018	2.409929e-001
1.944226341823620e-009	2.092858e-017	2.592302e-001
2.094031649804761e-009	9.156723e-017	2.792042e-001
2.254932729816312e-009	3.537230e-016	3.006577e-001
2.400286400928478e-009	1.126661e-015	3.200382e-001
2.550137534951113e-009	3.585521e-015	3.400183e-001
2.706021761371485e-009	1.139263e-014	3.608029e-001
2.873037979720177e-009	3.694141e-014	3.830717e-001
3.050275254859065e-009	1.112701e-013	4.067034e-001
3.207624451627608e-009	2.928126e-013	4.276833e-001
3.384069521640466e-009	8.112667e-013	4.512093e-001
3.552157059199822e-009	2.092941e-012	4.736210e-001
3.741630735304583e-009	5.746161e-012	4.988841e-001
3.931632838887444e-009	1.473698e-011	5.242177e-001
4.120802326270724e-009	3.672459e-011	5.494403e-001
4.325203051227173e-009	9.108374e-011	5.766937e-001
4.511475706396503e-009	2.055054e-010	6.015301e-001
4.722413206396503e-009	4.944551e-010	6.296551e-001
4.930106180522907e-009	1.116218e-009	6.573475e-001
5.141043680522907e-009	2.460945e-009	6.854725e-001
5.351981180522907e-009	5.233393e-009	7.135975e-001
5.562918680522907e-009	1.078070e-008	7.417225e-001
5.773856180522907e-009	2.156226e-008	7.698475e-001
5.984793680522907e-009	4.195702e-008	7.979725e-001
6.195731180522908e-009	7.957129e-008	8.260975e-001
6.406668680522908e-009	1.473134e-007	8.542225e-001
6.617606180522908e-009	2.666140e-007	8.823475e-001
6.828543680522908e-009	4.723206e-007	9.104725e-001
7.039481180522908e-009	8.199906e-007	9.385975e-001
7.250418680522908e-009	1.322893e-006	9.667225e-001
7.289062499999999e-009	1.446458e-006	9.718750e-001
7.366350138954181e-009	1.764432e-006	9.821800e-001
7.499999999999999e-009	2.397008e-006	1.000000e+000
7.513364986104581e-009	2.475829e-006	1.000000e+000
7.540094958313746e-009	2.640848e-006	1.000000e+000
7.593554902732072e-009	3.010554e-006	1.000000e+000
7.700474791568727e-009	3.949999e-006	1.000000e+000
7.911412291568726e-009	6.537411e-006	1.000000e+000
8.122349791568726e-009	1.039414e-005	1.000000e+000
8.333287291568725e-009	1.627801e-005	1.000000e+000
8.544224791568724e-009	2.512589e-005	1.000000e+000
8.755162291568724e-009	3.824763e-005	1.000000e+000
8.966099791568723e-009	5.744972e-005	1.000000e+000
9.177037291568722e-009	8.519060e-005	1.000000e+000
9.387974791568721e-009	1.247730e-004	1.000000e+000
9.598912291568721e-009	1.805780e-004	1.000000e+000
9.809849791568720e-009	2.583466e-004	1.000000e+000
1.002078729156872e-008	3.655108e-004	1.000000e+000
1.023172479156872e-008	5.115787e-004	1.000000e+000
1.044266229156872e-008	7.085741e-004	1.000000e+000
1.065359979156872e-008	9.715274e-004	1.000000e+000
1.086453729156872e-008	1.319016e-003	1.000000e+000
1.107547479156872e-008	1.773742e-003	1.000000e+000
1.128641229156872e-008	2.363142e-003	1.000000e+000
1.149734979156871e-008	3.120002e-003	1.000000e+000
1.170828729156871e-008	4.083066e-003	1.000000e+000
1.191922479156871e-008	5.297604e-003	1.000000e+000
1.213016229156871e-008	6.815911e-003	1.000000e+000
1.234109979156871e-008	8.697703e-003	1.000000e+000
1.255203729156871e-008	1.101037e-002	1.000000e+000
1.276297479156871e-008	1.382906e-002	1.000000e+000
1.297391229156871e-008	1.723648e-002	1.000000e+000
1.318484979156871e-008	2.132255e-002	1.000000e+000
1.339578729156871e-008	2.618361e-002	1.000000e+000
1.360672479156871e-008	3.192145e-002	1.000000e+000
1.381766229156871e-008	3.864187e-002	1.000000e+000
1.402859979156871e-008	4.645294e-002	1.000000e+000
1.423953729156871e-008	5.546294e-002	1.000000e+000
1.445047479156871e-008	6.577794e-002	1.000000e+000
1.466141229156870e-008	7.749903e-002	1.000000e+000
1.487234979156870e-008	9.071951e-002	1.000000e+000
1.508328729156870e-008	1.055217e-001	1.000000e+000
1.529422479156870e-008	1.219738e-001	1.000000e+000
1.550516229156870e-008	1.401269e-001	1.000000e+000
1.571609979156870e-008	1.600120e-001	1.000000e+000
1.592703729156870e-008	1.816372e-001	1.000000e+000
1.613797479156870e-008	2.049858e-001	1.000000e+000
1.634891229156870e-008	2.300145e-001	1.000000e+000
1.655984979156870e-008	2.566524e-001	1.000000e+000
1.677078729156870e-008	2.848006e-001	1.000000e+000
1.698172479156870e-008	3.143333e-001	1.000000e+000
1.719266229156870e-008	3.450985e-001	1.000000e+000
1.740359979156870e-008	3.769210e-001	1.000000e+000
1.761453729156870e-008	4.096054e-001	1.000000e+000
1.782547479156870e-008	4.429399e-001	1.000000e+000
1.803641229156870e-008	4.767012e-001	1.000000e+000
1.824734979156869e-008	5.106593e-001	1.000000e+000
1.845828729156869e-008	5.445833e-001	1.000000e+000
1.866922479156869e-008	5.782468e-001	1.000000e+000
1.888016229156869e-008	6.114336e-001	1.000000e+000
1.909109979156869e-008	6.439424e-001	1.000000e+000
1.930203729156869e-008	6.755920e-001	1.000000e+000
1.951297479156869e-008	7.062244e-001	1.000000e+000
1.972391229156869e-008	7.357083e-001	1.000000e+000
1.993484979156869e-008	7.639400e-001	1.000000e+000
2.014578729156869e-008	7.908446e-001	1.000000e+000
2.035672479156869e-008	8.163751e-001	1.000000e+000
2.056766229156869e-008	8.405101e-001	1.000000e+000
2.077859979156869e-008	8.632515e-001	1.000000e+000
2.098953729156869e-008	8.846198e-001	1.000000e+000
2.120047479156868e-008	9.046500e-001	1.000000e+000
2.141141229156868e-008	9.233863e-001	1.000000e+000
2.162234979156868e-008	9.408768e-001	1.000000e+000
2.183328729156868e-008	9.571686e-001	1.000000e+000
2.204422479156868e-008	9.723028e-001	1.000000e+000
2.225516229156868e-008	9.863113e-001	1.000000e+000
2.246609979156868e-008	9.992135e-001	1.000000e+000
2.267703729156868e-008	1.011015e+000	1.000000e+000
2.288797479156868e-008	1.021707e+000	1.000000e+000
2.309891229156868e-008	1.031268e+000	1.000000e+000
2.330984979156868e-008	1.039666e+000	1.000000e+000
2.352078729156868e-008	1.046864e+000	1.000000e+000
2.373172479156868e-008	1.052821e+000	1.000000e+000
2.394266229156868e-008	1.057502e+000	1.000000e+000
2.415359979156867e-008	1.060881e+000	1.000000e+000
2.436453729156867e-008	1.062947e+000	1.000000e+000
2.457547479156867e-008	1.063713e+000	1.000000e+000
2.478641229156867e-008	1.063216e+000	1.000000e+000
2.499734979156867e-008	1.061523e+000	1.000000e+000
2.520828729156867e-008	1.058735e+000	1.000000e+000
2.541922479156867e-008	1.054980e+000	1.000000e+000
2.563016229156867e-008	1.050422e+000	1.000000e+000
2.584109979156867e-008	1.045246e+000	1.000000e+000
2.605203729156867e-008	1.039663e+000	1.000000e+000
2.626297479156867e-008	1.033895e+000	1.000000e+000
2.647391229156867e-008	1.028170e+000	1.000000e+000
2.668484979156867e-008	1.022714e+000	1.000000e+000
2.689578729156867e-008	1.017739e+000	1.000000e+000
2.710672479156867e-008	1.013434e+000	1.000000e+000
2.731766229156866e-008	1.009959e+000	1.000000e+000
2.752859979156866e-008	1.007432e+000	1.000000e+000
2.773953729156866e-008	1.005928e+000	1.000000e+000
2.795047479156866e-008	1.005475e+000	1.000000e+000
2.816141229156866e-008	1.006050e+000	1.000000e+000
2.837234979156866e-008	1.007581e+000	1.000000e+000
2.858328729156866e-008	1.009953e+000	1.000000e+000
2.879422479156866e-008	1.013010e+000	1.000000e+000
2.900516229156866e-008	1.016567e+000	1.000000e+000
2.921609979156866e-008	1.020419e+000	1.000000e+000
2.942703729156866e-008	1.024351e+000	1.000000e+000
2.963797479156866e-008	1.028147e+000	1.000000e+000
2.984891229156866e-008	1.031608e+000	1.000000e+000
3.005984979156866e-008	1.034558e+000	1.000000e+000
3.027078729156865e-008	1.036853e+000	1.000000e+000
3.048172479156865e-008	1.038389e+000	1.000000e+000
3.069266229156865e-008	1.039110e+000	1.000000e+000
3.090359979156865e-008	1.039005e+000	1.000000e+000
3.111453729156865e-008	1.038112e+000	1.000000e+000
3.132547479156865e-008	1.036513e+000	1.000000e+000
3.153641229156865e-008	1.034328e+000	1.000000e+000
3.174734979156865e-008	1.031708e+000	1.000000e+000
3.195828729156865e-008	1.028823e+000	1.000000e+000
3.216922479156865e-008	1.025857e+000	1.000000e+000
3.238016229156865e-008	1.022990e+000	1.000000e+000
3.259109979156865e-008	1.020391e+000	1.000000e+000
3.280203729156865e-008	1.018208e+000	1.000000e+000
3.301297479156865e-008	1.016557e+000	1.000000e+000
3.322391229156864e-008	1.015519e+000	1.000000e+000
3.343484979156864e-008	1.015134e+000	1.000000e+000
3.364578729156864e-008	1.015398e+000	1.000000e+000
3.385672479156864e-008	1.016269e+000	1.000000e+000
3.406766229156864e-008	1.017666e+000	1.000000e+000
3.427859979156864e-008	1.019477e+000	1.000000e+000
3.448953729156864e-008	1.021569e+000	1.000000e+000
3.470047479156864e-008	1.023794e+000	1.000000e+000
3.491141229156864e-008	1.025999e+000	1.000000e+000
3.512234979156864e-008	1.028040e+000	1.000000e+000
3.533328729156864e-008	1.029787e+000	1.000000e+000
3.554422479156864e-008	1.031134e+000	1.000000e+000
3.575516229156864e-008	1.032004e+000	1.000000e+000
3.596609979156864e-008	1.032357e+000	1.000000e+000
3.617703729156864e-008	1.032186e+000	1.000000e+000
3.638797479156863e-008	1.031522e+000	1.000000e+000
3.659891229156863e-008	1.030427e+000	1.000000e+000
3.680984979156863e-008	1.028992e+000	1.000000e+000
3.702078729156863e-008	1.027328e+000	1.000000e+000
3.723172479156863e-008	1.025559e+000	1.000000e+000
3.744266229156863e-008	1.023812e+000	1.000000e+000
3.765359979156863e-008	1.022210e+000	1.000000e+000
3.786453729156863e-008	1.020863e+000	1.000000e+000
3.807547479156863e-008	1.019861e+000	1.000000e+000
3.828641229156863e-008	1.019267e+000	1.000000e+000
3.849734979156863e-008	1.019118e+000	1.000000e+000
3.870828729156863e-008	1.019416e+000	1.000000e+000
3.891922479156863e-008	1.020137e+000	1.000000e+000
3.913016229156863e-008	1.021227e+000	1.000000e+000
3.934109979156862e-008	1.022612e+000	1.000000e+000
3.955203729156862e-008	1.024198e+000	1.000000e+000
3.976297479156862e-008	1.025886e+000	1.000000e+000
3.997391229156862e-008	1.027572e+000	1.000000e+000
4.018484979156862e-008	1.029160e+000	1.000000e+000
4.039578729156862e-008	1.030566e+000	1.000000e+000
4.060672479156862e-008	1.031725e+000	1.000000e+000
4.081766229156862e-008	1.032596e+000	1.000000e+000
4.102859979156862e-008	1.033163e+000	1.000000e+000
4.123953729156862e-008	1.033436e+000	1.000000e+000
4.145047479156862e-008	1.033451e+000	1.000000e+000
4.166141229156862e-008	1.033265e+000	1.000000e+000
4.187234979156862e-008	1.032954e+000	1.000000e+000
4.208328729156862e-008	1.032604e+000	1.000000e+000
4.229422479156861e-008	1.032307e+000	1.000000e+000
4.250516229156861e-008	1.032152e+000	1.000000e+000
4.271609979156861e-008	1.032221e+000	1.000000e+000
4.292703729156861e-008	1.032580e+000	1.000000e+000
4.313797479156861e-008	1.033277e+000	1.000000e+000
4.334891229156861e-008	1.034337e+000	1.000000e+000
4.355984979156861e-008	1.035762e+000	1.000000e+000
4.377078729156861e-008	1.037529e+000	1.000000e+000
4.398172479156861e-008	1.039593e+000	1.000000e+000
4.419266229156861e-008	1.041889e+000	1.000000e+000
4.440359979156861e-008	1.044340e+000	1.000000e+000
4.461453729156861e-008	1.046857e+000	1.000000e+000
4.482547479156861e-008	1.049351e+000	1.000000e+000
4.503641229156861e-008	1.051733e+000	1.000000e+000
4.524734979156861e-008	1.053923e+000	1.000000e+000
4.545828729156860e-008	1.055853e+000	1.000000e+000
4.566922479156860e-008	1.057473e+000	1.000000e+000
4.588016229156860e-008	1.058750e+000	1.000000e+000
4.609109979156860e-008	1.059670e+000	1.000000e+000
4.630203729156860e-008	1.060237e+000	1.000000e+000
4.651297479156860e-008	1.060473e+000	1.000000e+000
4.672391229156860e-008	1.060410e+000	1.000000e+000
4.693484979156860e-008	1.060091e+000	1.000000e+000
4.714578729156860e-008	1.059561e+000	1.000000e+000
4.735672479156860e-008	1.058868e+000	1.000000e+000
4.756766229156860e-008	1.058050e+000	1.000000e+000
4.777859979156860e-008	1.057140e+000	1.000000e+000
4.798953729156860e-008	1.056158e+000	1.000000e+000
4.820047479156860e-008	1.055110e+000	1.000000e+000
4.841141229156859e-008	1.053989e+000	1.000000e+000
4.862234979156859e-008	1.052774e+000	1.000000e+000
4.883328729156859e-008	1.051435e+000	1.000000e+000
4.904422479156859e-008	1.049932e+000	1.000000e+000
4.925516229156859e-008	1.048223e+000	1.000000e+000
4.946609979156859e-008	1.046265e+000	1.000000e+000
4.967703729156859e-008	1.044022e+000	1.000000e+000
4.988797479156859e-008	1.041467e+000	1.000000e+000
5.009891229156859e-008	1.038584e+000	1.000000e+000
5.030984979156859e-008	1.035374e+000	1.000000e+000
5.052078729156859e-008	1.031855e+000	1.000000e+000
5.073172479156859e-008	1.028063e+000	1.000000e+000
5.094266229156859e-008	1.024051e+000	1.000000e+000
5.115359979156859e-008	1.019884e+000	1.000000e+000
5.136453729156859e-008	1.015642e+000	1.000000e+000
5.157547479156858e-008	1.011409e+000	1.000000e+000
5.178641229156858e-008	1.007273e+000	1.000000e+000
5.199734979156858e-008	1.003320e+000	1.000000e+000
5.220828729156858e-008	9.996284e-001	1.000000e+000
5.241922479156858e-008	9.962654e-001	1.000000e+000
5.263016229156858e-008	9.932836e-001	1.000000e+000
5.284109979156858e-008	9.907185e-001	1.000000e+000
5.305203729156858e-008	9.885871e-001	1.000000e+000
5.326297479156858e-008	9.868877e-001	1.000000e+000
5.347391229156858e-008	9.856008e-001	1.000000e+000
5.368484979156858e-008	9.846917e-001	1.000000e+000
5.389578729156858e-008	9.841133e-001	1.000000e+000
5.410672479156858e-008	9.838097e-001	1.000000e+000
5.431766229156858e-008	9.837208e-001	1.000000e+000
5.452859979156857e-008	9.837859e-001	1.000000e+000
5.473953729156857e-008	9.839481e-001	1.000000e+000
5.495047479156857e-008	9.841576e-001	1.000000e+000
5.516141229156857e-008	9.843741e-001	1.000000e+000
5.537234979156857e-008	9.845691e-001	1.000000e+000
5.558328729156857e-008	9.847266e-001	1.000000e+000
5.579422479156857e-008	9.848425e-001	1.000000e+000
5.600516229156857e-008	9.849240e-001	1.000000e+000
5.621609979156857e-008	9.849873e-001	1.000000e+000
5.642703729156857e-008	9.850551e-001	1.000000e+000
5.663797479156857e-008	9.851542e-001	1.000000e+000
5.684891229156857e-008	9.853113e-001	1.000000e+000
5.705984979156857e-008	9.855513e-001	1.000000e+000
5.727078729156857e-008	9.858938e-001	1.000000e+000
5.748172479156856e-008	9.863517e-001	1.000000e+000
5.769266229156856e-008	9.869291e-001	1.000000e+000
5.790359979156856e-008	9.876212e-001	1.000000e+000
5.811453729156856e-008	9.884148e-001	1.000000e+000
5.832547479156856e-008	9.892882e-001	1.000000e+000
5.853641229156856e-008	9.902135e-001	1.000000e+000
5.874734979156856e-008	9.911585e-001	1.000000e+000
5.895828729156856e-008	9.920889e-001	1.000000e+000
5.916922479156856e-008	9.929706e-001	1.000000e+000
5.938016229156856e-008	9.937719e-001	1.000000e+000
5.959109979156856e-008	9.944661e-001	1.000000e+000
5.980203729156856e-008	9.950320e-001	1.000000e+000
6.001297479156856e-008	9.954559e-001	1.000000e+000
6.022391229156856e-008	9.957312e-001	1.000000e+000
6.043484979156856e-008	9.958589e-001	1.000000e+000
6.064578729156856e-008	9.958463e-001	1.000000e+000
6.085672479156856e-008	9.957059e-001	1.000000e+000
6.106766229156856e-008	9.954544e-001	1.000000e+000
6.127859979156856e-008	9.951103e-001	1.000000e+000
6.148953729156856e-008	9.946929e-001	1.000000e+000
6.170047479156856e-008	9.942206e-001	1.000000e+000
6.191141229156856e-008	9.937093e-001	1.000000e+000
6.212234979156856e-008	9.931728e-001	1.000000e+000
6.233328729156856e-008	9.926209e-001	1.000000e+000
6.254422479156855e-008	9.920610e-001	1.000000e+000
6.275516229156855e-008	9.914978e-001	1.000000e+000
6.296609979156855e-008	9.909345e-001	1.000000e+000
6.317703729156855e-008	9.903738e-001	1.000000e+000
6.338797479156855e-008	9.898194e-001	1.000000e+000
6.359891229156855e-008	9.892768e-001	1.000000e+000
6.380984979156855e-008	9.887544e-001	1.000000e+000
6.402078729156855e-008	9.882641e-001	1.000000e+000
6.423172479156855e-008	9.878213e-001	1.000000e+000
6.444266229156855e-008	9.874448e-001	1.000000e+000
6.465359979156855e-008	9.871553e-001	1.000000e+000
6.486453729156855e-008	9.869750e-001	1.000000e+000
6.507547479156855e-008	9.869249e-001	1.000000e+000
6.528641229156855e-008	9.870234e-001	1.000000e+000
6.549734979156854e-008	9.872843e-001	1.000000e+000
6.570828729156854e-008	9.877145e-001	1.000000e+000
6.591922479156854e-008	9.883126e-001	1.000000e+000
6.613016229156854e-008	9.890677e-001	1.000000e+000
6.634109979156854e-008	9.899589e-001	1.000000e+000
6.655203729156854e-008	9.909554e-001	1.000000e+000
6.676297479156854e-008	9.920171e-001	1.000000e+000
6.697391229156854e-008	9.930971e-001	1.000000e+000
6.718484979156854e-008	9.941431e-001	1.000000e+000
6.739578729156854e-008	9.951011e-001	1.000000e+000
6.760672479156854e-008	9.959180e-001	1.000000e+000
6.781766229156854e-008	9.965457e-001	1.000000e+000
6.802859979156854e-008	9.969437e-001	1.000000e+000
6.823953729156854e-008	9.970828e-001	1.000000e+000
6.845047479156854e-008	9.969471e-001	1.000000e+000
6.866141229156853e-008	9.965359e-001	1.000000e+000
6.887234979156853e-008	9.958643e-001	1.000000e+000
6.908328729156853e-008	9.949634e-001	1.000000e+000
6.929422479156853e-008	9.938783e-001	1.000000e+000
6.950516229156853e-008	9.926665e-001	1.000000e+000
6.971609979156853e-008	9.913944e-001	1.000000e+000
6.992703729156853e-008	9.901338e-001	1.000000e+000
7.013797479156853e-008	9.889575e-001	1.000000e+000
7.034891229156853e-008	9.879349e-001	1.000000e+000
7.055984979156853e-008	9.871277e-001	1.000000e+000
7.077078729156853e-008	9.865859e-001	1.000000e+000
7.098172479156853e-008	9.863448e-001	1.000000e+000
7.119266229156853e-008	9.864225e-001	1.000000e+000
7.140359979156853e-008	9.868184e-001	1.000000e+000
7.161453729156852e-008	9.875133e-001	1.000000e+000
7.182547479156852e-008	9.884702e-001	1.000000e+000
7.203641229156852e-008	9.896365e-001	1.000000e+000
7.224734979156852e-008	9.909469e-001	1.000000e+000
7.245828729156852e-008	9.923273e-001	1.000000e+000
7.266922479156852e-008	9.936996e-001	1.000000e+000
7.288016229156852e-008	9.949854e-001	1.000000e+000
7.309109979156852e-008	9.961118e-001	1.000000e+000
7.330203729156852e-008	9.970148e-001	1.000000e+000
7.351297479156852e-008	9.976433e-001	1.000000e+000
7.372391229156852e-008	9.979622e-001	1.000000e+000
7.393484979156852e-008	9.979538e-001	1.000000e+000
7.414578729156852e-008	9.976192e-001	1.000000e+000
7.435672479156852e-008	9.969773e-001	1.000000e+000
7.456766229156852e-008	9.960639e-001	1.000000e+000
7.477859979156851e-008	9.949292e-001	1.000000e+000
7.498953729156851e-008	9.936341e-001	1.000000e+000
7.520047479156851e-008	9.922471e-001	1.000000e+000
7.541141229156851e-008	9.908395e-001	1.000000e+000
7.562234979156851e-008	9.894814e-001	1.000000e+000
7.583328729156851e-008	9.882377e-001	1.000000e+000
7.604422479156851e-008	9.871643e-001	1.000000e+000
7.625516229156851e-008	9.863049e-001	1.000000e+000
7.646609979156851e-008	9.856893e-001	1.000000e+000
7.667703729156851e-008	9.853319e-001	1.000000e+000
7.688797479156851e-008	9.852309e-001	1.000000e+000
7.709891229156851e-008	9.853696e-001	1.000000e+000
7.730984979156851e-008	9.857178e-001	1.000000e+000
7.752078729156851e-008	9.862337e-001	1.000000e+000
7.773172479156850e-008	9.868672e-001	1.000000e+000
7.794266229156850e-008	9.875632e-001	1.000000e+000
7.815359979156850e-008	9.882649e-001	1.000000e+000
7.836453729156850e-008	9.889172e-001	1.000000e+000
7.857547479156850e-008	9.894707e-001	1.000000e+000
7.878641229156850e-008	9.898835e-001	1.000000e+000
7.899734979156850e-008	9.901245e-001	1.000000e+000
7.920828729156850e-008	9.901741e-001	1.000000e+000
7.941922479156850e-008	9.900259e-001	1.000000e+000
7.963016229156850e-008	9.896866e-001	1.000000e+000
7.984109979156850e-008	9.891750e-001	1.000000e+000
8.005203729156850e-008	9.885212e-001	1.000000e+000
8.026297479156850e-008	9.877642e-001	1.000000e+000
8.047391229156850e-008	9.869501e-001	1.000000e+000
8.068484979156849e-008	9.861290e-001	1.000000e+000
8.089578729156849e-008	9.853523e-001	1.000000e+000
8.110672479156849e-008	9.846697e-001	1.000000e+000
8.131766229156849e-008	9.841267e-001	1.000000e+000
8.152859979156849e-008	9.837621e-001	1.000000e+000
8.173953729156849e-008	9.836059e-001	1.000000e+000
8.195047479156849e-008	9.836777e-001	1.000000e+000
8.216141229156849e-008	9.839861e-001	1.000000e+000
8.237234979156849e-008	9.845276e-001	1.000000e+000
8.258328729156849e-008	9.852876e-001	1.000000e+000
8.279422479156849e-008	9.862406e-001	1.000000e+000
8.300516229156849e-008	9.873518e-001	1.000000e+000
8.321609979156849e-008	9.885790e-001	1.000000e+000
8.342703729156849e-008	9.898742e-001	1.000000e+000
8.363797479156849e-008	9.911867e-001	1.000000e+000
8.384891229156848e-008	9.924649e-001	1.000000e+000
8.405984979156848e-008	9.936594e-001	1.000000e+000
8.427078729156848e-008	9.947252e-001	1.000000e+000
8.448172479156848e-008	9.956238e-001	1.000000e+000
8.469266229156848e-008	9.963254e-001	1.000000e+000
8.490359979156848e-008	9.968096e-001	1.000000e+000
8.511453729156848e-008	9.970672e-001	1.000000e+000
8.532547479156848e-008	9.970999e-001	1.000000e+000
8.553641229156848e-008	9.969206e-001	1.000000e+000
8.574734979156848e-008	9.965521e-001	1.000000e+000
8.595828729156848e-008	9.960260e-001	1.000000e+000
8.616922479156848e-008	9.953812e-001	1.000000e+000
8.638016229156848e-008	9.946611e-001	1.000000e+000
8.659109979156848e-008	9.939117e-001	1.000000e+000
8.680203729156847e-008	9.931789e-001	1.000000e+000
8.701297479156847e-008	9.925057e-001	1.000000e+000
8.722391229156847e-008	9.919301e-001	1.000000e+000
8.743484979156847e-008	9.914826e-001	1.000000e+000
8.764578729156847e-008	9.911847e-001	1.000000e+000
8.785672479156847e-008	9.910479e-001	1.000000e+000
8.806766229156847e-008	9.910725e-001	1.000000e+000
8.827859979156847e-008	9.912485e-001	1.000000e+000
8.848953729156847e-008	9.915556e-001	1.000000e+000
8.870047479156847e-008	9.919649e-001	1.000000e+000
8.891141229156847e-008	9.924408e-001	1.000000e+000
8.912234979156847e-008	9.929435e-001	1.000000e+000
8.933328729156847e-008	9.934311e-001	1.000000e+000
8.954422479156847e-008	9.938630e-001	1.000000e+000
8.975516229156846e-008	9.942024e-001	1.000000e+000
8.996609979156846e-008	9.944188e-001	1.000000e+000
9.017703729156846e-008	9.944903e-001	1.000000e+000
9.038797479156846e-008	9.944049e-001	1.000000e+000
9.059891229156846e-008	9.941615e-001	1.000000e+000
9.080984979156846e-008	9.937708e-001	1.000000e+000
9.102078729156846e-008	9.932536e-001	1.000000e+000
9.123172479156846e-008	9.926403e-001	1.000000e+000
9.144266229156846e-008	9.919688e-001	1.000000e+000
9.165359979156846e-008	9.912817e-001	1.000000e+000
9.186453729156846e-008	9.906242e-001	1.000000e+000
9.207547479156846e-008	9.900401e-001	1.000000e+000
9.228641229156846e-008	9.895692e-001	1.000000e+000
9.249734979156846e-008	9.892447e-001	1.000000e+000
9.270828729156846e-008	9.890905e-001	1.000000e+000
9.291922479156845e-008	9.891196e-001	1.000000e+000
9.313016229156845e-008	9.893330e-001	1.000000e+000
9.334109979156845e-008	9.897192e-001	1.000000e+000
9.355203729156845e-008	9.902556e-001	1.000000e+000
9.376297479156845e-008	9.909089e-001	1.000000e+000
9.397391229156845e-008	9.916383e-001	1.000000e+000
9.418484979156845e-008	9.923973e-001	1.000000e+000
9.439578729156845e-008	9.931377e-001	1.000000e+000
9.460672479156845e-008	9.938121e-001	1.000000e+000
9.481766229156845e-008	9.943780e-001	1.000000e+000
9.502859979156845e-008	9.948001e-001	1.000000e+000
9.523953729156845e-008	9.950532e-001	1.000000e+000
9.545047479156845e-008	9.951237e-001	1.000000e+000
9.566141229156845e-008	9.950107e-001	1.000000e+000
9.587234979156844e-008	9.947261e-001	1.000000e+000
9.608328729156844e-008	9.942937e-001	1.000000e+000
9.629422479156844e-008	9.937476e-001	1.000000e+000
9.650516229156844e-008	9.931296e-001	1.000000e+000
9.671609979156844e-008	9.924860e-001	1.000000e+000
9.692703729156844e-008	9.918649e-001	1.000000e+000
9.713797479156844e-008	9.913120e-001	1.000000e+000
9.734891229156844e-008	9.908677e-001	1.000000e+000
9.755984979156844e-008	9.905638e-001	1.000000e+000
9.777078729156844e-008	9.904215e-001	1.000000e+000
9.798172479156844e-008	9.904497e-001	1.000000e+000
9.819266229156844e-008	9.906439e-001	1.000000e+000
9.840359979156844e-008	9.909874e-001	1.000000e+000
9.861453729156844e-008	9.914515e-001	1.000000e+000
9.882547479156844e-008	9.919984e-001	1.000000e+000
9.903641229156843e-008	9.925837e-001	1.000000e+000
9.924734979156843e-008	9.931595e-001	1.000000e+000
9.945828729156843e-008	9.936786e-001	1.000000e+000
9.966922479156843e-008	9.940971e-001	1.000000e+000
9.988016229156843e-008	9.943788e-001	1.000000e+000
1.000910997915684e-007	9.944975e-001	1.000000e+000
1.003020372915684e-007	9.944389e-001	1.000000e+000
1.005129747915684e-007	9.942022e-001	1.000000e+000
1.007239122915684e-007	9.938003e-001	1.000000e+000
1.009348497915684e-007	9.932587e-001	1.000000e+000
1.011457872915684e-007	9.926142e-001	1.000000e+000
1.013567247915684e-007	9.919119e-001	1.000000e+000
1.015676622915684e-007	9.912025e-001	1.000000e+000
1.017785997915684e-007	9.905381e-001	1.000000e+000
1.019895372915684e-007	9.899685e-001	1.000000e+000
1.022004747915684e-007	9.895381e-001	1.000000e+000
1.024114122915684e-007	9.892815e-001	1.000000e+000
1.026223497915684e-007	9.892220e-001	1.000000e+000
1.028332872915684e-007	9.893687e-001	1.000000e+000
1.030442247915684e-007	9.897165e-001	1.000000e+000
1.032551622915684e-007	9.902456e-001	1.000000e+000
1.034660997915684e-007	9.909231e-001	1.000000e+000
1.036770372915684e-007	9.917051e-001	1.000000e+000
1.038879747915684e-007	9.925395e-001	1.000000e+000
1.040989122915684e-007	9.933699e-001	1.000000e+000
1.043098497915684e-007	9.941391e-001	1.000000e+000
1.045207872915684e-007	9.947935e-001	1.000000e+000
1.047317247915684e-007	9.952867e-001	1.000000e+000
1.049426622915684e-007	9.955825e-001	1.000000e+000
1.051535997915684e-007	9.956580e-001	1.000000e+000
1.053645372915684e-007	9.955051e-001	1.000000e+000
1.055754747915684e-007	9.951307e-001	1.000000e+000
1.057864122915684e-007	9.945568e-001	1.000000e+000
1.059973497915684e-007	9.938191e-001	1.000000e+000
1.062082872915684e-007	9.929641e-001	1.000000e+000
1.064192247915684e-007	9.920463e-001	1.000000e+000
1.066301622915684e-007	9.911246e-001	1.000000e+000
1.068410997915684e-007	9.902580e-001	1.000000e+000
1.070520372915684e-007	9.895021e-001	1.000000e+000
1.072629747915684e-007	9.888608e-001	1.000000e+000
1.072890625000000e-007	9.887946e-001	1.000000e+000
1.073412379168632e-007	9.886817e-001	1.000000e+000
1.073956491662737e-007	9.885799e-001	1.000000e+000
1.075000000000000e-007	9.884118e-001	1.000000e+000
1.075104350833726e-007	9.883992e-001	9.986086e-001
1.075313052501179e-007	9.883758e-001	9.958259e-001
1.075730455836084e-007	9.883373e-001	9.902606e-001
1.076565262505895e-007	9.882952e-001	9.791299e-001
1.078234875845516e-007	9.883223e-001	9.568684e-001
1.080344250845516e-007	9.885396e-001	9.287433e-001
1.082453625845516e-007	9.889605e-001	9.006183e-001
1.084563000845516e-007	9.895694e-001	8.724933e-001
1.086672375845516e-007	9.903270e-001	8.443683e-001
1.088781750845516e-007	9.911854e-001	8.162434e-001
1.090891125845516e-007	9.920912e-001	7.881183e-001
1.093000500845516e-007	9.929895e-001	7.599933e-001
1.095109875845516e-007	9.938275e-001	7.318683e-001
1.097219250845516e-007	9.945573e-001	7.037433e-001
1.099328625845516e-007	9.951397e-001	6.756184e-001
1.101438000845516e-007	9.955465e-001	6.474933e-001
1.103547375845516e-007	9.957612e-001	6.193683e-001
1.105656750845516e-007	9.957806e-001	5.912433e-001
1.107766125845516e-007	9.956143e-001	5.631183e-001
1.109875500845516e-007	9.952830e-001	5.349934e-001
1.111984875845516e-007	9.948175e-001	5.068683e-001
1.114094250845516e-007	9.942558e-001	4.787433e-001
1.116203625845516e-007	9.936402e-001	4.506183e-001
1.118313000845516e-007	9.930142e-001	4.224933e-001
1.120422375845516e-007	9.924197e-001	3.943683e-001
1.122531750845516e-007	9.918942e-001	3.662433e-001
1.124641125845516e-007	9.914681e-001	3.381183e-001
1.126750500845516e-007	9.911630e-001	3.099933e-001
1.128859875845516e-007	9.909913e-001	2.818683e-001
1.130969250845516e-007	9.909548e-001	2.537433e-001
1.133078625845516e-007	9.910458e-001	2.256183e-001
1.135188000845516e-007	9.912484e-001	1.974933e-001
1.137297375845516e-007	9.915391e-001	1.693683e-001
1.139406750845516e-007	9.918900e-001	1.412433e-001
1.141516125845516e-007	9.922705e-001	1.131183e-001
1.143625500845516e-007	9.926498e-001	8.499333e-002
1.145734875845516e-007	9.929992e-001	5.686832e-002
1.147890625000000e-007	9.933186e-001	2.812500e-002
1.148539863162773e-007	9.933949e-001	1.946849e-002
1.149281849634513e-007	9.934726e-001	9.575338e-003
1.150000000000000e-007	9.935415e-001	0.000000e+000
1.150002426470588e-007	9.935418e-001	0.000000e+000
1.150007279411765e-007	9.935422e-001	0.000000e+000
1.150183371848740e-007	9.935568e-001	0.000000e+000
1.150359464285714e-007	9.935706e-001	0.000000e+000
1.150535556722689e-007	9.935835e-001	0.000000e+000
1.150711649159664e-007	9.935957e-001	0.000000e+000
1.150887741596639e-007	9.936070e-001	0.000000e+000
1.151063834033614e-007	9.936176e-001	0.000000e+000
1.151239926470589e-007	9.936273e-001	0.000000e+000
1.152482279411765e-007	9.936751e-001	0.000000e+000
1.154591654411765e-007	9.936892e-001	0.000000e+000
1.156701029411765e-007	9.936239e-001	0.000000e+000
1.158810404411765e-007	9.934784e-001	0.000000e+000
1.160919779411765e-007	9.932662e-001	0.000000e+000
1.163029154411765e-007	9.930040e-001	0.000000e+000
1.165138529411765e-007	9.927098e-001	0.000000e+000
1.167247904411765e-007	9.924009e-001	0.000000e+000
1.169357279411765e-007	9.920922e-001	0.000000e+000
1.171466654411765e-007	9.917945e-001	0.000000e+000
1.173576029411765e-007	9.915131e-001	0.000000e+000
1.175685404411765e-007	9.912469e-001	0.000000e+000
1.177794779411765e-007	9.909881e-001	0.000000e+000
1.179904154411765e-007	9.907213e-001	0.000000e+000
1.182013529411765e-007	9.904243e-001	0.000000e+000
1.184122904411765e-007	9.900684e-001	0.000000e+000
1.186232279411765e-007	9.896188e-001	0.000000e+000
1.188341654411765e-007	9.890354e-001	0.000000e+000
1.190451029411765e-007	9.882791e-001	0.000000e+000
1.192379823522898e-007	9.873861e-001	0.000000e+000
1.194489198522898e-007	9.861394e-001	0.000000e+000
1.196598573522898e-007	9.845680e-001	0.000000e+000
1.198707948522898e-007	9.826077e-001	0.000000e+000
1.200817323522898e-007	9.801950e-001	0.000000e+000
1.202926698522898e-007	9.772621e-001	0.000000e+000
1.205036073522899e-007	9.737357e-001	0.000000e+000
1.207145448522899e-007	9.695700e-001	0.000000e+000
1.208900311289557e-007	9.655262e-001	0.000000e+000
1.210760015380044e-007	9.605917e-001	0.000000e+000
1.212515918914708e-007	9.552498e-001	0.000000e+000
1.214625293914708e-007	9.478870e-001	0.000000e+000
1.216734668914708e-007	9.394496e-001	0.000000e+000
1.218844043914708e-007	9.297863e-001	0.000000e+000
1.220953418914708e-007	9.187856e-001	0.000000e+000
1.223062793914709e-007	9.063383e-001	0.000000e+000
1.225172168914709e-007	8.923414e-001	0.000000e+000
1.227281543914709e-007	8.767302e-001	0.000000e+000
1.229258294322644e-007	8.605443e-001	0.000000e+000
1.231225646099954e-007	8.428531e-001	0.000000e+000
1.233241010990380e-007	8.230768e-001	0.000000e+000
1.235350385990380e-007	8.006110e-001	0.000000e+000
1.237459760990380e-007	7.763681e-001	0.000000e+000
1.239569135990380e-007	7.503811e-001	0.000000e+000
1.241678510990380e-007	7.227372e-001	0.000000e+000
1.243787885990380e-007	6.935586e-001	0.000000e+000
1.245897260990380e-007	6.630003e-001	0.000000e+000
1.248006635990380e-007	6.312476e-001	0.000000e+000
1.250116010990381e-007	5.985124e-001	0.000000e+000
1.252225385990381e-007	5.650328e-001	0.000000e+000
1.254213700481549e-007	5.330027e-001	0.000000e+000
1.256323075481549e-007	4.987698e-001	0.000000e+000
1.258432450481549e-007	4.645364e-001	0.000000e+000
1.260541825481549e-007	4.305462e-001	0.000000e+000
1.262651200481549e-007	3.970348e-001	0.000000e+000
1.264760575481549e-007	3.642116e-001	0.000000e+000
1.266819719252045e-007	3.330261e-001	0.000000e+000
1.268929094252045e-007	3.021146e-001	0.000000e+000
1.271038469252045e-007	2.723646e-001	0.000000e+000
1.273147844252045e-007	2.438679e-001	0.000000e+000
1.275210738150455e-007	2.172697e-001	0.000000e+000
1.277230032329075e-007	1.925050e-001	0.000000e+000
1.279339407329075e-007	1.679656e-001	0.000000e+000
1.281448782329075e-007	1.447290e-001	0.000000e+000
1.283466030157998e-007	1.236968e-001	0.000000e+000
1.285328070987598e-007	1.053397e-001	0.000000e+000
1.287437445987598e-007	8.569092e-002	0.000000e+000
1.289546820987598e-007	6.715133e-002	0.000000e+000
1.291656195987598e-007	4.971022e-002	0.000000e+000
1.293765570987599e-007	3.333278e-002	0.000000e+000
1.295874945987599e-007	1.799968e-002	0.000000e+000
1.297984320987599e-007	3.681734e-003	0.000000e+000
1.299875416349868e-007	-8.242009e-003	0.000000e+000
1.301884355468009e-007	-1.991990e-002	0.000000e+000
1.303913254618835e-007	-3.067119e-002	0.000000e+000
1.306022629618835e-007	-4.067981e-002	0.000000e+000
1.308132004618835e-007	-4.944128e-002	0.000000e+000
1.310241379618835e-007	-5.687882e-002	0.000000e+000
1.312350754618835e-007	-6.293328e-002	0.000000e+000
1.314460129618835e-007	-6.755903e-002	0.000000e+000
1.316569504618835e-007	-7.073076e-002	0.000000e+000
1.318678879618835e-007	-7.244945e-002	0.000000e+000
1.320788254618836e-007	-7.274731e-002	0.000000e+000
1.322897629618836e-007	-7.169114e-002	0.000000e+000
1.325007004618836e-007	-6.938390e-002	0.000000e+000
1.327116379618836e-007	-6.597969e-002	0.000000e+000
1.329074014746280e-007	-6.197671e-002	0.000000e+000
1.330929112817610e-007	-5.754760e-002	0.000000e+000
1.333038487817610e-007	-5.199303e-002	0.000000e+000
1.335147862817610e-007	-4.613401e-002	0.000000e+000
1.337257237817610e-007	-4.019172e-002	0.000000e+000
1.339302266297025e-007	-3.458193e-002	0.000000e+000
1.341411641297025e-007	-2.917713e-002	0.000000e+000
1.343521016297025e-007	-2.435951e-002	0.000000e+000
1.345630391297026e-007	-2.030798e-002	0.000000e+000
1.347739766297026e-007	-1.716099e-002	0.000000e+000
1.349849141297026e-007	-1.500341e-002	0.000000e+000
1.351884581357718e-007	-1.392071e-002	0.000000e+000
1.353993956357718e-007	-1.383131e-002	0.000000e+000
1.356103331357718e-007	-1.472335e-002	0.000000e+000
1.358212706357718e-007	-1.650945e-002	0.000000e+000
1.360322081357718e-007	-1.905300e-002	0.000000e+000
1.362431456357719e-007	-2.218493e-002	0.000000e+000
1.364540831357719e-007	-2.571300e-002	0.000000e+000
1.366650206357719e-007	-2.943209e-002	0.000000e+000
1.368759581357719e-007	-3.313516e-002	0.000000e+000
1.370868956357719e-007	-3.662406e-002	0.000000e+000
1.372978331357719e-007	-3.971981e-002	0.000000e+000
1.375087706357719e-007	-4.227166e-002	0.000000e+000
1.377197081357719e-007	-4.416436e-002	0.000000e+000
1.379306456357720e-007	-4.532349e-002	0.000000e+000
1.381415831357720e-007	-4.571830e-002	0.000000e+000
1.383525206357720e-007	-4.536212e-002	0.000000e+000
1.385634581357720e-007	-4.431023e-002	0.000000e+000
1.387743956357720e-007	-4.265540e-002	0.000000e+000
1.389853331357720e-007	-4.052137e-002	0.000000e+000
1.391962706357720e-007	-3.805473e-002	0.000000e+000
1.394072081357720e-007	-3.541560e-002	0.000000e+000
1.396181456357721e-007	-3.276782e-002	0.000000e+000
1.398290831357721e-007	-3.026909e-002	0.000000e+000
1.400400206357721e-007	-2.806180e-002	0.000000e+000
1.402509581357721e-007	-2.626502e-002	0.000000e+000
1.404618956357721e-007	-2.496802e-002	0.000000e+000
1.406728331357721e-007	-2.422594e-002	0.000000e+000
1.408837706357721e-007	-2.405751e-002	0.000000e+000
1.410947081357721e-007	-2.444519e-002	0.000000e+000
1.413056456357722e-007	-2.533750e-002	0.000000e+000
1.415165831357722e-007	-2.665345e-002	0.000000e+000
1.417275206357722e-007	-2.828865e-002	0.000000e+000
1.419384581357722e-007	-3.012275e-002	0.000000e+000
1.421493956357722e-007	-3.202768e-002	0.000000e+000
1.423603331357722e-007	-3.387614e-002	0.000000e+000
1.425712706357722e-007	-3.554975e-002	0.000000e+000
1.427822081357722e-007	-3.694651e-002	0.000000e+000
1.429931456357723e-007	-3.798678e-002	0.000000e+000
1.432040831357723e-007	-3.861783e-002	0.000000e+000
1.434150206357723e-007	-3.881630e-002	0.000000e+000
1.436259581357723e-007	-3.858882e-002	0.000000e+000
1.438368956357723e-007	-3.797048e-002	0.000000e+000
1.440478331357723e-007	-3.702155e-002	0.000000e+000
1.442587706357723e-007	-3.582255e-002	0.000000e+000
1.444697081357723e-007	-3.446818e-002	0.000000e+000
1.446806456357724e-007	-3.306042e-002	0.000000e+000
1.448915831357724e-007	-3.170135e-002	0.000000e+000
1.451025206357724e-007	-3.048629e-002	0.000000e+000
1.453134581357724e-007	-2.949744e-002	0.000000e+000
1.455243956357724e-007	-2.879885e-002	0.000000e+000
1.457353331357724e-007	-2.843262e-002	0.000000e+000
1.459462706357724e-007	-2.841685e-002	0.000000e+000
1.461572081357724e-007	-2.874537e-002	0.000000e+000
1.463681456357725e-007	-2.938915e-002	0.000000e+000
1.465790831357725e-007	-3.029930e-002	0.000000e+000
1.467900206357725e-007	-3.141142e-002	0.000000e+000
1.470009581357725e-007	-3.265098e-002	0.000000e+000
1.472118956357725e-007	-3.393923e-002	0.000000e+000
1.474228331357725e-007	-3.519926e-002	0.000000e+000
1.476337706357725e-007	-3.636185e-002	0.000000e+000
1.478447081357725e-007	-3.737048e-002	0.000000e+000
1.480556456357726e-007	-3.818536e-002	0.000000e+000
1.482665831357726e-007	-3.878615e-002	0.000000e+000
1.484775206357726e-007	-3.917312e-002	0.000000e+000
1.486884581357726e-007	-3.936673e-002	0.000000e+000
1.488993956357726e-007	-3.940582e-002	0.000000e+000
1.491103331357726e-007	-3.934433e-002	0.000000e+000
1.493212706357726e-007	-3.924702e-002	0.000000e+000
1.495322081357726e-007	-3.918441e-002	0.000000e+000
1.497431456357727e-007	-3.922736e-002	0.000000e+000
1.499540831357727e-007	-3.942449e-002	0.000000e+000
1.501061189986023e-007	-3.970938e-002	0.000000e+000
1.502889713721359e-007	-4.024960e-002	0.000000e+000
1.504784443855215e-007	-4.103675e-002	0.000000e+000
1.506893818855215e-007	-4.219572e-002	0.000000e+000
1.509003193855215e-007	-4.364185e-002	0.000000e+000
1.511112568855215e-007	-4.535958e-002	0.000000e+000
1.513221943855215e-007	-4.730830e-002	0.000000e+000
1.515331318855215e-007	-4.943276e-002	0.000000e+000
1.517440693855215e-007	-5.166693e-002	0.000000e+000
1.519550068855216e-007	-5.393842e-002	0.000000e+000
1.521659443855216e-007	-5.617334e-002	0.000000e+000
1.523768818855216e-007	-5.830103e-002	0.000000e+000
1.525878193855216e-007	-6.025846e-002	0.000000e+000
1.527987568855216e-007	-6.199383e-002	0.000000e+000
1.530096943855216e-007	-6.349615e-002	0.000000e+000
1.531422500113745e-007	-6.429555e-002	0.000000e+000
1.532807862480210e-007	-6.498520e-002	0.000000e+000
1.534423523379500e-007	-6.563132e-002	0.000000e+000
1.536081989551730e-007	-6.612834e-002	0.000000e+000
1.537745158182804e-007	-6.646288e-002	0.000000e+000
1.539395299323020e-007	-6.664602e-002	0.000000e+000
1.540996348273685e-007	-6.669720e-002	0.000000e+000
1.542539276646104e-007	-6.664308e-002	0.000000e+000
1.544046012725990e-007	-6.650580e-002	0.000000e+000
1.545628055345872e-007	-6.628539e-002	0.000000e+000
1.547588924829296e-007	-6.593050e-002	0.000000e+000
1.549698299829296e-007	-6.547306e-002	0.000000e+000
1.551807674829296e-007	-6.494795e-002	0.000000e+000
1.553917049829296e-007	-6.435744e-002	0.000000e+000
1.556026424829296e-007	-6.369250e-002	0.000000e+000
1.558135799829297e-007	-6.293135e-002	0.000000e+000
1.560245174829297e-007	-6.204113e-002	0.000000e+000
1.562354549829297e-007	-6.098036e-002	0.000000e+000
1.564463924829297e-007	-5.970244e-002	0.000000e+000
1.566573299829297e-007	-5.816728e-002	0.000000e+000
1.568489651507407e-007	-5.651430e-002	0.000000e+000
1.570212009777638e-007	-5.478423e-002	0.000000e+000
1.571885789749568e-007	-5.285792e-002	0.000000e+000
1.573681592897216e-007	-5.052651e-002	0.000000e+000
1.575378648040299e-007	-4.806915e-002	0.000000e+000
1.577174066090010e-007	-4.519282e-002	0.000000e+000
1.579281578950310e-007	-4.153275e-002	0.000000e+000
1.580528741061842e-007	-3.922103e-002	0.000000e+000
1.581962919504499e-007	-3.642406e-002	0.000000e+000
1.583409600262440e-007	-3.349579e-002	0.000000e+000
1.585518975262440e-007	-2.910170e-002	0.000000e+000
1.587628350262440e-007	-2.464393e-002	0.000000e+000
1.589737725262440e-007	-2.019635e-002	0.000000e+000
1.591597399675349e-007	-1.636339e-002	0.000000e+000
1.593593638967667e-007	-1.241079e-002	0.000000e+000
1.595284411681462e-007	-9.252311e-003	0.000000e+000
1.597115232995894e-007	-6.084445e-003	0.000000e+000
1.598911369901511e-007	-3.272432e-003	0.000000e+000
1.601020744901511e-007	-3.544972e-004	0.000000e+000
1.602768873459201e-007	1.726292e-003	0.000000e+000
1.604576137698261e-007	3.506260e-003	0.000000e+000
1.606685512698261e-007	5.157016e-003	0.000000e+000
1.608794887698261e-007	6.384823e-003	0.000000e+000
1.610904262698261e-007	7.213441e-003	0.000000e+000
1.613013637698261e-007	7.697089e-003	0.000000e+000
1.615123012698261e-007	7.899559e-003	0.000000e+000
1.617232387698262e-007	7.889746e-003	0.000000e+000
1.619341762698262e-007	7.737052e-003	0.000000e+000
1.621451137698262e-007	7.506975e-003	0.000000e+000
1.623560512698262e-007	7.257174e-003	0.000000e+000
1.625669887698262e-007	7.034272e-003	0.000000e+000
1.627779262698262e-007	6.862820e-003	0.000000e+000
1.629015179602305e-007	6.798915e-003	0.000000e+000
1.630355221721261e-007	6.768942e-003	0.000000e+000
1.631738710416935e-007	6.776400e-003	0.000000e+000
1.633611180342712e-007	6.837744e-003	0.000000e+000
1.635530497601746e-007	6.944551e-003	0.000000e+000
1.637639872601747e-007	7.090758e-003	0.000000e+000
1.639749247601747e-007	7.233651e-003	0.000000e+000
1.641858622601747e-007	7.336221e-003	0.000000e+000
1.643967997601747e-007	7.360568e-003	0.000000e+000
1.646077372601747e-007	7.272406e-003	0.000000e+000
1.648186747601747e-007	7.048962e-003	0.000000e+000
1.650047534974051e-007	6.717976e-003	0.000000e+000
1.652055932674459e-007	6.208494e-003	0.000000e+000
1.654165307674459e-007	5.515883e-003	0.000000e+000
1.656274682674459e-007	4.682783e-003	0.000000e+000
1.657767137566969e-007	4.009940e-003	0.000000e+000
1.659540068524283e-007	3.136015e-003	0.000000e+000
1.661146524334608e-007	2.299658e-003	0.000000e+000
1.663255899334608e-007	1.169992e-003	0.000000e+000
1.665321680709154e-007	6.940721e-005	0.000000e+000
1.667309429003520e-007	-9.462729e-004	0.000000e+000
1.669376029179621e-007	-1.917501e-003	0.000000e+000
1.671436263519140e-007	-2.767092e-003	0.000000e+000
1.673431348901000e-007	-3.444883e-003	0.000000e+000
1.675540723901000e-007	-3.985097e-003	0.000000e+000
1.677650098901001e-007	-4.342851e-003	0.000000e+000
1.679390891331248e-007	-4.496522e-003	0.000000e+000
1.680706143902928e-007	-4.522884e-003	0.000000e+000
1.681661089263578e-007	-4.490581e-003	0.000000e+000
1.682612276020609e-007	-4.417063e-003	0.000000e+000
1.683566552169527e-007	-4.303088e-003	0.000000e+000
1.685022833378515e-007	-4.065509e-003	0.000000e+000
1.686475456033279e-007	-3.762493e-003	0.000000e+000
1.688193426974468e-007	-3.326544e-003	0.000000e+000
1.689906007127232e-007	-2.823344e-003	0.000000e+000
1.692015382127232e-007	-2.134117e-003	0.000000e+000
1.694080732667740e-007	-1.413161e-003	0.000000e+000
1.696190107667740e-007	-6.526572e-004	0.000000e+000
1.698299482667740e-007	1.089165e-004	0.000000e+000
1.700045083194488e-007	7.243190e-004	0.000000e+000
1.702004608576911e-007	1.384492e-003	0.000000e+000
1.704113983576911e-007	2.050425e-003	0.000000e+000
1.706223358576911e-007	2.661372e-003	0.000000e+000
1.708329190510376e-007	3.213361e-003	0.000000e+000
1.709941083813848e-007	3.591903e-003	0.000000e+000
1.711507126130703e-007	3.915021e-003	0.000000e+000
1.713616501130704e-007	4.287713e-003	0.000000e+000
1.715725876130704e-007	4.590798e-003	0.000000e+000
1.717835251130704e-007	4.820150e-003	0.000000e+000
1.719489831239736e-007	4.943836e-003	0.000000e+000
1.720935303536985e-007	5.004015e-003	0.000000e+000
1.722418972328876e-007	5.012714e-003	0.000000e+000
1.724528347328876e-007	4.938757e-003	0.000000e+000
1.726637722328876e-007	4.765582e-003	0.000000e+000
1.728650138334229e-007	4.492754e-003	0.000000e+000
1.730759513334229e-007	4.096602e-003	0.000000e+000
1.732408229332711e-007	3.707542e-003	0.000000e+000
1.733845192953208e-007	3.303915e-003	0.000000e+000
1.735529587436349e-007	2.763633e-003	0.000000e+000
1.737256036152645e-007	2.144667e-003	0.000000e+000
1.739365411152645e-007	1.316631e-003	0.000000e+000
1.741474786152646e-007	4.361231e-004	0.000000e+000
1.743584161152646e-007	-4.692839e-004	0.000000e+000
1.745693536152646e-007	-1.363335e-003	0.000000e+000
1.747717066482587e-007	-2.172281e-003	0.000000e+000
1.749770422325779e-007	-2.903782e-003	0.000000e+000
1.751879797325779e-007	-3.526005e-003	0.000000e+000
1.753860060787930e-007	-3.958965e-003	0.000000e+000
1.755733581723698e-007	-4.209359e-003	0.000000e+000
1.757375265968150e-007	-4.277092e-003	0.000000e+000
1.759271220145884e-007	-4.168576e-003	0.000000e+000
1.761278412990903e-007	-3.846616e-003	0.000000e+000
1.763387787990903e-007	-3.284933e-003	0.000000e+000
1.765497162990903e-007	-2.513994e-003	0.000000e+000
1.767606537990903e-007	-1.564225e-003	0.000000e+000
1.769715912990904e-007	-4.809842e-004	0.000000e+000
1.771810477425535e-007	6.725306e-004	0.000000e+000
1.773919852425535e-007	1.850652e-003	0.000000e+000
1.776029227425535e-007	2.979497e-003	0.000000e+000
1.778138602425536e-007	3.995554e-003	0.000000e+000
1.780162829430989e-007	4.803809e-003	0.000000e+000
1.782272204430989e-007	5.425239e-003	0.000000e+000
1.784217699733923e-007	5.766461e-003	0.000000e+000
1.786032310042390e-007	5.843120e-003	0.000000e+000
1.788141685042390e-007	5.650342e-003	0.000000e+000
1.789937679286556e-007	5.254219e-003	0.000000e+000
1.791662904341742e-007	4.662025e-003	0.000000e+000
1.793480569116586e-007	3.839886e-003	0.000000e+000
1.795589944116587e-007	2.693850e-003	0.000000e+000
1.797311081099399e-007	1.638592e-003	0.000000e+000
1.799160252541075e-007	4.224014e-004	0.000000e+000
1.800900488352433e-007	-7.453637e-004	0.000000e+000
1.803009863352433e-007	-2.124500e-003	0.000000e+000
1.805119238352433e-007	-3.393888e-003	0.000000e+000
1.807228613352434e-007	-4.480016e-003	0.000000e+000
1.809319997814701e-007	-5.313509e-003	0.000000e+000
1.811365620869730e-007	-5.849043e-003	0.000000e+000
1.813281623367497e-007	-6.069841e-003	0.000000e+000
1.815068927665934e-007	-5.999161e-003	0.000000e+000
1.817178302665934e-007	-5.591475e-003	0.000000e+000
1.819178317519240e-007	-4.914756e-003	0.000000e+000
1.821039111681615e-007	-4.033125e-003	0.000000e+000
1.823148486681615e-007	-2.801206e-003	0.000000e+000
1.825007012493498e-007	-1.562114e-003	0.000000e+000
1.827007569311380e-007	-1.207238e-004	0.000000e+000
1.829030828347523e-007	1.373921e-003	0.000000e+000
1.831140203347523e-007	2.902730e-003	0.000000e+000
1.832898373806470e-007	4.101754e-003	0.000000e+000
1.834493139535401e-007	5.086252e-003	0.000000e+000
1.836063460122941e-007	5.917625e-003	0.000000e+000
1.838172835122941e-007	6.802919e-003	0.000000e+000
1.840275094527439e-007	7.410704e-003	0.000000e+000
1.842384469527439e-007	7.712130e-003	0.000000e+000
1.844493844527439e-007	7.710380e-003	0.000000e+000
1.846493843797839e-007	7.440086e-003	0.000000e+000
1.848603218797839e-007	6.908474e-003	0.000000e+000
1.850712593797839e-007	6.188964e-003	0.000000e+000
1.852301759354135e-007	5.548806e-003	0.000000e+000
1.854012917071987e-007	4.800911e-003	0.000000e+000
1.855637559682556e-007	4.080610e-003	0.000000e+000
1.857746934682556e-007	3.185812e-003	0.000000e+000
1.859789094932585e-007	2.418654e-003	0.000000e+000
1.861898469932585e-007	1.787913e-003	0.000000e+000
1.863947690594249e-007	1.376471e-003	0.000000e+000
1.865948391074213e-007	1.199232e-003	0.000000e+000
1.867876880882161e-007	1.260835e-003	0.000000e+000
1.869986255882161e-007	1.577434e-003	0.000000e+000
1.871832942693723e-007	2.055935e-003	0.000000e+000
1.873637904698658e-007	2.700600e-003	0.000000e+000
1.875735592919652e-007	3.613896e-003	0.000000e+000
1.877844967919652e-007	4.648682e-003	0.000000e+000
1.879893948981247e-007	5.711693e-003	0.000000e+000
1.881659246786330e-007	6.627643e-003	0.000000e+000
1.883121473180195e-007	7.352076e-003	0.000000e+000
1.884604751775573e-007	8.021670e-003	0.000000e+000
1.886325560907789e-007	8.684208e-003	0.000000e+000
1.888330104701468e-007	9.270974e-003	0.000000e+000
1.890439479701468e-007	9.639820e-003	0.000000e+000
1.892548854701468e-007	9.718757e-003	0.000000e+000
1.894658229701468e-007	9.488385e-003	0.000000e+000
1.896767604701468e-007	8.959917e-003	0.000000e+000
1.898574372575437e-007	8.270746e-003	0.000000e+000
1.900514906390425e-007	7.307579e-003	0.000000e+000
1.902476777397232e-007	6.162425e-003	0.000000e+000
1.903696866616100e-007	5.371927e-003	0.000000e+000
1.904819074337386e-007	4.594816e-003	0.000000e+000
1.906434413144397e-007	3.435079e-003	0.000000e+000
1.908543788144397e-007	1.903931e-003	0.000000e+000
1.910536340092550e-007	4.882234e-004	0.000000e+000
1.912496927995379e-007	-8.184622e-004	0.000000e+000
1.914606302995379e-007	-2.074025e-003	0.000000e+000
1.916715677995380e-007	-3.128976e-003	0.000000e+000
1.918825052995380e-007	-3.943452e-003	0.000000e+000
1.920930741790272e-007	-4.493437e-003	0.000000e+000
1.923040116790272e-007	-4.782185e-003	0.000000e+000
1.924861223676490e-007	-4.819885e-003	0.000000e+000
1.926605610973450e-007	-4.676627e-003	0.000000e+000
1.928306001861170e-007	-4.387898e-003	0.000000e+000
1.930171209545752e-007	-3.932294e-003	0.000000e+000
1.932167257028113e-007	-3.327557e-003	0.000000e+000
1.934276632028113e-007	-2.605619e-003	0.000000e+000
1.936386007028114e-007	-1.850584e-003	0.000000e+000
1.938431235302715e-007	-1.136046e-003	0.000000e+000
1.940445698621024e-007	-4.955687e-004	0.000000e+000
1.942555073621024e-007	6.854809e-005	0.000000e+000
1.944645037147199e-007	4.913795e-004	0.000000e+000
1.946702951979813e-007	7.529436e-004	0.000000e+000
1.948812326979813e-007	8.606160e-004	0.000000e+000
1.950601208686612e-007	8.240175e-004	0.000000e+000
1.952339764839442e-007	6.770794e-004	0.000000e+000
1.954185665082157e-007	4.211216e-004	0.000000e+000
1.956295040082158e-007	3.741462e-005	0.000000e+000
1.958404415082158e-007	-4.064809e-004	0.000000e+000
1.960078106802381e-007	-7.786789e-004	0.000000e+000
1.961982867224265e-007	-1.192781e-003	0.000000e+000
1.963884342496744e-007	-1.564140e-003	0.000000e+000
1.965993717496745e-007	-1.895938e-003	0.000000e+000
1.968078799289643e-007	-2.118207e-003	0.000000e+000
1.969977503950891e-007	-2.203317e-003	0.000000e+000
1.972086878950891e-007	-2.160211e-003	0.000000e+000
1.973940627441544e-007	-2.003374e-003	0.000000e+000
1.975748231673038e-007	-1.741845e-003	0.000000e+000
1.977464820311248e-007	-1.404363e-003	0.000000e+000
1.979313347144628e-007	-9.620550e-004	0.000000e+000
1.981023434752198e-007	-4.990718e-004	0.000000e+000
1.982603142015475e-007	-3.959285e-005	0.000000e+000
1.984712517015475e-007	5.867771e-004	0.000000e+000
1.986821892015475e-007	1.191669e-003	0.000000e+000
1.988931267015475e-007	1.738503e-003	0.000000e+000
1.991040642015476e-007	2.192792e-003	0.000000e+000
1.993116428710901e-007	2.520473e-003	0.000000e+000
1.995225803710901e-007	2.711536e-003	0.000000e+000
1.997335178710901e-007	2.759961e-003	0.000000e+000
1.998868063233516e-007	2.693483e-003	0.000000e+000
2.000662577425174e-007	2.508403e-003	0.000000e+000
2.002251173192278e-007	2.262978e-003	0.000000e+000
2.003944546265906e-007	1.922978e-003	0.000000e+000
2.005703261977684e-007	1.503191e-003	0.000000e+000
2.007812636977684e-007	9.409038e-004	0.000000e+000
2.009922011977684e-007	3.497217e-004	0.000000e+000
2.012031386977684e-007	-2.356163e-004	0.000000e+000
2.014140761977685e-007	-7.793357e-004	0.000000e+000
2.016123936578313e-007	-1.221302e-003	0.000000e+000
2.018148942794924e-007	-1.579498e-003	0.000000e+000
2.020027776566442e-007	-1.809252e-003	0.000000e+000
2.022051281409811e-007	-1.933763e-003	0.000000e+000
2.024160656409812e-007	-1.931760e-003	0.000000e+000
2.026226285105578e-007	-1.809795e-003	0.000000e+000
2.027794739134849e-007	-1.638885e-003	0.000000e+000
2.029367385662785e-007	-1.402872e-003	0.000000e+000
2.031298135602261e-007	-1.054166e-003	0.000000e+000
2.033150233839174e-007	-6.806913e-004	0.000000e+000
2.035259608839174e-007	-2.362400e-004	0.000000e+000
2.037328740739318e-007	1.868173e-004	0.000000e+000
2.039438115739318e-007	5.729226e-004	0.000000e+000
2.041547490739318e-007	8.888933e-004	0.000000e+000
2.043296637867707e-007	1.074986e-003	0.000000e+000
2.045266369687224e-007	1.187489e-003	0.000000e+000
2.047167240077082e-007	1.194980e-003	0.000000e+000
2.049276615077083e-007	1.091624e-003	0.000000e+000
2.050951989078099e-007	9.268359e-004	0.000000e+000
2.052835610984552e-007	6.593791e-004	0.000000e+000
2.054756155646395e-007	3.214923e-004	0.000000e+000
2.056784732567101e-007	-8.455320e-005	0.000000e+000
2.058894107567102e-007	-5.295023e-004	0.000000e+000
2.060872752552456e-007	-9.378305e-004	0.000000e+000
2.062982127552456e-007	-1.330229e-003	0.000000e+000
2.065091502552457e-007	-1.647990e-003	0.000000e+000
2.067200877552457e-007	-1.863228e-003	0.000000e+000
2.069310252552457e-007	-1.955292e-003	0.000000e+000
2.071419627552457e-007	-1.914847e-003	0.000000e+000
2.073350258977432e-007	-1.760021e-003	0.000000e+000
2.075006266288810e-007	-1.535757e-003	0.000000e+000
2.076590813575629e-007	-1.244343e-003	0.000000e+000
2.078451873454465e-007	-8.266487e-004	0.000000e+000
2.080276881123155e-007	-3.592919e-004	0.000000e+000
2.081957896815140e-007	1.074135e-004	0.000000e+000
2.083867583584990e-007	6.536840e-004	0.000000e+000
2.085731667179448e-007	1.176181e-003	0.000000e+000
2.087581751661085e-007	1.658092e-003	0.000000e+000
2.089411704207887e-007	2.070185e-003	0.000000e+000
2.091521079207887e-007	2.440048e-003	0.000000e+000
2.093630454207887e-007	2.685746e-003	0.000000e+000
2.095280515921743e-007	2.770366e-003	0.000000e+000
2.096971130033606e-007	2.748477e-003	0.000000e+000
2.098501006944484e-007	2.632670e-003	0.000000e+000
2.100345857215216e-007	2.375723e-003	0.000000e+000
2.102340395888804e-007	1.975781e-003	0.000000e+000
2.104449770888804e-007	1.439584e-003	0.000000e+000
2.106044076775300e-007	9.691973e-004	0.000000e+000
2.107560723235669e-007	4.805157e-004	0.000000e+000
2.109255015786136e-007	-8.618725e-005	0.000000e+000
2.111364390786137e-007	-7.866559e-004	0.000000e+000
2.113473765786137e-007	-1.444795e-003	0.000000e+000
2.115583140786137e-007	-2.020357e-003	0.000000e+000
2.117692515786137e-007	-2.480963e-003	0.000000e+000
2.119583652668290e-007	-2.769117e-003	0.000000e+000
2.121461267180503e-007	-2.915742e-003	0.000000e+000
2.123460225232106e-007	-2.918804e-003	0.000000e+000
2.125288457106388e-007	-2.781996e-003	0.000000e+000
2.127070768063320e-007	-2.521905e-003	0.000000e+000
2.128662305557123e-007	-2.192324e-003	0.000000e+000
2.130151604205990e-007	-1.805181e-003	0.000000e+000
2.131893581043538e-007	-1.275788e-003	0.000000e+000
2.133838707649134e-007	-6.193671e-004	0.000000e+000
2.135782563146156e-007	7.648837e-005	0.000000e+000
2.137891938146156e-007	8.379341e-004	0.000000e+000
2.140001313146156e-007	1.563600e-003	0.000000e+000
2.142110688146156e-007	2.217199e-003	0.000000e+000
2.143877641150563e-007	2.679910e-003	0.000000e+000
2.145599775939167e-007	3.033833e-003	0.000000e+000
2.147209882134471e-007	3.262459e-003	0.000000e+000
2.149093300289507e-007	3.393837e-003	0.000000e+000
2.151202675289507e-007	3.385733e-003	0.000000e+000
2.152822180077186e-007	3.257036e-003	0.000000e+000
2.154716961301263e-007	2.974303e-003	0.000000e+000
2.156369510095921e-007	2.628233e-003	0.000000e+000
2.158210169546132e-007	2.145352e-003	0.000000e+000
2.160000000000000e-007	1.615750e-003	0.000000e+000
