time	V(out)	V(n001)
0.000000000000000e+000	0.000000e+000	0.000000e+000
6.857142829743069e-012	0.000000e+000	9.142857e-004
1.371428565948614e-011	0.000000e+000	1.828571e-003
2.057142848922920e-011	0.000000e+000	2.742857e-003
2.742857131897227e-011	0.000000e+000	3.657143e-003
3.428571414871535e-011	0.000000e+000	4.571428e-003
4.114285697845841e-011	0.000000e+000	5.485714e-003
4.799999980820147e-011	0.000000e+000	6.400000e-003
9.599999961640293e-011	0.000000e+000	1.280000e-002
1.414787362997438e-010	0.000000e+000	1.886383e-002
1.811606517291638e-010	0.000000e+000	2.415475e-002
2.183233260346029e-010	0.000000e+000	2.910978e-002
2.581086106339084e-010	0.000000e+000	3.441448e-002
3.000177984947063e-010	0.000000e+000	4.000237e-002
3.507245744164813e-010	0.000000e+000	4.676327e-002
4.078280939089209e-010	0.000000e+000	5.437708e-002
4.762759792380391e-010	0.000000e+000	6.350347e-002
5.546275264683934e-010	0.000000e+000	7.395034e-002
6.478780138437437e-010	0.000000e+000	8.638374e-002
7.281871444163522e-010	0.000000e+000	9.709162e-002
8.059223870519991e-010	0.000000e+000	1.074563e-001
8.900778300298996e-010	0.000000e+000	1.186770e-001
9.814034893427820e-010	0.000000e+000	1.308538e-001
1.082962790755019e-009	0.000000e+000	1.443950e-001
1.194689211002818e-009	0.000000e+000	1.592919e-001
1.319178900138852e-009	0.000000e+000	1.758905e-001
1.439967376867238e-009	0.000000e+000	1.919957e-001
1.553548386105767e-009	0.000000e+000	2.071398e-001
1.674245807806084e-009	0.000000e+000	2.232328e-001
1.801446916374214e-009	0.000000e+000	2.401929e-001
1.940201762425801e-009	0.000000e+000	2.586936e-001
2.089032025276644e-009	0.000000e+000	2.785376e-001
2.251647673105337e-009	0.000000e+000	3.002197e-001
2.395316278081532e-009	0.000000e+000	3.193755e-001
2.546826999296223e-009	0.000000e+000	3.395769e-001
2.702016015622301e-009	0.000000e+000	3.602688e-001
2.870499389235765e-009	0.000000e+000	3.827333e-001
3.047637693723104e-009	0.000000e+000	4.063517e-001
3.239854745384665e-009	0.000000e+000	4.319806e-001
3.413291280770443e-009	0.000000e+000	4.551055e-001
3.594917759388079e-009	0.000000e+000	4.793224e-001
3.780829214996948e-009	0.000000e+000	5.041106e-001
3.980630236401149e-009	0.000000e+000	5.307507e-001
4.189895994902221e-009	0.000000e+000	5.586528e-001
4.395495126566435e-009	0.000000e+000	5.860660e-001
4.591952576935163e-009	0.000000e+000	6.122603e-001
4.804906839811137e-009	0.000000e+000	6.406543e-001
5.021337370607173e-009	0.000000e+000	6.695117e-001
5.255700145196228e-009	0.000000e+000	7.007600e-001
5.468040372281669e-009	0.000000e+000	7.290720e-001
5.694058739398129e-009	0.000000e+000	7.592078e-001
5.921212834926552e-009	0.000000e+000	7.894951e-001
6.165604735425539e-009	0.000000e+000	8.220806e-001
6.390387626407050e-009	0.000000e+000	8.520517e-001
6.626419093182204e-009	0.000000e+000	8.835226e-001
6.864839816240460e-009	0.000000e+000	9.153120e-001
7.118600278677992e-009	0.000000e+000	9.491467e-001
7.238252630511061e-009	0.000000e+000	9.651003e-001
7.305580627979462e-009	0.000000e+000	9.740774e-001
7.395351291270663e-009	0.000000e+000	9.860469e-001
7.510464870872933e-009	0.000000e+000	1.000000e+000
7.573254096110535e-009	0.000000e+000	1.000000e+000
7.656973063094004e-009	0.000000e+000	1.000000e+000
7.824410997060943e-009	0.000000e+000	1.000000e+000
8.084368484309082e-009	0.000000e+000	1.000000e+000
8.331933942268496e-009	0.000000e+000	1.000000e+000
8.575638795194105e-009	0.000000e+000	1.000000e+000
8.839306318761680e-009	0.000000e+000	1.000000e+000
9.104828080925128e-009	0.000000e+000	1.000000e+000
9.388687900155922e-009	0.000000e+000	1.000000e+000
9.679133186176594e-009	0.000000e+000	1.000000e+000
9.948030564863610e-009	0.000000e+000	1.000000e+000
1.023971285313020e-008	0.000000e+000	1.000000e+000
1.052871248280032e-008	0.000000e+000	1.000000e+000
1.082168123280032e-008	0.000000e+000	1.000000e+000
1.110587052609402e-008	0.000000e+000	1.000000e+000
1.139883927609402e-008	0.000000e+000	1.000000e+000
1.169180802609402e-008	0.000000e+000	1.000000e+000
1.198477677609402e-008	0.000000e+000	1.000000e+000
1.227774552609402e-008	0.000000e+000	1.000000e+000
1.257071427609402e-008	0.000000e+000	1.000000e+000
1.286368302609402e-008	0.000000e+000	1.000000e+000
1.315665177609402e-008	0.000000e+000	1.000000e+000
1.344962052609402e-008	0.000000e+000	1.000000e+000
1.374258927609403e-008	0.000000e+000	1.000000e+000
1.403555802609403e-008	0.000000e+000	1.000000e+000
1.432852677609403e-008	0.000000e+000	1.000000e+000
1.462149552609403e-008	0.000000e+000	1.000000e+000
1.491446427609403e-008	0.000000e+000	1.000000e+000
1.520743302609403e-008	0.000000e+000	1.000000e+000
1.550040177609403e-008	0.000000e+000	1.000000e+000
1.579337052609403e-008	0.000000e+000	1.000000e+000
1.608633927609403e-008	0.000000e+000	1.000000e+000
1.637930802609403e-008	0.000000e+000	1.000000e+000
1.667227677609403e-008	0.000000e+000	1.000000e+000
1.696524552609403e-008	0.000000e+000	1.000000e+000
1.725821427609403e-008	0.000000e+000	1.000000e+000
1.755118302609403e-008	0.000000e+000	1.000000e+000
1.784415177609403e-008	0.000000e+000	1.000000e+000
1.813712052609403e-008	0.000000e+000	1.000000e+000
1.843008927609403e-008	0.000000e+000	1.000000e+000
1.872305802609403e-008	0.000000e+000	1.000000e+000
1.901602677609403e-008	0.000000e+000	1.000000e+000
1.930899552609403e-008	0.000000e+000	1.000000e+000
1.960196427609403e-008	0.000000e+000	1.000000e+000
1.989493302609403e-008	0.000000e+000	1.000000e+000
2.018790177609403e-008	0.000000e+000	1.000000e+000
2.048087052609403e-008	0.000000e+000	1.000000e+000
2.077383927609404e-008	0.000000e+000	1.000000e+000
2.106680802609404e-008	0.000000e+000	1.000000e+000
2.135977677609404e-008	0.000000e+000	1.000000e+000
2.165274552609404e-008	0.000000e+000	1.000000e+000
2.194571427609404e-008	0.000000e+000	1.000000e+000
2.223868302609404e-008	0.000000e+000	1.000000e+000
2.253165177609404e-008	0.000000e+000	1.000000e+000
2.282462052609404e-008	0.000000e+000	1.000000e+000
2.311758927609404e-008	0.000000e+000	1.000000e+000
2.341055802609404e-008	0.000000e+000	1.000000e+000
2.370352677609404e-008	0.000000e+000	1.000000e+000
2.399649552609404e-008	0.000000e+000	1.000000e+000
2.428946427609404e-008	0.000000e+000	1.000000e+000
2.458243302609404e-008	0.000000e+000	1.000000e+000
2.487540177609404e-008	0.000000e+000	1.000000e+000
2.516837052609404e-008	0.000000e+000	1.000000e+000
2.546133927609404e-008	0.000000e+000	1.000000e+000
2.575430802609404e-008	0.000000e+000	1.000000e+000
2.604727677609404e-008	0.000000e+000	1.000000e+000
2.634024552609405e-008	0.000000e+000	1.000000e+000
2.663321427609405e-008	0.000000e+000	1.000000e+000
2.692618302609405e-008	0.000000e+000	1.000000e+000
2.721915177609405e-008	0.000000e+000	1.000000e+000
2.751212052609405e-008	0.000000e+000	1.000000e+000
2.780508927609405e-008	0.000000e+000	1.000000e+000
2.809805802609405e-008	0.000000e+000	1.000000e+000
2.839102677609405e-008	0.000000e+000	1.000000e+000
2.868399552609405e-008	0.000000e+000	1.000000e+000
2.897696427609405e-008	0.000000e+000	1.000000e+000
2.926993302609405e-008	0.000000e+000	1.000000e+000
2.956290177609405e-008	0.000000e+000	1.000000e+000
2.985587052609405e-008	0.000000e+000	1.000000e+000
3.014883927609405e-008	1.401298e-045	1.000000e+000
3.044180802609405e-008	5.605194e-045	1.000000e+000
3.073477677609405e-008	1.261169e-044	1.000000e+000
3.102774552609405e-008	3.503246e-044	1.000000e+000
3.132071427609405e-008	9.248570e-044	1.000000e+000
3.161368302609405e-008	2.438259e-043	1.000000e+000
3.190665177609405e-008	6.403934e-043	1.000000e+000
3.219962052609405e-008	1.664743e-042	1.000000e+000
3.249258927609405e-008	4.286572e-042	1.000000e+000
3.278555802609405e-008	1.095255e-041	1.000000e+000
3.307852677609405e-008	2.775692e-041	1.000000e+000
3.337149552609405e-008	6.978326e-041	1.000000e+000
3.366446427609405e-008	1.740609e-040	1.000000e+000
3.395743302609405e-008	4.307858e-040	1.000000e+000
3.425040177609406e-008	1.057962e-039	1.000000e+000
3.454337052609406e-008	2.578527e-039	1.000000e+000
3.483633927609406e-008	6.237453e-039	1.000000e+000
3.512930802609406e-008	1.497677e-038	1.000000e+000
3.542227677609406e-008	3.569801e-038	1.000000e+000
3.571524552609406e-008	8.447417e-038	1.000000e+000
3.600821427609406e-008	1.984706e-037	1.000000e+000
3.630118302609406e-008	4.630182e-037	1.000000e+000
3.659415177609406e-008	1.072670e-036	1.000000e+000
3.688712052609406e-008	2.467949e-036	1.000000e+000
3.718008927609406e-008	5.639532e-036	1.000000e+000
3.747305802609406e-008	1.280033e-035	1.000000e+000
3.776602677609406e-008	2.886053e-035	1.000000e+000
3.805899552609406e-008	6.464353e-035	1.000000e+000
3.835196427609406e-008	1.438519e-034	1.000000e+000
3.864493302609406e-008	3.180590e-034	1.000000e+000
3.893790177609406e-008	6.987663e-034	1.000000e+000
3.923087052609406e-008	1.525523e-033	1.000000e+000
3.952383927609406e-008	3.309772e-033	1.000000e+000
3.981680802609406e-008	7.136719e-033	1.000000e+000
4.010977677609407e-008	1.529498e-032	1.000000e+000
4.040274552609407e-008	3.258196e-032	1.000000e+000
4.069571427609407e-008	6.899390e-032	1.000000e+000
4.098868302609407e-008	1.452367e-031	1.000000e+000
4.128165177609407e-008	3.039487e-031	1.000000e+000
4.157462052609407e-008	6.324246e-031	1.000000e+000
4.186758927609407e-008	1.308359e-030	1.000000e+000
4.216055802609407e-008	2.691409e-030	1.000000e+000
4.245352677609407e-008	5.505434e-030	1.000000e+000
4.274649552609407e-008	1.119919e-029	1.000000e+000
4.303946427609407e-008	2.265624e-029	1.000000e+000
4.333243302609407e-008	4.558469e-029	1.000000e+000
4.362540177609407e-008	9.122258e-029	1.000000e+000
4.391837052609407e-008	1.815768e-028	1.000000e+000
4.421133927609407e-008	3.595131e-028	1.000000e+000
4.450430802609407e-008	7.080875e-028	1.000000e+000
4.479727677609407e-008	1.387389e-027	1.000000e+000
4.509024552609407e-008	2.704388e-027	1.000000e+000
4.538321427609407e-008	5.244690e-027	1.000000e+000
4.567618302609407e-008	1.011977e-026	1.000000e+000
4.596915177609408e-008	1.942857e-026	1.000000e+000
4.626212052609408e-008	3.711503e-026	1.000000e+000
4.655508927609408e-008	7.055317e-026	1.000000e+000
4.684805802609408e-008	1.334626e-025	1.000000e+000
4.714102677609408e-008	2.512448e-025	1.000000e+000
4.743399552609408e-008	4.707032e-025	1.000000e+000
4.772696427609408e-008	8.776624e-025	1.000000e+000
4.801993302609408e-008	1.628753e-024	1.000000e+000
4.831290177609408e-008	3.008482e-024	1.000000e+000
4.860587052609408e-008	5.531221e-024	1.000000e+000
4.889883927609408e-008	1.012260e-023	1.000000e+000
4.919180802609408e-008	1.844070e-023	1.000000e+000
4.948477677609408e-008	3.344200e-023	1.000000e+000
4.977774552609408e-008	6.037437e-023	1.000000e+000
5.007071427609408e-008	1.085110e-022	1.000000e+000
5.036368302609408e-008	1.941649e-022	1.000000e+000
5.065665177609408e-008	3.459064e-022	1.000000e+000
5.094962052609408e-008	6.135525e-022	1.000000e+000
5.124258927609408e-008	1.083589e-021	1.000000e+000
5.153555802609409e-008	1.905510e-021	1.000000e+000
5.182852677609409e-008	3.336612e-021	1.000000e+000
5.212149552609409e-008	5.817835e-021	1.000000e+000
5.241446427609409e-008	1.010164e-020	1.000000e+000
5.270743302609409e-008	1.746668e-020	1.000000e+000
5.300040177609409e-008	3.007667e-020	1.000000e+000
5.329337052609409e-008	5.157780e-020	1.000000e+000
5.358633927609409e-008	8.808909e-020	1.000000e+000
5.387930802609409e-008	1.498373e-019	1.000000e+000
5.417227677609409e-008	2.538450e-019	1.000000e+000
5.446524552609409e-008	4.283313e-019	1.000000e+000
5.475821427609409e-008	7.198887e-019	1.000000e+000
5.505118302609409e-008	1.205138e-018	1.000000e+000
5.534415177609409e-008	2.009581e-018	1.000000e+000
5.563712052609409e-008	3.337972e-018	1.000000e+000
5.593008927609409e-008	5.523051e-018	1.000000e+000
5.622305802609409e-008	9.103443e-018	1.000000e+000
5.651602677609409e-008	1.494765e-017	1.000000e+000
5.680899552609409e-008	2.445071e-017	1.000000e+000
5.710196427609409e-008	3.984477e-017	1.000000e+000
5.739493302609410e-008	6.468785e-017	1.000000e+000
5.768790177609410e-008	1.046298e-016	1.000000e+000
5.798087052609410e-008	1.686085e-016	1.000000e+000
5.827383927609410e-008	2.707098e-016	1.000000e+000
5.856680802609410e-008	4.330507e-016	1.000000e+000
5.885977677609410e-008	6.902283e-016	1.000000e+000
5.915274552609410e-008	1.096163e-015	1.000000e+000
5.944571427609410e-008	1.734583e-015	1.000000e+000
5.973868302609410e-008	2.735025e-015	1.000000e+000
6.003165177609409e-008	4.297165e-015	1.000000e+000
6.032462052609409e-008	6.727693e-015	1.000000e+000
6.061758927609408e-008	1.049595e-014	1.000000e+000
6.091055802609407e-008	1.631764e-014	1.000000e+000
6.120352677609407e-008	2.528021e-014	1.000000e+000
6.149649552609406e-008	3.903009e-014	1.000000e+000
6.178946427609406e-008	6.005125e-014	1.000000e+000
6.208243302609405e-008	9.207792e-014	1.000000e+000
6.237540177609404e-008	1.407044e-013	1.000000e+000
6.266837052609404e-008	2.142819e-013	1.000000e+000
6.296133927609403e-008	3.252343e-013	1.000000e+000
6.325430802609403e-008	4.919800e-013	1.000000e+000
6.354727677609402e-008	7.417297e-013	1.000000e+000
6.384024552609401e-008	1.114545e-012	1.000000e+000
6.413321427609401e-008	1.669208e-012	1.000000e+000
6.442618302609400e-008	2.491667e-012	1.000000e+000
6.471915177609400e-008	3.707176e-012	1.000000e+000
6.501212052609399e-008	5.497639e-012	1.000000e+000
6.530508927609398e-008	8.126344e-012	1.000000e+000
6.559805802609398e-008	1.197309e-011	1.000000e+000
6.589102677609397e-008	1.758390e-011	1.000000e+000
6.618399552609396e-008	2.574113e-011	1.000000e+000
6.647696427609396e-008	3.756209e-011	1.000000e+000
6.676993302609395e-008	5.463698e-011	1.000000e+000
6.706290177609395e-008	7.922167e-011	1.000000e+000
6.735587052609394e-008	1.145057e-010	1.000000e+000
6.764883927609393e-008	1.649837e-010	1.000000e+000
6.794180802609393e-008	2.369686e-010	1.000000e+000
6.823477677609392e-008	3.392983e-010	1.000000e+000
6.852774552609392e-008	4.843043e-010	1.000000e+000
6.882071427609391e-008	6.891369e-010	1.000000e+000
6.911368302609390e-008	9.775698e-010	1.000000e+000
6.940665177609390e-008	1.382451e-009	1.000000e+000
6.969962052609389e-008	1.949017e-009	1.000000e+000
6.999258927609389e-008	2.739365e-009	1.000000e+000
7.028555802609388e-008	3.838456e-009	1.000000e+000
7.057852677609387e-008	5.362160e-009	1.000000e+000
7.087149552609387e-008	7.467986e-009	1.000000e+000
7.116446427609386e-008	1.036935e-008	1.000000e+000
7.145743302609385e-008	1.435448e-008	1.000000e+000
7.175040177609385e-008	1.981140e-008	1.000000e+000
7.204337052609384e-008	2.726074e-008	1.000000e+000
7.233633927609384e-008	3.739891e-008	1.000000e+000
7.262930802609383e-008	5.115426e-008	1.000000e+000
7.292227677609382e-008	6.976051e-008	1.000000e+000
7.321524552609382e-008	9.485177e-008	1.000000e+000
7.350821427609381e-008	1.285855e-007	1.000000e+000
7.380118302609381e-008	1.738011e-007	1.000000e+000
7.409415177609380e-008	2.342229e-007	1.000000e+000
7.438712052609379e-008	3.147207e-007	1.000000e+000
7.468008927609379e-008	4.216410e-007	1.000000e+000
7.497305802609378e-008	5.632280e-007	1.000000e+000
7.526602677609378e-008	7.501563e-007	1.000000e+000
7.555899552609377e-008	9.962027e-007	1.000000e+000
7.585196427609376e-008	1.319089e-006	1.000000e+000
7.614493302609376e-008	1.741537e-006	1.000000e+000
7.643790177609375e-008	2.292585e-006	1.000000e+000
7.673087052609374e-008	3.009222e-006	1.000000e+000
7.702383927609374e-008	3.938404e-006	1.000000e+000
7.731680802609373e-008	5.139554e-006	1.000000e+000
7.760977677609373e-008	6.687607e-006	1.000000e+000
7.790274552609372e-008	8.676760e-006	1.000000e+000
7.819571427609371e-008	1.122502e-005	1.000000e+000
7.848868302609371e-008	1.447973e-005	1.000000e+000
7.878165177609370e-008	1.862422e-005	1.000000e+000
7.907462052609370e-008	2.388588e-005	1.000000e+000
7.936758927609369e-008	3.054572e-005	1.000000e+000
7.966055802609368e-008	3.894986e-005	1.000000e+000
7.995352677609368e-008	4.952318e-005	1.000000e+000
8.024649552609367e-008	6.278535e-005	1.000000e+000
8.053946427609367e-008	7.936984e-005	1.000000e+000
8.083243302609366e-008	1.000461e-004	1.000000e+000
8.112540177609365e-008	1.257454e-004	1.000000e+000
8.141837052609365e-008	1.575910e-004	1.000000e+000
8.171133927609364e-008	1.969324e-004	1.000000e+000
8.200430802609363e-008	2.453859e-004	1.000000e+000
8.229727677609363e-008	3.048790e-004	1.000000e+000
8.259024552609362e-008	3.777032e-004	1.000000e+000
8.288321427609362e-008	4.665712e-004	1.000000e+000
8.317618302609361e-008	5.746830e-004	1.000000e+000
8.346915177609360e-008	7.057986e-004	1.000000e+000
8.376212052609360e-008	8.643191e-004	1.000000e+000
8.405508927609359e-008	1.055375e-003	1.000000e+000
8.434805802609359e-008	1.284924e-003	1.000000e+000
8.464102677609358e-008	1.559854e-003	1.000000e+000
8.493399552609357e-008	1.888101e-003	1.000000e+000
8.522696427609357e-008	2.278761e-003	1.000000e+000
8.551993302609356e-008	2.742223e-003	1.000000e+000
8.581290177609356e-008	3.290295e-003	1.000000e+000
8.610587052609355e-008	3.936341e-003	1.000000e+000
8.639883927609354e-008	4.695412e-003	1.000000e+000
8.669180802609354e-008	5.584385e-003	1.000000e+000
8.698477677609353e-008	6.622086e-003	1.000000e+000
8.727774552609352e-008	7.829411e-003	1.000000e+000
8.757071427609352e-008	9.229436e-003	1.000000e+000
8.786368302609351e-008	1.084750e-002	1.000000e+000
8.815665177609351e-008	1.271129e-002	1.000000e+000
8.844962052609350e-008	1.485084e-002	1.000000e+000
8.874258927609349e-008	1.729858e-002	1.000000e+000
8.903555802609349e-008	2.008928e-002	1.000000e+000
8.932852677609348e-008	2.325994e-002	1.000000e+000
8.962149552609348e-008	2.684969e-002	1.000000e+000
8.991446427609347e-008	3.089955e-002	1.000000e+000
9.020743302609346e-008	3.545218e-002	1.000000e+000
9.050040177609346e-008	4.055155e-002	1.000000e+000
9.079337052609345e-008	4.624249e-002	1.000000e+000
9.108633927609344e-008	5.257019e-002	1.000000e+000
9.137930802609344e-008	5.957964e-002	1.000000e+000
9.167227677609343e-008	6.731496e-002	1.000000e+000
9.196524552609343e-008	7.581862e-002	1.000000e+000
9.225821427609342e-008	8.513066e-002	1.000000e+000
9.255118302609341e-008	9.528777e-002	1.000000e+000
9.284415177609341e-008	1.063224e-001	1.000000e+000
9.313712052609340e-008	1.182616e-001	1.000000e+000
9.343008927609340e-008	1.311262e-001	1.000000e+000
9.372305802609339e-008	1.449298e-001	1.000000e+000
9.401602677609338e-008	1.596774e-001	1.000000e+000
9.430899552609338e-008	1.753651e-001	1.000000e+000
9.460196427609337e-008	1.919783e-001	1.000000e+000
9.489493302609337e-008	2.094918e-001	1.000000e+000
9.518790177609336e-008	2.278685e-001	1.000000e+000
9.548087052609335e-008	2.470592e-001	1.000000e+000
9.577383927609335e-008	2.670020e-001	1.000000e+000
9.606680802609334e-008	2.876227e-001	1.000000e+000
9.635977677609333e-008	3.088341e-001	1.000000e+000
9.665274552609333e-008	3.305375e-001	1.000000e+000
9.694571427609332e-008	3.526224e-001	1.000000e+000
9.723868302609332e-008	3.749680e-001	1.000000e+000
9.753165177609331e-008	3.974444e-001	1.000000e+000
9.782462052609330e-008	4.199142e-001	1.000000e+000
9.811758927609330e-008	4.422342e-001	1.000000e+000
9.841055802609329e-008	4.642575e-001	1.000000e+000
9.870352677609329e-008	4.858362e-001	1.000000e+000
9.899649552609328e-008	5.068235e-001	1.000000e+000
9.928946427609327e-008	5.270762e-001	1.000000e+000
9.958243302609327e-008	5.464581e-001	1.000000e+000
9.987540177609326e-008	5.648417e-001	1.000000e+000
1.001683705260933e-007	5.821117e-001	1.000000e+000
1.004613392760933e-007	5.981671e-001	1.000000e+000
1.007543080260932e-007	6.129230e-001	1.000000e+000
1.010472767760932e-007	6.263136e-001	1.000000e+000
1.013402455260932e-007	6.382926e-001	1.000000e+000
1.016332142760932e-007	6.488349e-001	1.000000e+000
1.019261830260932e-007	6.579377e-001	1.000000e+000
1.022191517760932e-007	6.656197e-001	1.000000e+000
1.025121205260932e-007	6.719213e-001	1.000000e+000
1.028050892760932e-007	6.769035e-001	1.000000e+000
1.030980580260932e-007	6.806465e-001	1.000000e+000
1.033910267760932e-007	6.832473e-001	1.000000e+000
1.036839955260932e-007	6.848180e-001	1.000000e+000
1.039769642760932e-007	6.854820e-001	1.000000e+000
1.042699330260932e-007	6.853715e-001	1.000000e+000
1.045629017760932e-007	6.846241e-001	1.000000e+000
1.048558705260932e-007	6.833788e-001	1.000000e+000
1.051488392760932e-007	6.817729e-001	1.000000e+000
1.054418080260931e-007	6.799384e-001	1.000000e+000
1.057347767760931e-007	6.779993e-001	1.000000e+000
1.060277455260931e-007	6.760679e-001	1.000000e+000
1.063207142760931e-007	6.742435e-001	1.000000e+000
1.066136830260931e-007	6.726093e-001	1.000000e+000
1.069066517760931e-007	6.712320e-001	1.000000e+000
1.071996205260931e-007	6.700774e-001	1.000000e+000
1.072514955934413e-007	6.699207e-001	1.000000e+000
1.073107813846964e-007	6.697580e-001	1.000000e+000
1.073814284174898e-007	6.695844e-001	1.000000e+000
1.075000000000000e-007	6.693236e-001	1.000000e+000
1.075118571582510e-007	6.693020e-001	9.984190e-001
1.075355714747530e-007	6.692609e-001	9.952571e-001
1.075830001077571e-007	6.691871e-001	9.889333e-001
1.076778573737653e-007	6.690748e-001	9.762857e-001
1.078675719057816e-007	6.689722e-001	9.509904e-001
1.081605406557816e-007	6.690683e-001	9.119279e-001
1.084535094057816e-007	6.694590e-001	8.728654e-001
1.087464781557816e-007	6.701431e-001	8.338029e-001
1.090394469057816e-007	6.710788e-001	7.947404e-001
1.093324156557816e-007	6.722170e-001	7.556779e-001
1.096253844057816e-007	6.735047e-001	7.166154e-001
1.099183531557816e-007	6.748868e-001	6.775529e-001
1.102113219057816e-007	6.763092e-001	6.384904e-001
1.105042906557816e-007	6.777208e-001	5.994279e-001
1.107972594057816e-007	6.790755e-001	5.603654e-001
1.110902281557816e-007	6.803334e-001	5.213029e-001
1.113831969057816e-007	6.814622e-001	4.822404e-001
1.116761656557815e-007	6.824377e-001	4.431779e-001
1.119691344057815e-007	6.832442e-001	4.041154e-001
1.122621031557815e-007	6.838739e-001	3.650529e-001
1.125550719057815e-007	6.843265e-001	3.259904e-001
1.128480406557815e-007	6.846085e-001	2.869279e-001
1.131410094057815e-007	6.847318e-001	2.478654e-001
1.134339781557815e-007	6.847128e-001	2.088029e-001
1.137269469057815e-007	6.845706e-001	1.697404e-001
1.140199156557815e-007	6.843265e-001	1.306779e-001
1.143128844057815e-007	6.840025e-001	9.161542e-002
1.146058531557815e-007	6.836255e-001	5.255291e-002
1.147070312500000e-007	6.834843e-001	3.906250e-002
1.147976438115630e-007	6.833529e-001	2.698082e-002
1.148187748768740e-007	6.833218e-001	2.416335e-002
1.148610370074962e-007	6.832590e-001	1.852840e-002
1.149154757387557e-007	6.831774e-001	1.126990e-002
1.150000000000000e-007	6.830502e-001	0.000000e+000
1.150591669828710e-007	6.829602e-001	0.000000e+000
1.151267863918665e-007	6.828570e-001	0.000000e+000
1.152620252098574e-007	6.826509e-001	0.000000e+000
1.155325028458392e-007	6.822439e-001	0.000000e+000
1.158254715958392e-007	6.818182e-001	0.000000e+000
1.161184403458392e-007	6.814191e-001	0.000000e+000
1.164114090958392e-007	6.810569e-001	0.000000e+000
1.167043778458392e-007	6.807402e-001	0.000000e+000
1.169973465958392e-007	6.804758e-001	0.000000e+000
1.172903153458392e-007	6.802692e-001	0.000000e+000
1.175832840958392e-007	6.801247e-001	0.000000e+000
1.178762528458392e-007	6.800424e-001	0.000000e+000
1.181174397803757e-007	6.800225e-001	0.000000e+000
1.183100683693365e-007	6.800409e-001	0.000000e+000
1.184827066640287e-007	6.800838e-001	0.000000e+000
1.186571109686345e-007	6.801518e-001	0.000000e+000
1.188468426632687e-007	6.802544e-001	0.000000e+000
1.191238784746145e-007	6.804494e-001	0.000000e+000
1.194168472246145e-007	6.807042e-001	0.000000e+000
1.197098159746145e-007	6.810045e-001	0.000000e+000
1.200027847246145e-007	6.813384e-001	0.000000e+000
1.202045126322889e-007	6.815827e-001	0.000000e+000
1.203994132398440e-007	6.818253e-001	0.000000e+000
1.205955825386416e-007	6.820688e-001	0.000000e+000
1.208543359729996e-007	6.823801e-001	0.000000e+000
1.210956050562045e-007	6.826530e-001	0.000000e+000
1.212899889989378e-007	6.828513e-001	0.000000e+000
1.215182476575654e-007	6.830515e-001	0.000000e+000
1.217424804276816e-007	6.832104e-001	0.000000e+000
1.219513570829519e-007	6.833170e-001	0.000000e+000
1.221660561656692e-007	6.833799e-001	0.000000e+000
1.223819543645990e-007	6.833935e-001	0.000000e+000
1.225926072835057e-007	6.833549e-001	0.000000e+000
1.228302132875652e-007	6.832532e-001	0.000000e+000
1.230311071385494e-007	6.831197e-001	0.000000e+000
1.232440007988311e-007	6.829314e-001	0.000000e+000
1.234422707255223e-007	6.827177e-001	0.000000e+000
1.236605162549404e-007	6.824454e-001	0.000000e+000
1.238942201737755e-007	6.821223e-001	0.000000e+000
1.241235029231540e-007	6.817837e-001	0.000000e+000
1.243734821182458e-007	6.814043e-001	0.000000e+000
1.245808078124313e-007	6.810928e-001	0.000000e+000
1.247929391573722e-007	6.807881e-001	0.000000e+000
1.249938241586308e-007	6.805225e-001	0.000000e+000
1.252021451835098e-007	6.802813e-001	0.000000e+000
1.254333057948384e-007	6.800626e-001	0.000000e+000
1.256679098438987e-007	6.799045e-001	0.000000e+000
1.259447981088512e-007	6.798095e-001	0.000000e+000
1.262377668588512e-007	6.798094e-001	0.000000e+000
1.264501568657616e-007	6.798804e-001	0.000000e+000
1.266480328973733e-007	6.800056e-001	0.000000e+000
1.268490310729230e-007	6.801849e-001	0.000000e+000
1.270993918363432e-007	6.804661e-001	0.000000e+000
1.273397378693433e-007	6.807795e-001	0.000000e+000
1.274936523962230e-007	6.810004e-001	0.000000e+000
1.276695230361913e-007	6.812659e-001	0.000000e+000
1.278832037135139e-007	6.815923e-001	0.000000e+000
1.280996553639065e-007	6.819158e-001	0.000000e+000
1.283112571417822e-007	6.822122e-001	0.000000e+000
1.285276593531467e-007	6.824830e-001	0.000000e+000
1.287333769941595e-007	6.827023e-001	0.000000e+000
1.288907871110064e-007	6.828350e-001	0.000000e+000
1.290868775790729e-007	6.829484e-001	0.000000e+000
1.293310750127758e-007	6.830189e-001	0.000000e+000
1.295342854140984e-007	6.830137e-001	0.000000e+000
1.297255357790494e-007	6.829466e-001	0.000000e+000
1.299420904153442e-007	6.828044e-001	0.000000e+000
1.301592350068982e-007	6.825990e-001	0.000000e+000
1.303824198962369e-007	6.823311e-001	0.000000e+000
1.305597226335348e-007	6.820827e-001	0.000000e+000
1.307341883724827e-007	6.818117e-001	0.000000e+000
1.309405140240106e-007	6.814717e-001	0.000000e+000
1.311847412291444e-007	6.810597e-001	0.000000e+000
1.313874266735121e-007	6.807231e-001	0.000000e+000
1.316031430212818e-007	6.803845e-001	0.000000e+000
1.317973321391187e-007	6.801104e-001	0.000000e+000
1.320242128065108e-007	6.798390e-001	0.000000e+000
1.322372056473996e-007	6.796392e-001	0.000000e+000
1.324335306441104e-007	6.795173e-001	0.000000e+000
1.326860222508613e-007	6.794469e-001	0.000000e+000
1.329108189349136e-007	6.794649e-001	0.000000e+000
1.331404685537170e-007	6.795663e-001	0.000000e+000
1.333582906703231e-007	6.797321e-001	0.000000e+000
1.335607493238050e-007	6.799409e-001	0.000000e+000
1.337356042017388e-007	6.801592e-001	0.000000e+000
1.339439797264813e-007	6.804536e-001	0.000000e+000
1.341526700335926e-007	6.807705e-001	0.000000e+000
1.343789264341119e-007	6.811233e-001	0.000000e+000
1.346356085271781e-007	6.815137e-001	0.000000e+000
1.348567463877386e-007	6.818247e-001	0.000000e+000
1.350581262684509e-007	6.820711e-001	0.000000e+000
1.352603927932911e-007	6.822731e-001	0.000000e+000
1.354478063494854e-007	6.824119e-001	0.000000e+000
1.356331061498434e-007	6.824943e-001	0.000000e+000
1.358516453014222e-007	6.825200e-001	0.000000e+000
1.360816424958409e-007	6.824672e-001	0.000000e+000
1.363053197189581e-007	6.823358e-001	0.000000e+000
1.365426755990617e-007	6.821187e-001	0.000000e+000
1.367504422649284e-007	6.818710e-001	0.000000e+000
1.369610964321748e-007	6.815737e-001	0.000000e+000
1.371698860879797e-007	6.812479e-001	0.000000e+000
1.373900716866702e-007	6.808868e-001	0.000000e+000
1.376135488328768e-007	6.805198e-001	0.000000e+000
1.378401102710729e-007	6.801639e-001	0.000000e+000
1.380354134424649e-007	6.798859e-001	0.000000e+000
1.382588620795741e-007	6.796159e-001	0.000000e+000
1.384851984736576e-007	6.794031e-001	0.000000e+000
1.386979964675467e-007	6.792697e-001	0.000000e+000
1.389077763704178e-007	6.792119e-001	0.000000e+000
1.391546580128389e-007	6.792328e-001	0.000000e+000
1.393791691817915e-007	6.793339e-001	0.000000e+000
1.396364360919122e-007	6.795360e-001	0.000000e+000
1.398377388626082e-007	6.797493e-001	0.000000e+000
1.400458291104583e-007	6.800143e-001	0.000000e+000
1.402563704395262e-007	6.803108e-001	0.000000e+000
1.404696104435687e-007	6.806253e-001	0.000000e+000
1.406854570601506e-007	6.809411e-001	0.000000e+000
1.409258321985026e-007	6.812688e-001	0.000000e+000
1.411819983330184e-007	6.815701e-001	0.000000e+000
1.414281436405096e-007	6.817991e-001	0.000000e+000
1.416039997198766e-007	6.819131e-001	0.000000e+000
1.417857969905222e-007	6.819764e-001	0.000000e+000
1.419915998523106e-007	6.819848e-001	0.000000e+000
1.422056696516203e-007	6.819236e-001	0.000000e+000
1.424273326525764e-007	6.817861e-001	0.000000e+000
1.426694195479356e-007	6.815591e-001	0.000000e+000
1.429229032097216e-007	6.812551e-001	0.000000e+000
1.431178869324169e-007	6.809832e-001	0.000000e+000
1.433434508923563e-007	6.806425e-001	0.000000e+000
1.435581628037745e-007	6.803113e-001	0.000000e+000
1.437630493246965e-007	6.800037e-001	0.000000e+000
1.439813755358824e-007	6.797016e-001	0.000000e+000
1.442047823046512e-007	6.794362e-001	0.000000e+000
1.444491772260000e-007	6.792096e-001	0.000000e+000
1.446738392529146e-007	6.790701e-001	0.000000e+000
1.448829573287116e-007	6.790098e-001	0.000000e+000
1.450957002416690e-007	6.790197e-001	0.000000e+000
1.453151898723175e-007	6.791002e-001	0.000000e+000
1.455187161286583e-007	6.792361e-001	0.000000e+000
1.457421781557945e-007	6.794443e-001	0.000000e+000
1.459688843476858e-007	6.797033e-001	0.000000e+000
1.462131603808069e-007	6.800176e-001	0.000000e+000
1.464092583270097e-007	6.802829e-001	0.000000e+000
1.466059858374652e-007	6.805463e-001	0.000000e+000
1.468500810814594e-007	6.808507e-001	0.000000e+000
1.470742670392824e-007	6.810938e-001	0.000000e+000
1.472855206880500e-007	6.812738e-001	0.000000e+000
1.475095713906868e-007	6.814017e-001	0.000000e+000
1.477406523245726e-007	6.814607e-001	0.000000e+000
1.479616368327753e-007	6.814483e-001	0.000000e+000
1.481202366269342e-007	6.813915e-001	0.000000e+000
1.483159180024132e-007	6.812668e-001	0.000000e+000
1.485293276286083e-007	6.810784e-001	0.000000e+000
1.487377641250564e-007	6.808482e-001	0.000000e+000
1.489484517288965e-007	6.805798e-001	0.000000e+000
1.491542894093493e-007	6.802962e-001	0.000000e+000
1.493951594255589e-007	6.799565e-001	0.000000e+000
1.496192409063995e-007	6.796526e-001	0.000000e+000
1.498791108174163e-007	6.793336e-001	0.000000e+000
1.500816455475583e-007	6.791248e-001	0.000000e+000
1.502896176297119e-007	6.789618e-001	0.000000e+000
1.504997436973899e-007	6.788548e-001	0.000000e+000
1.507117241188528e-007	6.788101e-001	0.000000e+000
1.509210548971319e-007	6.788318e-001	0.000000e+000
1.511584359202849e-007	6.789296e-001	0.000000e+000
1.513867746061756e-007	6.790878e-001	0.000000e+000
1.516095676591225e-007	6.792943e-001	0.000000e+000
1.518106193594588e-007	6.795147e-001	0.000000e+000
1.520226583463482e-007	6.797684e-001	0.000000e+000
1.522194222007951e-007	6.800098e-001	0.000000e+000
1.524390908042986e-007	6.802711e-001	0.000000e+000
1.526516179624299e-007	6.805018e-001	0.000000e+000
1.528594299872293e-007	6.806926e-001	0.000000e+000
1.530710541473523e-007	6.808406e-001	0.000000e+000
1.532847852682771e-007	6.809341e-001	0.000000e+000
1.535026538535650e-007	6.809659e-001	0.000000e+000
1.537231201915080e-007	6.809323e-001	0.000000e+000
1.539273981061624e-007	6.808403e-001	0.000000e+000
1.541621465477232e-007	6.806711e-001	0.000000e+000
1.543691632068174e-007	6.804748e-001	0.000000e+000
1.545824018679075e-007	6.802342e-001	0.000000e+000
1.548127726050618e-007	6.799486e-001	0.000000e+000
1.550259916888831e-007	6.796751e-001	0.000000e+000
1.552379193723235e-007	6.794098e-001	0.000000e+000
1.554679378326623e-007	6.791447e-001	0.000000e+000
1.556762010798932e-007	6.789424e-001	0.000000e+000
1.559544579444016e-007	6.787405e-001	0.000000e+000
1.561980737328714e-007	6.786343e-001	0.000000e+000
1.564231283765686e-007	6.786062e-001	0.000000e+000
1.566243776297643e-007	6.786404e-001	0.000000e+000
1.568407030499625e-007	6.787362e-001	0.000000e+000
1.570651035414383e-007	6.788898e-001	0.000000e+000
1.572960116105310e-007	6.790934e-001	0.000000e+000
1.575015680850296e-007	6.793026e-001	0.000000e+000
1.576726165311253e-007	6.794892e-001	0.000000e+000
1.578746465690354e-007	6.797124e-001	0.000000e+000
1.580581486880774e-007	6.799062e-001	0.000000e+000
1.582859046056381e-007	6.801229e-001	0.000000e+000
1.584962353065013e-007	6.802866e-001	0.000000e+000
1.587430829086897e-007	6.804207e-001	0.000000e+000
1.589910808529301e-007	6.804877e-001	0.000000e+000
1.592105325972184e-007	6.804805e-001	0.000000e+000
1.594530592936007e-007	6.804006e-001	0.000000e+000
1.596804222169931e-007	6.802620e-001	0.000000e+000
1.599542221179496e-007	6.800264e-001	0.000000e+000
1.602471908679496e-007	6.797208e-001	0.000000e+000
1.605401596179496e-007	6.793877e-001	0.000000e+000
1.608298349235206e-007	6.790613e-001	0.000000e+000
1.610532268129672e-007	6.788323e-001	0.000000e+000
1.612650552136080e-007	6.786519e-001	0.000000e+000
1.615045935849640e-007	6.785001e-001	0.000000e+000
1.617275681454593e-007	6.784173e-001	0.000000e+000
1.619758229667253e-007	6.783976e-001	0.000000e+000
1.622277135407871e-007	6.784543e-001	0.000000e+000
1.625206822907871e-007	6.786059e-001	0.000000e+000
1.628136510407872e-007	6.788282e-001	0.000000e+000
1.631066197907872e-007	6.790969e-001	0.000000e+000
1.633995885407872e-007	6.793799e-001	0.000000e+000
1.636925572907872e-007	6.796432e-001	0.000000e+000
1.639855260407872e-007	6.798556e-001	0.000000e+000
1.642784947907872e-007	6.799929e-001	0.000000e+000
1.645586161528627e-007	6.800365e-001	0.000000e+000
1.648515849028627e-007	6.799851e-001	0.000000e+000
1.651358500499203e-007	6.798474e-001	0.000000e+000
1.653985645029118e-007	6.796518e-001	0.000000e+000
1.656613557404337e-007	6.794071e-001	0.000000e+000
1.659509243749569e-007	6.791092e-001	0.000000e+000
1.662126367486316e-007	6.788402e-001	0.000000e+000
1.665056054986316e-007	6.785681e-001	0.000000e+000
1.667928162485831e-007	6.783569e-001	0.000000e+000
1.670857849985831e-007	6.782203e-001	0.000000e+000
1.673787537485831e-007	6.781751e-001	0.000000e+000
1.676717224985831e-007	6.782183e-001	0.000000e+000
1.678852939157009e-007	6.783049e-001	0.000000e+000
1.680714946209272e-007	6.784176e-001	0.000000e+000
1.682586240563430e-007	6.785568e-001	0.000000e+000
1.684594991706302e-007	6.787246e-001	0.000000e+000
1.686285677977627e-007	6.788741e-001	0.000000e+000
1.687282494032048e-007	6.789637e-001	0.000000e+000
1.688429114689515e-007	6.790649e-001	0.000000e+000
1.690109240132184e-007	6.792043e-001	0.000000e+000
1.692376657145571e-007	6.793675e-001	0.000000e+000
1.695226223934486e-007	6.795201e-001	0.000000e+000
1.698155911434486e-007	6.796020e-001	0.000000e+000
1.701085598934486e-007	6.795955e-001	0.000000e+000
1.704015286434486e-007	6.794997e-001	0.000000e+000
1.706944973934486e-007	6.793246e-001	0.000000e+000
1.709874661434486e-007	6.790894e-001	0.000000e+000
1.712804348934486e-007	6.788200e-001	0.000000e+000
1.715734036434486e-007	6.785446e-001	0.000000e+000
1.718226397916708e-007	6.783265e-001	0.000000e+000
1.720369757750925e-007	6.781666e-001	0.000000e+000
1.722476752899510e-007	6.780463e-001	0.000000e+000
1.724807118138361e-007	6.779609e-001	0.000000e+000
1.727010208343324e-007	6.779308e-001	0.000000e+000
1.729431980172193e-007	6.779565e-001	0.000000e+000
1.731940836827111e-007	6.780427e-001	0.000000e+000
1.734870524327111e-007	6.782053e-001	0.000000e+000
1.737800211827111e-007	6.784122e-001	0.000000e+000
1.740572115765715e-007	6.786272e-001	0.000000e+000
1.743501803265715e-007	6.788464e-001	0.000000e+000
1.746431490765715e-007	6.790298e-001	0.000000e+000
1.749361178265715e-007	6.791542e-001	0.000000e+000
1.752290865765715e-007	6.792033e-001	0.000000e+000
1.755186719106559e-007	6.791718e-001	0.000000e+000
1.757920054045532e-007	6.790723e-001	0.000000e+000
1.760108844399236e-007	6.789460e-001	0.000000e+000
1.762470682115170e-007	6.787719e-001	0.000000e+000
1.765011194431809e-007	6.785603e-001	0.000000e+000
1.767940881931809e-007	6.783082e-001	0.000000e+000
1.770870569431809e-007	6.780732e-001	0.000000e+000
1.773800256931809e-007	6.778802e-001	0.000000e+000
1.776729944431809e-007	6.777498e-001	0.000000e+000
1.779659631931809e-007	6.776950e-001	0.000000e+000
1.782589319431809e-007	6.777188e-001	0.000000e+000
1.785386679436091e-007	6.778103e-001	0.000000e+000
1.788175286152242e-007	6.779570e-001	0.000000e+000
1.791104973652242e-007	6.781487e-001	0.000000e+000
1.794034661152242e-007	6.783535e-001	0.000000e+000
1.796809618844841e-007	6.785355e-001	0.000000e+000
1.799698194486062e-007	6.786880e-001	0.000000e+000
1.802616926832583e-007	6.787850e-001	0.000000e+000
1.805546614332583e-007	6.788113e-001	0.000000e+000
1.808476301832583e-007	6.787615e-001	0.000000e+000
1.811405989332583e-007	6.786405e-001	0.000000e+000
1.814335676832583e-007	6.784615e-001	0.000000e+000
1.817259951388357e-007	6.782451e-001	0.000000e+000
1.820189638888357e-007	6.780154e-001	0.000000e+000
1.823119326388357e-007	6.777986e-001	0.000000e+000
1.826049013888357e-007	6.776180e-001	0.000000e+000
1.828767765145498e-007	6.775018e-001	0.000000e+000
1.831697452645498e-007	6.774441e-001	0.000000e+000
1.834627140145498e-007	6.774580e-001	0.000000e+000
1.837556827645498e-007	6.775399e-001	0.000000e+000
1.840486515145498e-007	6.776767e-001	0.000000e+000
1.843416202645499e-007	6.778488e-001	0.000000e+000
1.846345890145499e-007	6.780320e-001	0.000000e+000
1.849275577645499e-007	6.782013e-001	0.000000e+000
1.852205265145499e-007	6.783334e-001	0.000000e+000
1.855134952645499e-007	6.784097e-001	0.000000e+000
1.858064640145499e-007	6.784187e-001	0.000000e+000
1.860994327645499e-007	6.783574e-001	0.000000e+000
1.863924015145499e-007	6.782311e-001	0.000000e+000
1.866853702645499e-007	6.780533e-001	0.000000e+000
1.869783390145499e-007	6.778434e-001	0.000000e+000
1.872713077645499e-007	6.776245e-001	0.000000e+000
1.875642765145499e-007	6.774204e-001	0.000000e+000
1.878572452645499e-007	6.772521e-001	0.000000e+000
1.881502140145499e-007	6.771358e-001	0.000000e+000
1.884431827645500e-007	6.770803e-001	0.000000e+000
1.887361515145500e-007	6.770859e-001	0.000000e+000
1.890291202645500e-007	6.771445e-001	0.000000e+000
1.893220890145500e-007	6.772404e-001	0.000000e+000
1.896150577645500e-007	6.773518e-001	0.000000e+000
1.899080265145500e-007	6.774539e-001	0.000000e+000
1.902009952645500e-007	6.775211e-001	0.000000e+000
1.904939640145500e-007	6.775306e-001	0.000000e+000
1.907869327645500e-007	6.774640e-001	0.000000e+000
1.910799015145500e-007	6.773110e-001	0.000000e+000
1.913577553706122e-007	6.770799e-001	0.000000e+000
1.916507241206122e-007	6.767485e-001	0.000000e+000
1.919436928706122e-007	6.763380e-001	0.000000e+000
1.922366616206122e-007	6.758599e-001	0.000000e+000
1.925296303706122e-007	6.753285e-001	0.000000e+000
1.928225991206122e-007	6.747560e-001	0.000000e+000
1.931155678706122e-007	6.741502e-001	0.000000e+000
1.934085366206123e-007	6.735118e-001	0.000000e+000
1.937015053706123e-007	6.728328e-001	0.000000e+000
1.939944741206123e-007	6.720954e-001	0.000000e+000
1.942874428706123e-007	6.712723e-001	0.000000e+000
1.945804116206123e-007	6.703282e-001	0.000000e+000
1.948733803706123e-007	6.692213e-001	0.000000e+000
1.951663491206123e-007	6.679059e-001	0.000000e+000
1.954593178706123e-007	6.663354e-001	0.000000e+000
1.957522866206123e-007	6.644645e-001	0.000000e+000
1.960452553706123e-007	6.622517e-001	0.000000e+000
1.963382241206123e-007	6.596599e-001	0.000000e+000
1.966311928706123e-007	6.566578e-001	0.000000e+000
1.969241616206123e-007	6.532186e-001	0.000000e+000
1.972171303706123e-007	6.493189e-001	0.000000e+000
1.975100991206123e-007	6.449372e-001	0.000000e+000
1.978030678706124e-007	6.400505e-001	0.000000e+000
1.980960366206124e-007	6.346331e-001	0.000000e+000
1.983890053706124e-007	6.286540e-001	0.000000e+000
1.986819741206124e-007	6.220757e-001	0.000000e+000
1.989749428706124e-007	6.148539e-001	0.000000e+000
1.992679116206124e-007	6.069381e-001	0.000000e+000
1.995608803706124e-007	5.982733e-001	0.000000e+000
1.998538491206124e-007	5.888028e-001	0.000000e+000
2.001468178706124e-007	5.784709e-001	0.000000e+000
2.004397866206124e-007	5.672269e-001	0.000000e+000
2.007327553706124e-007	5.550288e-001	0.000000e+000
2.010257241206124e-007	5.418461e-001	0.000000e+000
2.013186928706124e-007	5.276626e-001	0.000000e+000
2.016116616206124e-007	5.124782e-001	0.000000e+000
2.019046303706125e-007	4.963094e-001	0.000000e+000
2.021975991206125e-007	4.791887e-001	0.000000e+000
2.024905678706125e-007	4.611642e-001	0.000000e+000
2.027835366206125e-007	4.423066e-001	0.000000e+000
2.030614493850546e-007	4.237060e-001	0.000000e+000
2.033349478554305e-007	4.047728e-001	0.000000e+000
2.036279166054306e-007	3.839035e-001	0.000000e+000
2.039208853554306e-007	3.625293e-001	0.000000e+000
2.042138541054306e-007	3.407388e-001	0.000000e+000
2.045068228554306e-007	3.186361e-001	0.000000e+000
2.047997916054306e-007	2.963302e-001	0.000000e+000
2.050927603554306e-007	2.739362e-001	0.000000e+000
2.053857291054306e-007	2.515756e-001	0.000000e+000
2.056786978554306e-007	2.293767e-001	0.000000e+000
2.059716666054306e-007	2.074749e-001	0.000000e+000
2.062646353554306e-007	1.860119e-001	0.000000e+000
2.065576041054306e-007	1.651339e-001	0.000000e+000
2.068505728554306e-007	1.449891e-001	0.000000e+000
2.071435416054306e-007	1.257240e-001	0.000000e+000
2.074365103554306e-007	1.074789e-001	0.000000e+000
2.077294791054307e-007	9.038362e-002	0.000000e+000
2.080224478554307e-007	7.455225e-002	0.000000e+000
2.083154166054307e-007	5.998798e-002	0.000000e+000
2.085350977613576e-007	4.991614e-002	0.000000e+000
2.086677114006986e-007	4.427996e-002	0.000000e+000
2.088105379393912e-007	3.862081e-002	0.000000e+000
2.089806769375542e-007	3.236820e-002	0.000000e+000
2.091942248293843e-007	2.523637e-002	0.000000e+000
2.094390273249049e-007	1.802883e-002	0.000000e+000
2.097319960749049e-007	1.068373e-002	0.000000e+000
2.100249648249049e-007	4.660705e-003	0.000000e+000
2.103179335749049e-007	-6.212424e-005	0.000000e+000
2.106109023249049e-007	-3.584559e-003	0.000000e+000
2.109038710749049e-007	-6.050593e-003	0.000000e+000
2.111572133909896e-007	-7.393506e-003	0.000000e+000
2.114125247743400e-007	-8.057770e-003	0.000000e+000
2.116923878032317e-007	-8.140897e-003	0.000000e+000
2.119853565532317e-007	-7.643267e-003	0.000000e+000
2.122783253032317e-007	-6.659677e-003	0.000000e+000
2.125712940532317e-007	-5.304022e-003	0.000000e+000
2.128642628032317e-007	-3.692174e-003	0.000000e+000
2.131572315532317e-007	-1.933679e-003	0.000000e+000
2.133928860381183e-007	-4.779183e-004	0.000000e+000
2.136540822462909e-007	1.108265e-003	0.000000e+000
2.139370115503105e-007	2.722523e-003	0.000000e+000
2.142299803003105e-007	4.215427e-003	0.000000e+000
2.145149150357916e-007	5.428951e-003	0.000000e+000
2.148078837857916e-007	6.378513e-003	0.000000e+000
2.151008525357916e-007	6.992576e-003	0.000000e+000
2.153938212857916e-007	7.247777e-003	0.000000e+000
2.156867900357916e-007	7.139761e-003	0.000000e+000
2.159797587857916e-007	6.681401e-003	0.000000e+000
2.162727275357916e-007	5.927198e-003	0.000000e+000
2.164535276674235e-007	5.312480e-003	0.000000e+000
2.166603220793905e-007	4.476023e-003	0.000000e+000
2.168631791446743e-007	3.554721e-003	0.000000e+000
2.171561478946743e-007	2.104862e-003	0.000000e+000
2.174491166446743e-007	5.823958e-004	0.000000e+000
2.177389784715670e-007	-9.416738e-004	0.000000e+000
2.180319472215670e-007	-2.436270e-003	0.000000e+000
2.183237490435089e-007	-3.823701e-003	0.000000e+000
2.186167177935089e-007	-5.070276e-003	0.000000e+000
2.189096865435089e-007	-6.138790e-003	0.000000e+000
2.192026552935089e-007	-7.011310e-003	0.000000e+000
2.194956240435089e-007	-7.683455e-003	0.000000e+000
2.197885927935090e-007	-8.162711e-003	0.000000e+000
2.200815615435090e-007	-8.465976e-003	0.000000e+000
2.203745302935090e-007	-8.616569e-003	0.000000e+000
2.206674990435090e-007	-8.645090e-003	0.000000e+000
2.209066383248007e-007	-8.592009e-003	0.000000e+000
2.211498090158051e-007	-8.480069e-003	0.000000e+000
2.213979931153365e-007	-8.321979e-003	0.000000e+000
2.216909618653366e-007	-8.094618e-003	0.000000e+000
2.219839306153366e-007	-7.836856e-003	0.000000e+000
2.222057426332582e-007	-7.623958e-003	0.000000e+000
2.224312196009349e-007	-7.393459e-003	0.000000e+000
2.226571513846491e-007	-7.150132e-003	0.000000e+000
2.229406761126751e-007	-6.829527e-003	0.000000e+000
2.232336448626751e-007	-6.484897e-003	0.000000e+000
2.233998997683331e-007	-6.283409e-003	0.000000e+000
2.235901589080083e-007	-6.048810e-003	0.000000e+000
2.237810838178204e-007	-5.813304e-003	0.000000e+000
2.240626658637690e-007	-5.473319e-003	0.000000e+000
2.243531660196262e-007	-5.140560e-003	0.000000e+000
2.245872158745599e-007	-4.896052e-003	0.000000e+000
2.247889445829988e-007	-4.712166e-003	0.000000e+000
2.249889799262964e-007	-4.562120e-003	0.000000e+000
2.252085043882338e-007	-4.438756e-003	0.000000e+000
2.254172406696638e-007	-4.367676e-003	0.000000e+000
2.256433677186288e-007	-4.347480e-003	0.000000e+000
2.258736857483612e-007	-4.391625e-003	0.000000e+000
2.261439673830197e-007	-4.526776e-003	0.000000e+000
2.264369361330197e-007	-4.764946e-003	0.000000e+000
2.267299048830197e-007	-5.089080e-003	0.000000e+000
2.270228736330197e-007	-5.482852e-003	0.000000e+000
2.273052321871847e-007	-5.906595e-003	0.000000e+000
2.275249630423471e-007	-6.253093e-003	0.000000e+000
2.277303973890397e-007	-6.578478e-003	0.000000e+000
2.279395824225058e-007	-6.901172e-003	0.000000e+000
2.280831597437381e-007	-7.112252e-003	0.000000e+000
2.282199069956963e-007	-7.298928e-003	0.000000e+000
2.284207119223320e-007	-7.545670e-003	0.000000e+000
2.286363900281041e-007	-7.773067e-003	0.000000e+000
2.288432176672490e-007	-7.945550e-003	0.000000e+000
2.290759522496738e-007	-8.078516e-003	0.000000e+000
2.293589808994594e-007	-8.162214e-003	0.000000e+000
2.295851626489261e-007	-8.165155e-003	0.000000e+000
2.298208505992258e-007	-8.103088e-003	0.000000e+000
2.300761594829847e-007	-7.973268e-003	0.000000e+000
2.303355171833451e-007	-7.785627e-003	0.000000e+000
2.305621791769098e-007	-7.581515e-003	0.000000e+000
2.307895041908321e-007	-7.347009e-003	0.000000e+000
2.309863140424487e-007	-7.126765e-003	0.000000e+000
2.311847497794006e-007	-6.894022e-003	0.000000e+000
2.314085854416864e-007	-6.626804e-003	0.000000e+000
2.316331097142841e-007	-6.361759e-003	0.000000e+000
2.319072218639009e-007	-6.051656e-003	0.000000e+000
2.321609294131152e-007	-5.787529e-003	0.000000e+000
2.324337819138640e-007	-5.537682e-003	0.000000e+000
2.326740918486999e-007	-5.354750e-003	0.000000e+000
2.329168939260875e-007	-5.213765e-003	0.000000e+000
2.331626817120339e-007	-5.120478e-003	0.000000e+000
2.334155968261721e-007	-5.083205e-003	0.000000e+000
2.337085655761721e-007	-5.109944e-003	0.000000e+000
2.339227986936369e-007	-5.180265e-003	0.000000e+000
2.341333226433537e-007	-5.299194e-003	0.000000e+000
2.343907123564789e-007	-5.501600e-003	0.000000e+000
2.346692940955149e-007	-5.779102e-003	0.000000e+000
2.349328498874859e-007	-6.090266e-003	0.000000e+000
2.352052964091527e-007	-6.447840e-003	0.000000e+000
2.354366035516404e-007	-6.766845e-003	0.000000e+000
2.356685312948758e-007	-7.088042e-003	0.000000e+000
2.358613435442478e-007	-7.346882e-003	0.000000e+000
2.359910217272331e-007	-7.511494e-003	0.000000e+000
2.361117032899830e-007	-7.651823e-003	0.000000e+000
2.363069997244710e-007	-7.850848e-003	0.000000e+000
2.365153281358466e-007	-8.019085e-003	0.000000e+000
2.367720399864539e-007	-8.153647e-003	0.000000e+000
2.370153911703984e-007	-8.199819e-003	0.000000e+000
2.372528355044162e-007	-8.160011e-003	0.000000e+000
2.374611112495096e-007	-8.053487e-003	0.000000e+000
2.376616756762541e-007	-7.887853e-003	0.000000e+000
2.378515464525603e-007	-7.679553e-003	0.000000e+000
2.380310768660720e-007	-7.440875e-003	0.000000e+000
2.382207813667270e-007	-7.151503e-003	0.000000e+000
2.384702315944807e-007	-6.734898e-003	0.000000e+000
2.387632003444808e-007	-6.225736e-003	0.000000e+000
2.389841768702689e-007	-5.848350e-003	0.000000e+000
2.392146779179296e-007	-5.485355e-003	0.000000e+000
2.394497166318337e-007	-5.168678e-003	0.000000e+000
2.396890929972738e-007	-4.921343e-003	0.000000e+000
2.399300797233390e-007	-4.759958e-003	0.000000e+000
2.401257447538546e-007	-4.703108e-003	0.000000e+000
2.402996002406127e-007	-4.718601e-003	0.000000e+000
2.404945735887543e-007	-4.801515e-003	0.000000e+000
2.406361925380629e-007	-4.902069e-003	0.000000e+000
2.407380104256856e-007	-4.997900e-003	0.000000e+000
2.408175130921625e-007	-5.085581e-003	0.000000e+000
2.408781473151649e-007	-5.159348e-003	0.000000e+000
2.409219626009848e-007	-5.216258e-003	0.000000e+000
2.409556986476475e-007	-5.262228e-003	0.000000e+000
2.409950347718001e-007	-5.317998e-003	0.000000e+000
2.410393481813002e-007	-5.383148e-003	0.000000e+000
2.410828376063115e-007	-5.449681e-003	0.000000e+000
2.411505985438235e-007	-5.557867e-003	0.000000e+000
2.412310478866082e-007	-5.692383e-003	0.000000e+000
2.413419189268848e-007	-5.886777e-003	0.000000e+000
2.414696588307464e-007	-6.120237e-003	0.000000e+000
2.416314974160783e-007	-6.424319e-003	0.000000e+000
2.418152788019174e-007	-6.769801e-003	0.000000e+000
2.420404352381963e-007	-7.176949e-003	0.000000e+000
2.422636244517612e-007	-7.545679e-003	0.000000e+000
2.424699003777216e-007	-7.837520e-003	0.000000e+000
2.426711863385805e-007	-8.063121e-003	0.000000e+000
2.428600445225053e-007	-8.210676e-003	0.000000e+000
2.430649832642103e-007	-8.296076e-003	0.000000e+000
2.432543221046541e-007	-8.305837e-003	0.000000e+000
2.434229398494745e-007	-8.254886e-003	0.000000e+000
2.435863983749165e-007	-8.153379e-003	0.000000e+000
2.437415583143498e-007	-8.012653e-003	0.000000e+000
2.439059527009315e-007	-7.821042e-003	0.000000e+000
2.440814380556881e-007	-7.577199e-003	0.000000e+000
2.442568295482832e-007	-7.301164e-003	0.000000e+000
2.444397505180210e-007	-6.988712e-003	0.000000e+000
2.446824787239696e-007	-6.558863e-003	0.000000e+000
2.449199670899765e-007	-6.145108e-003	0.000000e+000
2.451562130359821e-007	-5.762721e-003	0.000000e+000
2.453719811974936e-007	-5.454620e-003	0.000000e+000
2.455258285036439e-007	-5.274246e-003	0.000000e+000
2.457397395431864e-007	-5.087698e-003	0.000000e+000
2.459583597272621e-007	-4.964589e-003	0.000000e+000
2.461137973940141e-007	-4.929739e-003	0.000000e+000
2.463003607971225e-007	-4.945755e-003	0.000000e+000
2.464375495587719e-007	-4.994524e-003	0.000000e+000
2.465776664679604e-007	-5.082435e-003	0.000000e+000
2.467762883200516e-007	-5.255705e-003	0.000000e+000
2.469576028398274e-007	-5.455872e-003	0.000000e+000
2.471589569907696e-007	-5.719301e-003	0.000000e+000
2.473633573250212e-007	-6.015590e-003	0.000000e+000
2.475301506523711e-007	-6.271096e-003	0.000000e+000
2.476922587837941e-007	-6.522830e-003	0.000000e+000
2.478939011479151e-007	-6.826292e-003	0.000000e+000
2.481439132922979e-007	-7.172304e-003	0.000000e+000
2.483829668526090e-007	-7.453798e-003	0.000000e+000
2.486374976592127e-007	-7.689072e-003	0.000000e+000
2.488046663298147e-007	-7.796074e-003	0.000000e+000
2.490039566217960e-007	-7.865389e-003	0.000000e+000
2.491955836827779e-007	-7.878441e-003	0.000000e+000
2.493874401515997e-007	-7.835158e-003	0.000000e+000
2.496066299463935e-007	-7.725079e-003	0.000000e+000
2.498043718895704e-007	-7.579607e-003	0.000000e+000
2.499339807407035e-007	-7.459067e-003	0.000000e+000
2.500933950150310e-007	-7.287260e-003	0.000000e+000
2.502544871933986e-007	-7.095596e-003	0.000000e+000
2.504868410598154e-007	-6.800078e-003	0.000000e+000
2.507226235348802e-007	-6.493606e-003	0.000000e+000
2.509589855446760e-007	-6.193500e-003	0.000000e+000
2.511472721055099e-007	-5.972915e-003	0.000000e+000
2.513784958908693e-007	-5.736980e-003	0.000000e+000
2.515928982789616e-007	-5.560863e-003	0.000000e+000
2.518200413362165e-007	-5.429538e-003	0.000000e+000
2.520475653591876e-007	-5.357354e-003	0.000000e+000
2.522529396078794e-007	-5.349142e-003	0.000000e+000
2.524858712295620e-007	-5.402625e-003	0.000000e+000
2.526965881212013e-007	-5.504217e-003	0.000000e+000
2.529230293661618e-007	-5.662989e-003	0.000000e+000
2.530927157050458e-007	-5.810805e-003	0.000000e+000
2.532516061756099e-007	-5.970897e-003	0.000000e+000
2.535001823693523e-007	-6.243935e-003	0.000000e+000
2.537428258240481e-007	-6.520652e-003	0.000000e+000
2.539811810093493e-007	-6.787976e-003	0.000000e+000
2.542420984051356e-007	-7.057453e-003	0.000000e+000
2.544800720501439e-007	-7.268367e-003	0.000000e+000
2.546889974144237e-007	-7.413669e-003	0.000000e+000
2.548950373319436e-007	-7.511351e-003	0.000000e+000
2.551161643642454e-007	-7.563730e-003	0.000000e+000
2.553203639244850e-007	-7.563499e-003	0.000000e+000
2.554904557996913e-007	-7.522717e-003	0.000000e+000
2.556931642315173e-007	-7.427744e-003	0.000000e+000
2.559112309044230e-007	-7.278973e-003	0.000000e+000
2.561346351448650e-007	-7.083444e-003	0.000000e+000
2.563378764570242e-007	-6.874416e-003	0.000000e+000
2.565413833803264e-007	-6.643699e-003	0.000000e+000
2.568162380265864e-007	-6.320017e-003	0.000000e+000
2.570694381188787e-007	-6.028714e-003	0.000000e+000
2.573149316859176e-007	-5.773788e-003	0.000000e+000
2.576079004359176e-007	-5.521596e-003	0.000000e+000
2.578268148547887e-007	-5.381731e-003	0.000000e+000
2.580178047221753e-007	-5.303603e-003	0.000000e+000
2.581584644962530e-007	-5.273508e-003	0.000000e+000
2.582579054482289e-007	-5.267626e-003	0.000000e+000
2.583231974629890e-007	-5.270645e-003	0.000000e+000
2.583512490386872e-007	-5.274027e-003	0.000000e+000
2.583937954785265e-007	-5.281644e-003	0.000000e+000
2.584444479501733e-007	-5.293471e-003	0.000000e+000
2.584988121499882e-007	-5.310396e-003	0.000000e+000
2.586075405496180e-007	-5.356675e-003	0.000000e+000
2.587868157912507e-007	-5.458587e-003	0.000000e+000
2.589696658447496e-007	-5.591885e-003	0.000000e+000
2.591584389757113e-007	-5.758644e-003	0.000000e+000
2.593806887763110e-007	-5.980358e-003	0.000000e+000
2.595897277496925e-007	-6.201956e-003	0.000000e+000
2.597566970636492e-007	-6.380759e-003	0.000000e+000
2.599062436619756e-007	-6.534820e-003	0.000000e+000
2.600853340636188e-007	-6.703929e-003	0.000000e+000
2.602681807882925e-007	-6.849472e-003	0.000000e+000
2.605123249153166e-007	-6.993200e-003	0.000000e+000
2.607264825024261e-007	-7.064008e-003	0.000000e+000
2.609295262314772e-007	-7.070625e-003	0.000000e+000
2.611346532092879e-007	-7.014909e-003	0.000000e+000
2.613357443798274e-007	-6.900600e-003	0.000000e+000
2.615181149511198e-007	-6.742639e-003	0.000000e+000
2.617573704274336e-007	-6.468080e-003	0.000000e+000
2.619993849693335e-007	-6.130498e-003	0.000000e+000
2.622563694103439e-007	-5.721360e-003	0.000000e+000
2.625244103221389e-007	-5.265530e-003	0.000000e+000
2.627698907308821e-007	-4.844959e-003	0.000000e+000
2.630042615896045e-007	-4.460410e-003	0.000000e+000
2.632054623488973e-007	-4.158014e-003	0.000000e+000
2.633987912032632e-007	-3.903793e-003	0.000000e+000
2.636145833444309e-007	-3.666807e-003	0.000000e+000
2.638131957221920e-007	-3.496451e-003	0.000000e+000
2.640260409968494e-007	-3.366333e-003	0.000000e+000
2.642261717357705e-007	-3.289517e-003	0.000000e+000
2.644184709464437e-007	-3.256061e-003	0.000000e+000
2.646829267994401e-007	-3.253082e-003	0.000000e+000
2.649282710970071e-007	-3.272240e-003	0.000000e+000
2.652078984664252e-007	-3.294764e-003	0.000000e+000
2.654130270921092e-007	-3.291556e-003	0.000000e+000
2.656009227958333e-007	-3.248788e-003	0.000000e+000
2.658938915458333e-007	-3.087987e-003	0.000000e+000
2.661868602958333e-007	-2.797145e-003	0.000000e+000
2.664798290458333e-007	-2.348247e-003	0.000000e+000
2.667365456031365e-007	-1.813595e-003	0.000000e+000
2.669660632640899e-007	-1.215196e-003	0.000000e+000
2.672025415266198e-007	-4.884781e-004	0.000000e+000
2.674355483154178e-007	3.212514e-004	0.000000e+000
2.676661035523651e-007	1.200350e-003	0.000000e+000
2.679078055211056e-007	2.184505e-003	0.000000e+000
2.681626507016654e-007	3.266117e-003	0.000000e+000
2.684552518274377e-007	4.531365e-003	0.000000e+000
2.687192964289830e-007	5.672107e-003	0.000000e+000
2.689266419204112e-007	6.555871e-003	0.000000e+000
2.690894287135284e-007	7.236190e-003	0.000000e+000
2.692635279783469e-007	7.948549e-003	0.000000e+000
2.694637853426474e-007	8.751945e-003	0.000000e+000
2.696553892582021e-007	9.508486e-003	0.000000e+000
2.698511480512129e-007	1.027603e-002	0.000000e+000
2.701054261651543e-007	1.128177e-002	0.000000e+000
2.703612544094809e-007	1.232703e-002	0.000000e+000
2.706389050442960e-007	1.353368e-002	0.000000e+000
2.709318737942960e-007	1.492562e-002	0.000000e+000
2.712248425442960e-007	1.647884e-002	0.000000e+000
2.715178112942960e-007	1.822832e-002	0.000000e+000
2.718107800442960e-007	2.018844e-002	0.000000e+000
2.720629122085386e-007	2.205580e-002	0.000000e+000
2.723029522571592e-007	2.400226e-002	0.000000e+000
2.725959210071592e-007	2.656621e-002	0.000000e+000
2.728764653846227e-007	2.918288e-002	0.000000e+000
2.731674980861368e-007	3.203662e-002	0.000000e+000
2.734353221398778e-007	3.474877e-002	0.000000e+000
2.736025702599373e-007	3.647480e-002	0.000000e+000
2.737749100965443e-007	3.827006e-002	0.000000e+000
2.739537744303142e-007	4.013761e-002	0.000000e+000
2.742107749076857e-007	4.281336e-002	0.000000e+000
2.744985584872920e-007	4.578722e-002	0.000000e+000
2.747298093128015e-007	4.815060e-002	0.000000e+000
2.749652996490464e-007	5.052855e-002	0.000000e+000
2.751966135206236e-007	5.284037e-002	0.000000e+000
2.754109597111480e-007	5.496604e-002	0.000000e+000
2.756638310349272e-007	5.746404e-002	0.000000e+000
2.759000781308209e-007	5.980039e-002	0.000000e+000
2.761683200087851e-007	6.246907e-002	0.000000e+000
2.764166348292090e-007	6.496613e-002	0.000000e+000
2.766918427780805e-007	6.777246e-002	0.000000e+000
2.769810601711820e-007	7.076403e-002	0.000000e+000
2.772740289211820e-007	7.382881e-002	0.000000e+000
2.775669976711820e-007	7.690568e-002	0.000000e+000
2.778599664211820e-007	7.995982e-002	0.000000e+000
2.781471669293053e-007	8.289325e-002	0.000000e+000
2.783863591395664e-007	8.525331e-002	0.000000e+000
2.786179391860681e-007	8.742787e-002	0.000000e+000
2.788584775870738e-007	8.953781e-002	0.000000e+000
2.791278669457901e-007	9.169555e-002	0.000000e+000
2.793828130039284e-007	9.349677e-002	0.000000e+000
2.796757817539284e-007	9.524155e-002	0.000000e+000
2.799687505039284e-007	9.663307e-002	0.000000e+000
2.802398661445721e-007	9.757823e-002	0.000000e+000
2.804933931838492e-007	9.813394e-002	0.000000e+000
2.807863619338492e-007	9.839844e-002	0.000000e+000
2.810745810801007e-007	9.830903e-002	0.000000e+000
2.812965974768143e-007	9.797620e-002	0.000000e+000
2.815578161444304e-007	9.728445e-002	0.000000e+000
2.818507848944304e-007	9.618203e-002	0.000000e+000
2.821437536444304e-007	9.474020e-002	0.000000e+000
2.824367223944304e-007	9.296377e-002	0.000000e+000
2.826993587583579e-007	9.110215e-002	0.000000e+000
2.828787176689818e-007	8.967684e-002	0.000000e+000
2.829995164947042e-007	8.863221e-002	0.000000e+000
2.831261791691017e-007	8.745706e-002	0.000000e+000
2.833073608708640e-007	8.565853e-002	0.000000e+000
2.834929344491330e-007	8.365867e-002	0.000000e+000
2.837859031991330e-007	8.019379e-002	0.000000e+000
2.840788719491331e-007	7.638045e-002	0.000000e+000
2.843684486866047e-007	7.224754e-002	0.000000e+000
2.846073301213273e-007	6.854913e-002	0.000000e+000
2.848708004932376e-007	6.418088e-002	0.000000e+000
2.850924875848172e-007	6.028319e-002	0.000000e+000
2.853525962349822e-007	5.546118e-002	0.000000e+000
2.856351141773330e-007	4.999038e-002	0.000000e+000
2.858828638844287e-007	4.502452e-002	0.000000e+000
2.860671665579455e-007	4.123841e-002	0.000000e+000
2.862388487148821e-007	3.765463e-002	0.000000e+000
2.864339812494114e-007	3.354249e-002	0.000000e+000
2.866134013332799e-007	2.974335e-002	0.000000e+000
2.867894244426637e-007	2.601634e-002	0.000000e+000
2.870158627281815e-007	2.125110e-002	0.000000e+000
2.872736113045177e-007	1.589921e-002	0.000000e+000
2.875332562822941e-007	1.062502e-002	0.000000e+000
2.877907799564353e-007	5.554624e-003	0.000000e+000
2.880611015201717e-007	4.236785e-004	0.000000e+000
2.882568638249922e-007	-3.134199e-003	0.000000e+000
2.884993400466409e-007	-7.320876e-003	0.000000e+000
2.887711936690168e-007	-1.174002e-002	0.000000e+000
2.890641624190168e-007	-1.615883e-002	0.000000e+000
2.893571311690168e-007	-2.020139e-002	0.000000e+000
2.896500999190168e-007	-2.392541e-002	0.000000e+000
2.897183615049315e-007	-2.473572e-002	0.000000e+000
2.897804054613531e-007	-2.543529e-002	0.000000e+000
2.898573580452702e-007	-2.627382e-002	0.000000e+000
2.899635092478892e-007	-2.737746e-002	0.000000e+000
2.901284282556318e-007	-2.897875e-002	0.000000e+000
2.903386983153461e-007	-3.082231e-002	0.000000e+000
2.906123987553262e-007	-3.290047e-002	0.000000e+000
2.908910659992175e-007	-3.465075e-002	0.000000e+000
2.911472886225283e-007	-3.591084e-002	0.000000e+000
2.913803491709827e-007	-3.675104e-002	0.000000e+000
2.916016534639770e-007	-3.726633e-002	0.000000e+000
2.918437823069973e-007	-3.753075e-002	0.000000e+000
2.920676284371398e-007	-3.748425e-002	0.000000e+000
2.923555662972506e-007	-3.703965e-002	0.000000e+000
2.926238157430108e-007	-3.627858e-002	0.000000e+000
2.928685351805733e-007	-3.527918e-002	0.000000e+000
2.931083570333539e-007	-3.402953e-002	0.000000e+000
2.933784604985098e-007	-3.236353e-002	0.000000e+000
2.935854641613717e-007	-3.091624e-002	0.000000e+000
2.938229995572172e-007	-2.908941e-002	0.000000e+000
2.940846925262568e-007	-2.693744e-002	0.000000e+000
2.943776612762568e-007	-2.441694e-002	0.000000e+000
2.946706300262568e-007	-2.184673e-002	0.000000e+000
2.949635987762568e-007	-1.929625e-002	0.000000e+000
2.952565675262568e-007	-1.683471e-002	0.000000e+000
2.955436470931315e-007	-1.457179e-002	0.000000e+000
2.958366158431315e-007	-1.246333e-002	0.000000e+000
2.961061948843328e-007	-1.072667e-002	0.000000e+000
2.963081112358803e-007	-9.586687e-003	0.000000e+000
2.965296455855752e-007	-8.505321e-003	0.000000e+000
2.967197748506094e-007	-7.717608e-003	0.000000e+000
2.969250086582959e-007	-7.019780e-003	0.000000e+000
2.971204452493204e-007	-6.512643e-003	0.000000e+000
2.974134139993204e-007	-6.010481e-003	0.000000e+000
2.977063827493204e-007	-5.778681e-003	0.000000e+000
2.979993514993204e-007	-5.814999e-003	0.000000e+000
2.982373731654260e-007	-6.038644e-003	0.000000e+000
2.984758248034914e-007	-6.424532e-003	0.000000e+000
2.986491036073910e-007	-6.803903e-003	0.000000e+000
2.988533276049649e-007	-7.355586e-003	0.000000e+000
2.990555328298593e-007	-7.992383e-003	0.000000e+000
2.992445226407965e-007	-8.666767e-003	0.000000e+000
2.994161052845936e-007	-9.349477e-003	0.000000e+000
2.996720345677536e-007	-1.047016e-002	0.000000e+000
2.999331419055291e-007	-1.169622e-002	0.000000e+000
3.000000000000000e-007	-1.202540e-002	0.000000e+000
