time	V(out)	V(n001)
0.000000000000000e+000	0.000000e+000	0.000000e+000
6.857142829743069e-012	0.000000e+000	9.142857e-004
1.371428565948614e-011	0.000000e+000	1.828571e-003
2.057142848922920e-011	0.000000e+000	2.742857e-003
2.742857131897227e-011	0.000000e+000	3.657143e-003
3.428571414871535e-011	0.000000e+000	4.571428e-003
4.114285697845841e-011	0.000000e+000	5.485714e-003
4.799999980820147e-011	0.000000e+000	6.400000e-003
9.599999961640293e-011	0.000000e+000	1.280000e-002
1.404606014236565e-010	0.000000e+000	1.872808e-002
1.783236865824398e-010	0.000000e+000	2.377649e-002
2.133624804419516e-010	0.000000e+000	2.844833e-002
2.524063542346297e-010	0.000000e+000	3.365418e-002
2.929017788970762e-010	0.000000e+000	3.905357e-002
3.425937548498220e-010	0.000000e+000	4.567917e-002
3.978514655120642e-010	0.000000e+000	5.304686e-002
4.645797710677486e-010	0.000000e+000	6.194397e-002
5.403068812387476e-010	0.000000e+000	7.204092e-002
6.307358062350090e-010	0.000000e+000	8.409811e-002
7.079893803692061e-010	0.000000e+000	9.439858e-002
7.836459236611387e-010	0.000000e+000	1.044861e-001
8.648150319715850e-010	0.000000e+000	1.153087e-001
9.533838991931495e-010	0.000000e+000	1.271179e-001
1.051271808406195e-009	0.000000e+000	1.401696e-001
1.159241009936828e-009	0.000000e+000	1.545655e-001
1.278989387682822e-009	0.000000e+000	1.705319e-001
1.396557812889042e-009	0.000000e+000	1.862077e-001
1.506237046328307e-009	0.000000e+000	2.008316e-001
1.622814105635592e-009	0.000000e+000	2.163752e-001
1.745252821730090e-009	0.000000e+000	2.327004e-001
1.878826092854392e-009	0.000000e+000	2.505102e-001
2.021722797969882e-009	0.000000e+000	2.695630e-001
2.177735489724570e-009	0.000000e+000	2.903647e-001
2.313196995441448e-009	0.000000e+000	3.084263e-001
2.459900481889272e-009	0.000000e+000	3.279867e-001
2.607287994033612e-009	0.000000e+000	3.476384e-001
2.769490394963849e-009	0.000000e+000	3.692654e-001
2.937795246810041e-009	0.000000e+000	3.917060e-001
3.121752783602838e-009	0.000000e+000	4.162337e-001
3.302567426918073e-009	0.000000e+000	4.403423e-001
3.469663158169185e-009	0.000000e+000	4.626217e-001
3.654689521797214e-009	0.000000e+000	4.872919e-001
3.840326689612211e-009	0.000000e+000	5.120435e-001
4.044539681067157e-009	0.000000e+000	5.392720e-001
4.227764994987606e-009	0.000000e+000	5.637020e-001
4.422060863015607e-009	0.000000e+000	5.896081e-001
4.617703286808859e-009	0.000000e+000	6.156937e-001
4.828249794968700e-009	0.000000e+000	6.437666e-001
5.045663481100010e-009	0.000000e+000	6.727551e-001
5.245441075231733e-009	0.000000e+000	6.993921e-001
5.458755053440760e-009	0.000000e+000	7.278340e-001
5.673038340546209e-009	0.000000e+000	7.564051e-001
5.903234374701521e-009	0.000000e+000	7.870979e-001
6.139853745656884e-009	0.000000e+000	8.186471e-001
6.361321752244273e-009	0.000000e+000	8.481762e-001
6.593822328680316e-009	0.000000e+000	8.791763e-001
6.829555108356707e-009	0.000000e+000	9.106073e-001
7.079883430092167e-009	0.000000e+000	9.439844e-001
7.241472718691558e-009	0.000000e+000	9.655297e-001
7.281792218401954e-009	0.000000e+000	9.709056e-001
7.362431217822746e-009	0.000000e+000	9.816575e-001
7.499999999999999e-009	0.000000e+000	1.000000e+000
7.541270634653175e-009	0.000000e+000	1.000000e+000
7.596298147524077e-009	0.000000e+000	1.000000e+000
7.706353173265880e-009	0.000000e+000	1.000000e+000
7.926463224749485e-009	0.000000e+000	1.000000e+000
8.165171580565447e-009	0.000000e+000	1.000000e+000
8.402737421335003e-009	0.000000e+000	1.000000e+000
8.670384792129401e-009	0.000000e+000	1.000000e+000
8.933169998465607e-009	0.000000e+000	1.000000e+000
9.208781481879363e-009	0.000000e+000	1.000000e+000
9.491159325500198e-009	0.000000e+000	1.000000e+000
9.769926750783287e-009	0.000000e+000	1.000000e+000
1.004426433841710e-008	0.000000e+000	1.000000e+000
1.033306080973034e-008	0.000000e+000	1.000000e+000
1.062602955973034e-008	0.000000e+000	1.000000e+000
1.091812713245673e-008	0.000000e+000	1.000000e+000
1.120504552286782e-008	0.000000e+000	1.000000e+000
1.149801427286782e-008	0.000000e+000	1.000000e+000
1.179098302286782e-008	0.000000e+000	1.000000e+000
1.208395177286782e-008	0.000000e+000	1.000000e+000
1.237692052286782e-008	0.000000e+000	1.000000e+000
1.266988927286782e-008	0.000000e+000	1.000000e+000
1.296285802286782e-008	0.000000e+000	1.000000e+000
1.325582677286783e-008	0.000000e+000	1.000000e+000
1.354879552286783e-008	0.000000e+000	1.000000e+000
1.384176427286783e-008	0.000000e+000	1.000000e+000
1.413473302286783e-008	0.000000e+000	1.000000e+000
1.442770177286783e-008	0.000000e+000	1.000000e+000
1.472067052286783e-008	0.000000e+000	1.000000e+000
1.501363927286783e-008	0.000000e+000	1.000000e+000
1.530660802286783e-008	0.000000e+000	1.000000e+000
1.559957677286783e-008	0.000000e+000	1.000000e+000
1.589254552286783e-008	0.000000e+000	1.000000e+000
1.618551427286783e-008	0.000000e+000	1.000000e+000
1.647848302286783e-008	0.000000e+000	1.000000e+000
1.677145177286783e-008	0.000000e+000	1.000000e+000
1.706442052286783e-008	0.000000e+000	1.000000e+000
1.735738927286783e-008	0.000000e+000	1.000000e+000
1.765035802286783e-008	0.000000e+000	1.000000e+000
1.794332677286783e-008	0.000000e+000	1.000000e+000
1.823629552286783e-008	0.000000e+000	1.000000e+000
1.852926427286783e-008	0.000000e+000	1.000000e+000
1.882223302286783e-008	0.000000e+000	1.000000e+000
1.911520177286784e-008	0.000000e+000	1.000000e+000
1.940817052286784e-008	0.000000e+000	1.000000e+000
1.970113927286784e-008	0.000000e+000	1.000000e+000
1.999410802286784e-008	0.000000e+000	1.000000e+000
2.028707677286784e-008	0.000000e+000	1.000000e+000
2.058004552286784e-008	0.000000e+000	1.000000e+000
2.087301427286784e-008	0.000000e+000	1.000000e+000
2.116598302286784e-008	0.000000e+000	1.000000e+000
2.145895177286784e-008	0.000000e+000	1.000000e+000
2.175192052286784e-008	0.000000e+000	1.000000e+000
2.204488927286784e-008	0.000000e+000	1.000000e+000
2.233785802286784e-008	0.000000e+000	1.000000e+000
2.263082677286784e-008	0.000000e+000	1.000000e+000
2.292379552286784e-008	0.000000e+000	1.000000e+000
2.321676427286784e-008	0.000000e+000	1.000000e+000
2.350973302286784e-008	0.000000e+000	1.000000e+000
2.380270177286784e-008	0.000000e+000	1.000000e+000
2.409567052286784e-008	0.000000e+000	1.000000e+000
2.438863927286784e-008	0.000000e+000	1.000000e+000
2.468160802286784e-008	0.000000e+000	1.000000e+000
2.497457677286785e-008	0.000000e+000	1.000000e+000
2.526754552286785e-008	0.000000e+000	1.000000e+000
2.556051427286785e-008	0.000000e+000	1.000000e+000
2.585348302286785e-008	0.000000e+000	1.000000e+000
2.614645177286785e-008	0.000000e+000	1.000000e+000
2.643942052286785e-008	0.000000e+000	1.000000e+000
2.673238927286785e-008	0.000000e+000	1.000000e+000
2.702535802286785e-008	0.000000e+000	1.000000e+000
2.731832677286785e-008	0.000000e+000	1.000000e+000
2.761129552286785e-008	0.000000e+000	1.000000e+000
2.790426427286785e-008	0.000000e+000	1.000000e+000
2.819723302286785e-008	0.000000e+000	1.000000e+000
2.849020177286785e-008	0.000000e+000	1.000000e+000
2.878317052286785e-008	0.000000e+000	1.000000e+000
2.907613927286785e-008	0.000000e+000	1.000000e+000
2.936910802286785e-008	0.000000e+000	1.000000e+000
2.966207677286785e-008	0.000000e+000	1.000000e+000
2.995504552286785e-008	1.401298e-045	1.000000e+000
3.024801427286785e-008	2.802597e-045	1.000000e+000
3.054098302286785e-008	8.407791e-045	1.000000e+000
3.083395177286785e-008	2.242078e-044	1.000000e+000
3.112692052286785e-008	6.025583e-044	1.000000e+000
3.141988927286785e-008	1.583467e-043	1.000000e+000
3.171285802286785e-008	4.189882e-043	1.000000e+000
3.200582677286785e-008	1.098618e-042	1.000000e+000
3.229879552286785e-008	2.847438e-042	1.000000e+000
3.259176427286786e-008	7.321784e-042	1.000000e+000
3.288473302286786e-008	1.867651e-041	1.000000e+000
3.317770177286786e-008	4.725319e-041	1.000000e+000
3.347067052286786e-008	1.186059e-040	1.000000e+000
3.376363927286786e-008	2.953545e-040	1.000000e+000
3.405660802286786e-008	7.297850e-040	1.000000e+000
3.434957677286786e-008	1.789377e-039	1.000000e+000
3.464254552286786e-008	4.354196e-039	1.000000e+000
3.493551427286786e-008	1.051610e-038	1.000000e+000
3.522848302286786e-008	2.521058e-038	1.000000e+000
3.552145177286786e-008	5.999738e-038	1.000000e+000
3.581442052286786e-008	1.417562e-037	1.000000e+000
3.610738927286786e-008	3.325447e-037	1.000000e+000
3.640035802286786e-008	7.746290e-037	1.000000e+000
3.669332677286786e-008	1.791883e-036	1.000000e+000
3.698629552286786e-008	4.116551e-036	1.000000e+000
3.727926427286786e-008	9.392912e-036	1.000000e+000
3.757223302286786e-008	2.128845e-035	1.000000e+000
3.786520177286786e-008	4.792901e-035	1.000000e+000
3.815817052286786e-008	1.072004e-034	1.000000e+000
3.845113927286787e-008	2.382155e-034	1.000000e+000
3.874410802286787e-008	5.259574e-034	1.000000e+000
3.903707677286787e-008	1.153902e-033	1.000000e+000
3.933004552286787e-008	2.515682e-033	1.000000e+000
3.962301427286787e-008	5.450550e-033	1.000000e+000
3.991598302286787e-008	1.173685e-032	1.000000e+000
4.020895177286787e-008	2.511993e-032	1.000000e+000
4.050192052286787e-008	5.344023e-032	1.000000e+000
4.079488927286787e-008	1.130131e-031	1.000000e+000
4.108785802286787e-008	2.375892e-031	1.000000e+000
4.138082677286787e-008	4.965789e-031	1.000000e+000
4.167379552286787e-008	1.031905e-030	1.000000e+000
4.196676427286787e-008	2.132090e-030	1.000000e+000
4.225973302286787e-008	4.380376e-030	1.000000e+000
4.255270177286787e-008	8.949139e-030	1.000000e+000
4.284567052286787e-008	1.818190e-029	1.000000e+000
4.313863927286787e-008	3.673742e-029	1.000000e+000
4.343160802286787e-008	7.382656e-029	1.000000e+000
4.372457677286787e-008	1.475618e-028	1.000000e+000
4.401754552286787e-008	2.933691e-028	1.000000e+000
4.431051427286788e-008	5.801712e-028	1.000000e+000
4.460348302286788e-008	1.141354e-027	1.000000e+000
4.489645177286788e-008	2.233719e-027	1.000000e+000
4.518942052286788e-008	4.349114e-027	1.000000e+000
4.548238927286788e-008	8.424762e-027	1.000000e+000
4.577535802286788e-008	1.623749e-026	1.000000e+000
4.606832677286788e-008	3.113897e-026	1.000000e+000
4.636129552286788e-008	5.942002e-026	1.000000e+000
4.665426427286788e-008	1.128297e-025	1.000000e+000
4.694723302286788e-008	2.132037e-025	1.000000e+000
4.724020177286788e-008	4.009267e-025	1.000000e+000
4.753317052286788e-008	7.503296e-025	1.000000e+000
4.782613927286788e-008	1.397570e-024	1.000000e+000
4.811910802286788e-008	2.590876e-024	1.000000e+000
4.841207677286788e-008	4.780666e-024	1.000000e+000
4.870504552286788e-008	8.780427e-024	1.000000e+000
4.899801427286788e-008	1.605257e-023	1.000000e+000
4.929098302286788e-008	2.921404e-023	1.000000e+000
4.958395177286788e-008	5.292640e-023	1.000000e+000
4.987692052286789e-008	9.545584e-023	1.000000e+000
5.016988927286789e-008	1.713947e-022	1.000000e+000
5.046285802286789e-008	3.063882e-022	1.000000e+000
5.075582677286789e-008	5.453072e-022	1.000000e+000
5.104879552286789e-008	9.663172e-022	1.000000e+000
5.134176427286789e-008	1.704989e-021	1.000000e+000
5.163473302286789e-008	2.995443e-021	1.000000e+000
5.192770177286789e-008	5.240250e-021	1.000000e+000
5.222067052286789e-008	9.128678e-021	1.000000e+000
5.251363927286789e-008	1.583588e-020	1.000000e+000
5.280660802286789e-008	2.735698e-020	1.000000e+000
5.309957677286789e-008	4.706504e-020	1.000000e+000
5.339254552286789e-008	8.063918e-020	1.000000e+000
5.368551427286789e-008	1.376016e-019	1.000000e+000
5.397848302286789e-008	2.338529e-019	1.000000e+000
5.427145177286789e-008	3.958369e-019	1.000000e+000
5.456442052286789e-008	6.673534e-019	1.000000e+000
5.485738927286789e-008	1.120658e-018	1.000000e+000
5.515035802286789e-008	1.874475e-018	1.000000e+000
5.544332677286789e-008	3.123106e-018	1.000000e+000
5.573629552286790e-008	5.183290e-018	1.000000e+000
5.602926427286790e-008	8.569330e-018	1.000000e+000
5.632223302286790e-008	1.411307e-017	1.000000e+000
5.661520177286790e-008	2.315476e-017	1.000000e+000
5.690817052286790e-008	3.784541e-017	1.000000e+000
5.720113927286790e-008	6.162411e-017	1.000000e+000
5.749410802286790e-008	9.996840e-017	1.000000e+000
5.778707677286790e-008	1.615695e-016	1.000000e+000
5.808004552286790e-008	2.601657e-016	1.000000e+000
5.837301427286790e-008	4.173923e-016	1.000000e+000
5.866598302286790e-008	6.671938e-016	1.000000e+000
5.895895177286790e-008	1.062630e-015	1.000000e+000
5.925192052286790e-008	1.686332e-015	1.000000e+000
5.954488927286790e-008	2.666520e-015	1.000000e+000
5.983785802286790e-008	4.201413e-015	1.000000e+000
6.013082677286790e-008	6.596350e-015	1.000000e+000
6.042379552286789e-008	1.031996e-014	1.000000e+000
6.071676427286788e-008	1.608892e-014	1.000000e+000
6.100973302286788e-008	2.499530e-014	1.000000e+000
6.130270177286787e-008	3.869727e-014	1.000000e+000
6.159567052286787e-008	5.970363e-014	1.000000e+000
6.188863927286786e-008	9.179676e-014	1.000000e+000
6.218160802286785e-008	1.406591e-013	1.000000e+000
6.247457677286785e-008	2.147975e-013	1.000000e+000
6.276754552286784e-008	3.269034e-013	1.000000e+000
6.306051427286783e-008	4.958443e-013	1.000000e+000
6.335348302286783e-008	7.495729e-013	1.000000e+000
6.364645177286782e-008	1.129359e-012	1.000000e+000
6.393942052286782e-008	1.695926e-012	1.000000e+000
6.423238927286781e-008	2.538310e-012	1.000000e+000
6.452535802286780e-008	3.786624e-012	1.000000e+000
6.481832677286780e-008	5.630354e-012	1.000000e+000
6.511129552286779e-008	8.344524e-012	1.000000e+000
6.540426427286779e-008	1.232696e-011	1.000000e+000
6.569723302286778e-008	1.815117e-011	1.000000e+000
6.599020177286777e-008	2.664119e-011	1.000000e+000
6.628317052286777e-008	3.897705e-011	1.000000e+000
6.657613927286776e-008	5.684287e-011	1.000000e+000
6.686910802286776e-008	8.263432e-011	1.000000e+000
6.716207677286775e-008	1.197478e-010	1.000000e+000
6.745504552286774e-008	1.729828e-010	1.000000e+000
6.774801427286774e-008	2.490987e-010	1.000000e+000
6.804098302286773e-008	3.575841e-010	1.000000e+000
6.833395177286772e-008	5.117152e-010	1.000000e+000
6.862692052286772e-008	7.300061e-010	1.000000e+000
6.891988927286771e-008	1.038191e-009	1.000000e+000
6.921285802286771e-008	1.471925e-009	1.000000e+000
6.950582677286770e-008	2.080444e-009	1.000000e+000
6.979879552286769e-008	2.931519e-009	1.000000e+000
7.009176427286769e-008	4.118128e-009	1.000000e+000
7.038473302286768e-008	5.767421e-009	1.000000e+000
7.067770177286768e-008	8.052712e-009	1.000000e+000
7.097067052286767e-008	1.120948e-008	1.000000e+000
7.126363927286766e-008	1.555662e-008	1.000000e+000
7.155660802286766e-008	2.152460e-008	1.000000e+000
7.184957677286765e-008	2.969263e-008	1.000000e+000
7.214254552286765e-008	4.083754e-008	1.000000e+000
7.243551427286764e-008	5.599782e-008	1.000000e+000
7.272848302286763e-008	7.655729e-008	1.000000e+000
7.302145177286763e-008	1.043540e-007	1.000000e+000
7.331442052286762e-008	1.418214e-007	1.000000e+000
7.360738927286761e-008	1.921707e-007	1.000000e+000
7.390035802286761e-008	2.596263e-007	1.000000e+000
7.419332677286760e-008	3.497266e-007	1.000000e+000
7.448629552286760e-008	4.697100e-007	1.000000e+000
7.477926427286759e-008	6.290056e-007	1.000000e+000
7.507223302286758e-008	8.398569e-007	1.000000e+000
7.536520177286758e-008	1.118109e-006	1.000000e+000
7.565817052286757e-008	1.484204e-006	1.000000e+000
7.595113927286757e-008	1.964426e-006	1.000000e+000
7.624410802286756e-008	2.592459e-006	1.000000e+000
7.653707677286755e-008	3.411336e-006	1.000000e+000
7.683004552286755e-008	4.475844e-006	1.000000e+000
7.712301427286754e-008	5.855511e-006	1.000000e+000
7.741598302286754e-008	7.638282e-006	1.000000e+000
7.770895177286753e-008	9.935024e-006	1.000000e+000
7.800192052286752e-008	1.288504e-005	1.000000e+000
7.829488927286752e-008	1.666277e-005	1.000000e+000
7.858785802286751e-008	2.148594e-005	1.000000e+000
7.888082677286750e-008	2.762538e-005	1.000000e+000
7.917379552286750e-008	3.541681e-005	1.000000e+000
7.946676427286749e-008	4.527502e-005	1.000000e+000
7.975973302286749e-008	5.771072e-005	1.000000e+000
8.005270177286748e-008	7.335054e-005	1.000000e+000
8.034567052286747e-008	9.296070e-005	1.000000e+000
8.063863927286747e-008	1.174749e-004	1.000000e+000
8.093160802286746e-008	1.480267e-004	1.000000e+000
8.122457677286746e-008	1.859878e-004	1.000000e+000
8.151754552286745e-008	2.330119e-004	1.000000e+000
8.181051427286744e-008	2.910855e-004	1.000000e+000
8.210348302286744e-008	3.625865e-004	1.000000e+000
8.239645177286743e-008	4.503503e-004	1.000000e+000
8.268942052286743e-008	5.577459e-004	1.000000e+000
8.298238927286742e-008	6.887611e-004	1.000000e+000
8.327535802286741e-008	8.480981e-004	1.000000e+000
8.356832677286741e-008	1.041281e-003	1.000000e+000
8.386129552286740e-008	1.274772e-003	1.000000e+000
8.415426427286739e-008	1.556104e-003	1.000000e+000
8.444723302286739e-008	1.894022e-003	1.000000e+000
8.474020177286738e-008	2.298633e-003	1.000000e+000
8.503317052286738e-008	2.781575e-003	1.000000e+000
8.532613927286737e-008	3.356191e-003	1.000000e+000
8.561910802286736e-008	4.037710e-003	1.000000e+000
8.591207677286736e-008	4.843441e-003	1.000000e+000
8.620504552286735e-008	5.792965e-003	1.000000e+000
8.649801427286735e-008	6.908335e-003	1.000000e+000
8.679098302286734e-008	8.214265e-003	1.000000e+000
8.708395177286733e-008	9.738323e-003	1.000000e+000
8.737692052286733e-008	1.151110e-002	1.000000e+000
8.766988927286732e-008	1.356637e-002	1.000000e+000
8.796285802286732e-008	1.594122e-002	1.000000e+000
8.825582677286731e-008	1.867614e-002	1.000000e+000
8.854879552286730e-008	2.181508e-002	1.000000e+000
8.884176427286730e-008	2.540546e-002	1.000000e+000
8.913473302286729e-008	2.949812e-002	1.000000e+000
8.942770177286728e-008	3.414715e-002	1.000000e+000
8.972067052286728e-008	3.940974e-002	1.000000e+000
9.001363927286727e-008	4.534587e-002	1.000000e+000
9.030660802286727e-008	5.201787e-002	1.000000e+000
9.059957677286726e-008	5.948998e-002	1.000000e+000
9.089254552286725e-008	6.782769e-002	1.000000e+000
9.118551427286725e-008	7.709707e-002	1.000000e+000
9.147848302286724e-008	8.736381e-002	1.000000e+000
9.177145177286724e-008	9.869237e-002	1.000000e+000
9.206442052286723e-008	1.111448e-001	1.000000e+000
9.235738927286722e-008	1.247797e-001	1.000000e+000
9.265035802286722e-008	1.396505e-001	1.000000e+000
9.294332677286721e-008	1.558048e-001	1.000000e+000
9.323629552286721e-008	1.732822e-001	1.000000e+000
9.352926427286720e-008	1.921132e-001	1.000000e+000
9.382223302286719e-008	2.123177e-001	1.000000e+000
9.411520177286719e-008	2.339033e-001	1.000000e+000
9.440817052286718e-008	2.568644e-001	1.000000e+000
9.470113927286717e-008	2.811800e-001	1.000000e+000
9.499410802286717e-008	3.068136e-001	1.000000e+000
9.528707677286716e-008	3.337112e-001	1.000000e+000
9.558004552286716e-008	3.618014e-001	1.000000e+000
9.587301427286715e-008	3.909944e-001	1.000000e+000
9.616598302286714e-008	4.211819e-001	1.000000e+000
9.645895177286714e-008	4.522376e-001	1.000000e+000
9.675192052286713e-008	4.840174e-001	1.000000e+000
9.704488927286713e-008	5.163607e-001	1.000000e+000
9.733785802286712e-008	5.490916e-001	1.000000e+000
9.763082677286711e-008	5.820209e-001	1.000000e+000
9.792379552286711e-008	6.149483e-001	1.000000e+000
9.821676427286710e-008	6.476651e-001	1.000000e+000
9.850973302286710e-008	6.799574e-001	1.000000e+000
9.880270177286709e-008	7.116092e-001	1.000000e+000
9.909567052286708e-008	7.424061e-001	1.000000e+000
9.938863927286708e-008	7.721393e-001	1.000000e+000
9.968160802286707e-008	8.006094e-001	1.000000e+000
9.997457677286706e-008	8.276299e-001	1.000000e+000
1.002675455228671e-007	8.530319e-001	1.000000e+000
1.005605142728671e-007	8.766668e-001	1.000000e+000
1.008534830228671e-007	8.984101e-001	1.000000e+000
1.011464517728670e-007	9.181638e-001	1.000000e+000
1.014394205228670e-007	9.358593e-001	1.000000e+000
1.017323892728670e-007	9.514585e-001	1.000000e+000
1.020253580228670e-007	9.649549e-001	1.000000e+000
1.023183267728670e-007	9.763740e-001	1.000000e+000
1.026112955228670e-007	9.857731e-001	1.000000e+000
1.029042642728670e-007	9.932390e-001	1.000000e+000
1.031972330228670e-007	9.988865e-001	1.000000e+000
1.034902017728670e-007	1.002856e+000	1.000000e+000
1.037831705228670e-007	1.005308e+000	1.000000e+000
1.040761392728670e-007	1.006422e+000	1.000000e+000
1.043691080228670e-007	1.006389e+000	1.000000e+000
1.046620767728670e-007	1.005409e+000	1.000000e+000
1.049550455228670e-007	1.003685e+000	1.000000e+000
1.052480142728670e-007	1.001415e+000	1.000000e+000
1.055409830228670e-007	9.987922e-001	1.000000e+000
1.058339517728669e-007	9.959987e-001	1.000000e+000
1.061269205228669e-007	9.931988e-001	1.000000e+000
1.064198892728669e-007	9.905381e-001	1.000000e+000
1.067128580228669e-007	9.881400e-001	1.000000e+000
1.070058267728669e-007	9.860674e-001	1.000000e+000
1.072070312500000e-007	9.849162e-001	1.000000e+000
1.075000000000000e-007	9.835529e-001	1.000000e+000
1.075292968750000e-007	9.834567e-001	9.960938e-001
1.075878906250000e-007	9.832799e-001	9.882813e-001
1.077050781250000e-007	9.830022e-001	9.726563e-001
1.079394531250000e-007	9.826932e-001	9.414063e-001
1.082324218750000e-007	9.827075e-001	9.023438e-001
1.085253906250000e-007	9.831736e-001	8.632813e-001
1.088183593750000e-007	9.840736e-001	8.242188e-001
1.091113281250000e-007	9.853495e-001	7.851563e-001
1.094042968749999e-007	9.869325e-001	7.460938e-001
1.096972656249999e-007	9.887467e-001	7.070313e-001
1.099902343749999e-007	9.907132e-001	6.679688e-001
1.102832031249999e-007	9.927534e-001	6.289063e-001
1.105761718749999e-007	9.947925e-001	5.898438e-001
1.108691406249999e-007	9.967620e-001	5.507813e-001
1.111621093749999e-007	9.986029e-001	5.117188e-001
1.114550781249999e-007	1.000266e+000	4.726563e-001
1.117480468749999e-007	1.001714e+000	4.335938e-001
1.120410156249999e-007	1.002921e+000	3.945313e-001
1.123339843749999e-007	1.003875e+000	3.554688e-001
1.126269531249999e-007	1.004571e+000	3.164063e-001
1.129199218749999e-007	1.005018e+000	2.773438e-001
1.132128906249999e-007	1.005232e+000	2.382813e-001
1.135058593749999e-007	1.005233e+000	1.992188e-001
1.137988281249999e-007	1.005050e+000	1.601563e-001
1.140917968749999e-007	1.004712e+000	1.210938e-001
1.143847656249998e-007	1.004251e+000	8.203125e-002
1.146777343749998e-007	1.003712e+000	4.296875e-002
1.147070312500000e-007	1.003653e+000	3.906250e-002
1.147656250000003e-007	1.003531e+000	3.125000e-002
1.148828125000009e-007	1.003280e+000	1.562500e-002
1.150000000000000e-007	1.003026e+000	0.000000e+000
1.150351562499997e-007	1.002948e+000	0.000000e+000
1.150820312499993e-007	1.002843e+000	0.000000e+000
1.151757812499986e-007	1.002633e+000	0.000000e+000
1.153632812499971e-007	1.002210e+000	0.000000e+000
1.156562499999971e-007	1.001555e+000	0.000000e+000
1.159492187499971e-007	1.000922e+000	0.000000e+000
1.162421874999970e-007	1.000327e+000	0.000000e+000
1.165351562499970e-007	9.997864e-001	0.000000e+000
1.168281249999970e-007	9.993116e-001	0.000000e+000
1.171210937499970e-007	9.989133e-001	0.000000e+000
1.174140624999970e-007	9.985995e-001	0.000000e+000
1.177070312499970e-007	9.983767e-001	0.000000e+000
1.179999999999970e-007	9.982491e-001	0.000000e+000
1.182929687499970e-007	9.982152e-001	0.000000e+000
1.185388829550848e-007	9.982595e-001	0.000000e+000
1.187393470665887e-007	9.983482e-001	0.000000e+000
1.189259498670584e-007	9.984728e-001	0.000000e+000
1.191132823974928e-007	9.986362e-001	0.000000e+000
1.193206249736418e-007	9.988609e-001	0.000000e+000
1.196135937236418e-007	9.992398e-001	0.000000e+000
1.199065624736418e-007	9.996749e-001	0.000000e+000
1.201995312236418e-007	1.000154e+000	0.000000e+000
1.204363897452797e-007	1.000561e+000	0.000000e+000
1.206371385995031e-007	1.000911e+000	0.000000e+000
1.208396397418088e-007	1.001260e+000	0.000000e+000
1.210244205000668e-007	1.001566e+000	0.000000e+000
1.212204648563639e-007	1.001870e+000	0.000000e+000
1.214081322833495e-007	1.002131e+000	0.000000e+000
1.216775987433584e-007	1.002443e+000	0.000000e+000
1.219705674933584e-007	1.002697e+000	0.000000e+000
1.222024334138731e-007	1.002819e+000	0.000000e+000
1.224165799478533e-007	1.002856e+000	0.000000e+000
1.226321352548474e-007	1.002819e+000	0.000000e+000
1.228248296677015e-007	1.002723e+000	0.000000e+000
1.230176805594561e-007	1.002566e+000	0.000000e+000
1.232121210209899e-007	1.002349e+000	0.000000e+000
1.234091495008911e-007	1.002073e+000	0.000000e+000
1.236103461586287e-007	1.001738e+000	0.000000e+000
1.238735855345333e-007	1.001237e+000	0.000000e+000
1.241309649025733e-007	1.000701e+000	0.000000e+000
1.243673047920457e-007	1.000182e+000	0.000000e+000
1.245770890394159e-007	9.997172e-001	0.000000e+000
1.247763247780428e-007	9.992858e-001	0.000000e+000
1.249780845383431e-007	9.988722e-001	0.000000e+000
1.251683525873989e-007	9.985151e-001	0.000000e+000
1.253614911346281e-007	9.981965e-001	0.000000e+000
1.255569525961756e-007	9.979311e-001	0.000000e+000
1.257938279499679e-007	9.976931e-001	0.000000e+000
1.260273670578254e-007	9.975554e-001	0.000000e+000
1.262748393247644e-007	9.975196e-001	0.000000e+000
1.264843668485127e-007	9.975815e-001	0.000000e+000
1.266978255046925e-007	9.977347e-001	0.000000e+000
1.269149561229932e-007	9.979714e-001	0.000000e+000
1.271122053274507e-007	9.982513e-001	0.000000e+000
1.273119941404310e-007	9.985890e-001	0.000000e+000
1.275024266578526e-007	9.989501e-001	0.000000e+000
1.276950873126843e-007	9.993429e-001	0.000000e+000
1.279305094513843e-007	9.998392e-001	0.000000e+000
1.281476603641439e-007	1.000293e+000	0.000000e+000
1.283805137685139e-007	1.000754e+000	0.000000e+000
1.285939354175381e-007	1.001136e+000	0.000000e+000
1.287904586108464e-007	1.001434e+000	0.000000e+000
1.290110746412768e-007	1.001696e+000	0.000000e+000
1.292110097934524e-007	1.001860e+000	0.000000e+000
1.294026854108667e-007	1.001939e+000	0.000000e+000
1.295972313598757e-007	1.001936e+000	0.000000e+000
1.298098907837038e-007	1.001841e+000	0.000000e+000
1.300127422073703e-007	1.001662e+000	0.000000e+000
1.302355724944135e-007	1.001365e+000	0.000000e+000
1.305052675318035e-007	1.000901e+000	0.000000e+000
1.307183773716884e-007	1.000465e+000	0.000000e+000
1.309338203219012e-007	9.999735e-001	0.000000e+000
1.311313322888703e-007	9.994982e-001	0.000000e+000
1.313488449383636e-007	9.989671e-001	0.000000e+000
1.315453112289766e-007	9.984989e-001	0.000000e+000
1.317552770711128e-007	9.980285e-001	0.000000e+000
1.319470649582720e-007	9.976425e-001	0.000000e+000
1.321611912966540e-007	9.972786e-001	0.000000e+000
1.323867130772223e-007	9.969808e-001	0.000000e+000
1.325981011787833e-007	9.967951e-001	0.000000e+000
1.328151488850254e-007	9.967057e-001	0.000000e+000
1.330145231665324e-007	9.967171e-001	0.000000e+000
1.332191150982316e-007	9.968230e-001	0.000000e+000
1.334278518606517e-007	9.970211e-001	0.000000e+000
1.336424163273785e-007	9.973078e-001	0.000000e+000
1.338395332674167e-007	9.976357e-001	0.000000e+000
1.340494753219584e-007	9.980378e-001	0.000000e+000
1.342477004197868e-007	9.984497e-001	0.000000e+000
1.344638950970646e-007	9.989141e-001	0.000000e+000
1.347142449990629e-007	9.994434e-001	0.000000e+000
1.349241963689262e-007	9.998574e-001	0.000000e+000
1.351360228281392e-007	1.000225e+000	0.000000e+000
1.353350276063591e-007	1.000510e+000	0.000000e+000
1.355365717992611e-007	1.000724e+000	0.000000e+000
1.357379839738821e-007	1.000853e+000	0.000000e+000
1.359434284427651e-007	1.000894e+000	0.000000e+000
1.361387905497018e-007	1.000840e+000	0.000000e+000
1.363669911168627e-007	1.000669e+000	0.000000e+000
1.365773308821107e-007	1.000417e+000	0.000000e+000
1.367905074160548e-007	1.000076e+000	0.000000e+000
1.369973530787148e-007	9.996786e-001	0.000000e+000
1.371951615459138e-007	9.992499e-001	0.000000e+000
1.373981230883389e-007	9.987789e-001	0.000000e+000
1.376159131803203e-007	9.982612e-001	0.000000e+000
1.378256041702736e-007	9.977715e-001	0.000000e+000
1.380254882568214e-007	9.973328e-001	0.000000e+000
1.382328815819501e-007	9.969246e-001	0.000000e+000
1.384324302941917e-007	9.965938e-001	0.000000e+000
1.386449083059565e-007	9.963251e-001	0.000000e+000
1.388802559732831e-007	9.961320e-001	0.000000e+000
1.390870092289356e-007	9.960618e-001	0.000000e+000
1.392963336796848e-007	9.960917e-001	0.000000e+000
1.394963360849928e-007	9.962105e-001	0.000000e+000
1.396990308100561e-007	9.964146e-001	0.000000e+000
1.398979092669011e-007	9.966869e-001	0.000000e+000
1.401126923171253e-007	9.970443e-001	0.000000e+000
1.403079951123406e-007	9.974110e-001	0.000000e+000
1.405313525976113e-007	9.978581e-001	0.000000e+000
1.407365628697190e-007	9.982724e-001	0.000000e+000
1.409604905285822e-007	9.987057e-001	0.000000e+000
1.411646894114860e-007	9.990640e-001	0.000000e+000
1.413640307285357e-007	9.993604e-001	0.000000e+000
1.415659900976880e-007	9.995922e-001	0.000000e+000
1.417779864584310e-007	9.997503e-001	0.000000e+000
1.419921393840494e-007	9.998157e-001	0.000000e+000
1.421914998757371e-007	9.997835e-001	0.000000e+000
1.424070045906914e-007	9.996507e-001	0.000000e+000
1.426025331545645e-007	9.994462e-001	0.000000e+000
1.428155803535298e-007	9.991391e-001	0.000000e+000
1.430416724659835e-007	9.987398e-001	0.000000e+000
1.432454885400360e-007	9.983296e-001	0.000000e+000
1.434532658868276e-007	9.978796e-001	0.000000e+000
1.436538239601715e-007	9.974355e-001	0.000000e+000
1.438630046583866e-007	9.969821e-001	0.000000e+000
1.440619620152041e-007	9.965786e-001	0.000000e+000
1.442566543456026e-007	9.962271e-001	0.000000e+000
1.444537616812089e-007	9.959305e-001	0.000000e+000
1.446647025209677e-007	9.956903e-001	0.000000e+000
1.448772234763213e-007	9.955369e-001	0.000000e+000
1.450814175081706e-007	9.954807e-001	0.000000e+000
1.452886720908874e-007	9.955187e-001	0.000000e+000
1.455144168549057e-007	9.956586e-001	0.000000e+000
1.457180209555467e-007	9.958652e-001	0.000000e+000
1.459233845727434e-007	9.961421e-001	0.000000e+000
1.461207015870021e-007	9.964576e-001	0.000000e+000
1.463207550137922e-007	9.968107e-001	0.000000e+000
1.465157790344265e-007	9.971699e-001	0.000000e+000
1.467257448339688e-007	9.975523e-001	0.000000e+000
1.469534715353275e-007	9.979401e-001	0.000000e+000
1.471613111269490e-007	9.982501e-001	0.000000e+000
1.473632839247558e-007	9.984924e-001	0.000000e+000
1.475680093934899e-007	9.986654e-001	0.000000e+000
1.477792968739667e-007	9.987602e-001	0.000000e+000
1.479787291754319e-007	9.987653e-001	0.000000e+000
1.481811025520673e-007	9.986855e-001	0.000000e+000
1.483679331797180e-007	9.985382e-001	0.000000e+000
1.485555940626132e-007	9.983213e-001	0.000000e+000
1.487661212289430e-007	9.980113e-001	0.000000e+000
1.489642894802750e-007	9.976676e-001	0.000000e+000
1.491906105739342e-007	9.972328e-001	0.000000e+000
1.493947716056632e-007	9.968221e-001	0.000000e+000
1.496161339695603e-007	9.963789e-001	0.000000e+000
1.498347253572141e-007	9.959654e-001	0.000000e+000
1.500389784830507e-007	9.956198e-001	0.000000e+000
1.502348989746658e-007	9.953417e-001	0.000000e+000
1.504349327209106e-007	9.951248e-001	0.000000e+000
1.506473629236889e-007	9.949750e-001	0.000000e+000
1.508497646882911e-007	9.949160e-001	0.000000e+000
1.510646289667484e-007	9.949439e-001	0.000000e+000
1.512704648025222e-007	9.950541e-001	0.000000e+000
1.514862890019884e-007	9.952502e-001	0.000000e+000
1.517038147720831e-007	9.955153e-001	0.000000e+000
1.519085497801987e-007	9.958129e-001	0.000000e+000
1.521047816171930e-007	9.961269e-001	0.000000e+000
1.523059999966075e-007	9.964604e-001	0.000000e+000
1.525045243879189e-007	9.967828e-001	0.000000e+000
1.527058508502784e-007	9.970860e-001	0.000000e+000
1.529059478179515e-007	9.973472e-001	0.000000e+000
1.531129882685835e-007	9.975601e-001	0.000000e+000
1.533275731306276e-007	9.977080e-001	0.000000e+000
1.535376555165741e-007	9.977735e-001	0.000000e+000
1.537322401749235e-007	9.977575e-001	0.000000e+000
1.539290443495055e-007	9.976650e-001	0.000000e+000
1.541293529043417e-007	9.974975e-001	0.000000e+000
1.543358912888841e-007	9.972553e-001	0.000000e+000
1.545499225712714e-007	9.969440e-001	0.000000e+000
1.547503852349761e-007	9.966100e-001	0.000000e+000
1.549419773776383e-007	9.962659e-001	0.000000e+000
1.551350114738270e-007	9.959110e-001	0.000000e+000
1.553557188100887e-007	9.955153e-001	0.000000e+000
1.555731295274070e-007	9.951551e-001	0.000000e+000
1.557814681140523e-007	9.948546e-001	0.000000e+000
1.559740490298545e-007	9.946300e-001	0.000000e+000
1.561691538883856e-007	9.944662e-001	0.000000e+000
1.563800057428395e-007	9.943657e-001	0.000000e+000
1.565907656558563e-007	9.943457e-001	0.000000e+000
1.567955504017309e-007	9.944037e-001	0.000000e+000
1.569921417607058e-007	9.945289e-001	0.000000e+000
1.572070133996255e-007	9.947323e-001	0.000000e+000
1.574170030692696e-007	9.949834e-001	0.000000e+000
1.576329023001747e-007	9.952803e-001	0.000000e+000
1.578654595433194e-007	9.956200e-001	0.000000e+000
1.581100496152325e-007	9.959719e-001	0.000000e+000
1.583565666744614e-007	9.962935e-001	0.000000e+000
1.585977599812462e-007	9.965529e-001	0.000000e+000
1.588098407322354e-007	9.967200e-001	0.000000e+000
1.589853113086085e-007	9.968005e-001	0.000000e+000
1.591904314132970e-007	9.968245e-001	0.000000e+000
1.593868465999179e-007	9.967787e-001	0.000000e+000
1.595937437819876e-007	9.966555e-001	0.000000e+000
1.598162954465094e-007	9.964476e-001	0.000000e+000
1.600373512736980e-007	9.961740e-001	0.000000e+000
1.602877459548596e-007	9.958045e-001	0.000000e+000
1.605372457067267e-007	9.954013e-001	0.000000e+000
1.608001124198372e-007	9.949707e-001	0.000000e+000
1.610833857909759e-007	9.945400e-001	0.000000e+000
1.613763545409759e-007	9.941688e-001	0.000000e+000
1.616561873539847e-007	9.939155e-001	0.000000e+000
1.619194384724455e-007	9.937897e-001	0.000000e+000
1.621804317583919e-007	9.937776e-001	0.000000e+000
1.624054028325897e-007	9.938596e-001	0.000000e+000
1.626588264932678e-007	9.940435e-001	0.000000e+000
1.629043375359984e-007	9.942930e-001	0.000000e+000
1.631973062859984e-007	9.946492e-001	0.000000e+000
1.634800001169028e-007	9.950120e-001	0.000000e+000
1.637729688669028e-007	9.953653e-001	0.000000e+000
1.640659376169028e-007	9.956525e-001	0.000000e+000
1.643589063669028e-007	9.958532e-001	0.000000e+000
1.645151780952984e-007	9.959090e-001	0.000000e+000
1.646947870152020e-007	9.959156e-001	0.000000e+000
1.648729025692449e-007	9.958639e-001	0.000000e+000
1.651625093018089e-007	9.956748e-001	0.000000e+000
1.654554780518089e-007	9.953812e-001	0.000000e+000
1.657484468018089e-007	9.950016e-001	0.000000e+000
1.660371457293037e-007	9.945806e-001	0.000000e+000
1.663086370431768e-007	9.941806e-001	0.000000e+000
1.666016057931768e-007	9.937875e-001	0.000000e+000
1.668945745431768e-007	9.934717e-001	0.000000e+000
1.671875432931768e-007	9.932642e-001	0.000000e+000
1.674805120431768e-007	9.931829e-001	0.000000e+000
1.677734807931768e-007	9.932312e-001	0.000000e+000
1.680664495431769e-007	9.933943e-001	0.000000e+000
1.683117916677672e-007	9.936040e-001	0.000000e+000
1.685033989238362e-007	9.938056e-001	0.000000e+000
1.687209755018461e-007	9.940559e-001	0.000000e+000
1.689188877944320e-007	9.942850e-001	0.000000e+000
1.691776705013769e-007	9.945635e-001	0.000000e+000
1.694357733578477e-007	9.947924e-001	0.000000e+000
1.697239075481930e-007	9.949624e-001	0.000000e+000
1.700168762981930e-007	9.950246e-001	0.000000e+000
1.703098450481930e-007	9.949631e-001	0.000000e+000
1.706028137981930e-007	9.947815e-001	0.000000e+000
1.708957825481930e-007	9.944982e-001	0.000000e+000
1.711728841901019e-007	9.941615e-001	0.000000e+000
1.714622586505465e-007	9.937742e-001	0.000000e+000
1.717552274005465e-007	9.933861e-001	0.000000e+000
1.720400989694214e-007	9.930512e-001	0.000000e+000
1.723330677194214e-007	9.927850e-001	0.000000e+000
1.726260364694214e-007	9.926226e-001	0.000000e+000
1.729190052194214e-007	9.925776e-001	0.000000e+000
1.732119739694214e-007	9.926493e-001	0.000000e+000
1.735049427194214e-007	9.928236e-001	0.000000e+000
1.737979114694214e-007	9.930739e-001	0.000000e+000
1.740908802194214e-007	9.933655e-001	0.000000e+000
1.743696380620413e-007	9.936448e-001	0.000000e+000
1.746626068120413e-007	9.939054e-001	0.000000e+000
1.749077055660288e-007	9.940737e-001	0.000000e+000
1.751217705391418e-007	9.941653e-001	0.000000e+000
1.753327545110175e-007	9.941908e-001	0.000000e+000
1.756243521141760e-007	9.941270e-001	0.000000e+000
1.759173208641760e-007	9.939609e-001	0.000000e+000
1.762102896141760e-007	9.937011e-001	0.000000e+000
1.765032583641760e-007	9.933746e-001	0.000000e+000
1.767962271141760e-007	9.930165e-001	0.000000e+000
1.770891958641760e-007	9.926652e-001	0.000000e+000
1.773821646141760e-007	9.923580e-001	0.000000e+000
1.776751333641760e-007	9.921264e-001	0.000000e+000
1.779681021141760e-007	9.919928e-001	0.000000e+000
1.782610708641760e-007	9.919674e-001	0.000000e+000
1.785540396141760e-007	9.920465e-001	0.000000e+000
1.788340185423118e-007	9.922068e-001	0.000000e+000
1.791142993407497e-007	9.924281e-001	0.000000e+000
1.794072680907497e-007	9.926905e-001	0.000000e+000
1.797002368407497e-007	9.929484e-001	0.000000e+000
1.799932055907497e-007	9.931661e-001	0.000000e+000
1.802861743407497e-007	9.933130e-001	0.000000e+000
1.805791430907497e-007	9.933668e-001	0.000000e+000
1.808721118407497e-007	9.933174e-001	0.000000e+000
1.811650805907497e-007	9.931669e-001	0.000000e+000
1.814580493407497e-007	9.929298e-001	0.000000e+000
1.817510180907497e-007	9.926311e-001	0.000000e+000
1.820439868407497e-007	9.923031e-001	0.000000e+000
1.823369555907497e-007	9.919814e-001	0.000000e+000
1.826299243407497e-007	9.917004e-001	0.000000e+000
1.829228930907498e-007	9.914889e-001	0.000000e+000
1.832111793488941e-007	9.913691e-001	0.000000e+000
1.835041480988941e-007	9.913461e-001	0.000000e+000
1.837971168488941e-007	9.914186e-001	0.000000e+000
1.840900855988941e-007	9.915720e-001	0.000000e+000
1.843830543488941e-007	9.917817e-001	0.000000e+000
1.846760230988942e-007	9.920158e-001	0.000000e+000
1.849689918488942e-007	9.922429e-001	0.000000e+000
1.852024569611003e-007	9.923952e-001	0.000000e+000
1.854554905038481e-007	9.925085e-001	0.000000e+000
1.857339898023434e-007	9.925592e-001	0.000000e+000
1.860269585523434e-007	9.925212e-001	0.000000e+000
1.863199273023435e-007	9.923893e-001	0.000000e+000
1.866128960523435e-007	9.921740e-001	0.000000e+000
1.869058648023435e-007	9.918970e-001	0.000000e+000
1.871644209250228e-007	9.916223e-001	0.000000e+000
1.873803804741938e-007	9.913866e-001	0.000000e+000
1.875954064209619e-007	9.911634e-001	0.000000e+000
1.878539346541965e-007	9.909291e-001	0.000000e+000
1.881469034041965e-007	9.907203e-001	0.000000e+000
1.883963642547571e-007	9.906043e-001	0.000000e+000
1.886663160780229e-007	9.905507e-001	0.000000e+000
1.889312052838657e-007	9.905648e-001	0.000000e+000
1.892241740338658e-007	9.906433e-001	0.000000e+000
1.895171427838658e-007	9.907621e-001	0.000000e+000
1.898101115338658e-007	9.908918e-001	0.000000e+000
1.901030802838658e-007	9.910005e-001	0.000000e+000
1.903477203528371e-007	9.910520e-001	0.000000e+000
1.905558911980029e-007	9.910472e-001	0.000000e+000
1.907908503741173e-007	9.909719e-001	0.000000e+000
1.910716068473391e-007	9.907815e-001	0.000000e+000
1.913645755973391e-007	9.904734e-001	0.000000e+000
1.915555852448352e-007	9.901999e-001	0.000000e+000
1.918037055835024e-007	9.897579e-001	0.000000e+000
1.920399868801255e-007	9.892633e-001	0.000000e+000
1.923329556301255e-007	9.885624e-001	0.000000e+000
1.926259243801255e-007	9.877868e-001	0.000000e+000
1.929188931301255e-007	9.869474e-001	0.000000e+000
1.932118618801255e-007	9.860538e-001	0.000000e+000
1.935048306301255e-007	9.851062e-001	0.000000e+000
1.937977993801255e-007	9.840963e-001	0.000000e+000
1.940482706330558e-007	9.831675e-001	0.000000e+000
1.942637519447063e-007	9.822974e-001	0.000000e+000
1.944820765215561e-007	9.813217e-001	0.000000e+000
1.947395759668608e-007	9.800186e-001	0.000000e+000
1.950325447168608e-007	9.782995e-001	0.000000e+000
1.953255134668608e-007	9.762697e-001	0.000000e+000
1.956184822168608e-007	9.738560e-001	0.000000e+000
1.959114509668608e-007	9.709947e-001	0.000000e+000
1.962044197168608e-007	9.676267e-001	0.000000e+000
1.964973884668608e-007	9.636998e-001	0.000000e+000
1.967903572168608e-007	9.591686e-001	0.000000e+000
1.970833259668609e-007	9.540129e-001	0.000000e+000
1.973439554604278e-007	9.488685e-001	0.000000e+000
1.975852842853282e-007	9.435837e-001	0.000000e+000
1.978404006981031e-007	9.374196e-001	0.000000e+000
1.981333694481031e-007	9.296389e-001	0.000000e+000
1.984052479894249e-007	9.216977e-001	0.000000e+000
1.986982167394249e-007	9.122881e-001	0.000000e+000
1.989911854894250e-007	9.019650e-001	0.000000e+000
1.992841542394250e-007	8.906423e-001	0.000000e+000
1.995771229894250e-007	8.782424e-001	0.000000e+000
1.998700917394250e-007	8.646842e-001	0.000000e+000
2.001630604894250e-007	8.498875e-001	0.000000e+000
2.004560292394250e-007	8.337777e-001	0.000000e+000
2.007489979894250e-007	8.162910e-001	0.000000e+000
2.010419667394250e-007	7.973789e-001	0.000000e+000
2.013349354894250e-007	7.770121e-001	0.000000e+000
2.016279042394250e-007	7.551834e-001	0.000000e+000
2.019208729894250e-007	7.319720e-001	0.000000e+000
2.021605938467544e-007	7.119286e-001	0.000000e+000
2.023987456226401e-007	6.910619e-001	0.000000e+000
2.026361682285759e-007	6.694258e-001	0.000000e+000
2.028471537645957e-007	6.495206e-001	0.000000e+000
2.030581532896266e-007	6.290015e-001	0.000000e+000
2.032636459931175e-007	6.084383e-001	0.000000e+000
2.035566147431175e-007	5.783096e-001	0.000000e+000
2.038495834931175e-007	5.474131e-001	0.000000e+000
2.041425522431175e-007	5.158131e-001	0.000000e+000
2.044355209931175e-007	4.836579e-001	0.000000e+000
2.047284897431175e-007	4.511124e-001	0.000000e+000
2.049610578631002e-007	4.250901e-001	0.000000e+000
2.052186869244277e-007	3.961790e-001	0.000000e+000
2.054141531474047e-007	3.742589e-001	0.000000e+000
2.055905247787826e-007	3.545533e-001	0.000000e+000
2.058044770638146e-007	3.308089e-001	0.000000e+000
2.060261865889824e-007	3.064633e-001	0.000000e+000
2.062711367485878e-007	2.800070e-001	0.000000e+000
2.065641054985878e-007	2.491000e-001	0.000000e+000
2.068570742485878e-007	2.191669e-001	0.000000e+000
2.071500429985878e-007	1.904153e-001	0.000000e+000
2.074155069355352e-007	1.655760e-001	0.000000e+000
2.076768355111113e-007	1.424378e-001	0.000000e+000
2.079400356255173e-007	1.205362e-001	0.000000e+000
2.081903940785166e-007	1.010769e-001	0.000000e+000
2.084116086270232e-007	8.511356e-002	0.000000e+000
2.086320197105163e-007	7.040989e-002	0.000000e+000
2.088394742435887e-007	5.778925e-002	0.000000e+000
2.091324429935887e-007	4.184124e-002	0.000000e+000
2.094254117435887e-007	2.789922e-002	0.000000e+000
2.097183804935887e-007	1.608569e-002	0.000000e+000
2.100113492435887e-007	6.328663e-003	0.000000e+000
2.103043179935888e-007	-1.477025e-003	0.000000e+000
2.105972867435888e-007	-7.464573e-003	0.000000e+000
2.108902554935888e-007	-1.184193e-002	0.000000e+000
2.111397070988271e-007	-1.441083e-002	0.000000e+000
2.113531150948800e-007	-1.578640e-002	0.000000e+000
2.115660870573653e-007	-1.649875e-002	0.000000e+000
2.117675611188943e-007	-1.660929e-002	0.000000e+000
2.120547702144202e-007	-1.602122e-002	0.000000e+000
2.123477389644202e-007	-1.474951e-002	0.000000e+000
2.126407077144202e-007	-1.290579e-002	0.000000e+000
2.129336764644202e-007	-1.065725e-002	0.000000e+000
2.132266452144202e-007	-8.166026e-003	0.000000e+000
2.135196139644202e-007	-5.578684e-003	0.000000e+000
2.137570429178646e-007	-3.492336e-003	0.000000e+000
2.139028977716723e-007	-2.251497e-003	0.000000e+000
2.140494066943554e-007	-1.069261e-003	0.000000e+000
2.142437610320799e-007	3.885836e-004	0.000000e+000
2.144458668518583e-007	1.750161e-003	0.000000e+000
2.146654844593379e-007	3.018486e-003	0.000000e+000
2.148809059912399e-007	4.019403e-003	0.000000e+000
2.151092460364171e-007	4.794064e-003	0.000000e+000
2.153305881867134e-007	5.250518e-003	0.000000e+000
2.155543954869265e-007	5.411692e-003	0.000000e+000
2.157558363298824e-007	5.270266e-003	0.000000e+000
2.160421840881473e-007	4.647958e-003	0.000000e+000
2.163351528381473e-007	3.587744e-003	0.000000e+000
2.166281215881473e-007	2.125676e-003	0.000000e+000
2.169142164501144e-007	3.828059e-004	0.000000e+000
2.171808288966341e-007	-1.449327e-003	0.000000e+000
2.173997641125892e-007	-3.057432e-003	0.000000e+000
2.175756596591078e-007	-4.389828e-003	0.000000e+000
2.177228507232992e-007	-5.514481e-003	0.000000e+000
2.178307547959473e-007	-6.334896e-003	0.000000e+000
2.179768452687440e-007	-7.428948e-003	0.000000e+000
2.181381874223337e-007	-8.598276e-003	0.000000e+000
2.183972081598513e-007	-1.036649e-002	0.000000e+000
2.186901769098513e-007	-1.218341e-002	0.000000e+000
2.189831456598513e-007	-1.375883e-002	0.000000e+000
2.192761144098513e-007	-1.506012e-002	0.000000e+000
2.195690831598514e-007	-1.607852e-002	0.000000e+000
2.198620519098514e-007	-1.682195e-002	0.000000e+000
2.201550206598514e-007	-1.731178e-002	0.000000e+000
2.204479894098514e-007	-1.758832e-002	0.000000e+000
2.206756772281772e-007	-1.766949e-002	0.000000e+000
2.209056140661567e-007	-1.764331e-002	0.000000e+000
2.211653064004319e-007	-1.751717e-002	0.000000e+000
2.214582751504319e-007	-1.728391e-002	0.000000e+000
2.217512439004319e-007	-1.697677e-002	0.000000e+000
2.220442126504319e-007	-1.661173e-002	0.000000e+000
2.223371814004319e-007	-1.620186e-002	0.000000e+000
2.226301501504319e-007	-1.575555e-002	0.000000e+000
2.229209645137991e-007	-1.528195e-002	0.000000e+000
2.232139332637991e-007	-1.477937e-002	0.000000e+000
2.235069020137992e-007	-1.425858e-002	0.000000e+000
2.237998707637992e-007	-1.372951e-002	0.000000e+000
2.240153914630067e-007	-1.334314e-002	0.000000e+000
2.242403774610847e-007	-1.295288e-002	0.000000e+000
2.244746563644877e-007	-1.257441e-002	0.000000e+000
2.247676251144877e-007	-1.215811e-002	0.000000e+000
2.250605938644877e-007	-1.182481e-002	0.000000e+000
2.253535626144877e-007	-1.160107e-002	0.000000e+000
2.256465313644877e-007	-1.150668e-002	0.000000e+000
2.259395001144877e-007	-1.155459e-002	0.000000e+000
2.262324688644877e-007	-1.174103e-002	0.000000e+000
2.264578481698848e-007	-1.198326e-002	0.000000e+000
2.266982759728511e-007	-1.233488e-002	0.000000e+000
2.269576438443134e-007	-1.279633e-002	0.000000e+000
2.272227187334170e-007	-1.333392e-002	0.000000e+000
2.274654029109084e-007	-1.386521e-002	0.000000e+000
2.277583716609084e-007	-1.452204e-002	0.000000e+000
2.280513404109084e-007	-1.516133e-002	0.000000e+000
2.282934640467338e-007	-1.565106e-002	0.000000e+000
2.285225421038998e-007	-1.605875e-002	0.000000e+000
2.287686821269226e-007	-1.642254e-002	0.000000e+000
2.290117968046077e-007	-1.670090e-002	0.000000e+000
2.292099591068590e-007	-1.685879e-002	0.000000e+000
2.294023012075727e-007	-1.693858e-002	0.000000e+000
2.296952699575728e-007	-1.694303e-002	0.000000e+000
2.299882387075728e-007	-1.683418e-002	0.000000e+000
2.301967556918962e-007	-1.668099e-002	0.000000e+000
2.304043685314126e-007	-1.646666e-002	0.000000e+000
2.306273002225531e-007	-1.618323e-002	0.000000e+000
2.309024129491019e-007	-1.578178e-002	0.000000e+000
2.310788703732032e-007	-1.549965e-002	0.000000e+000
2.313153186190602e-007	-1.510045e-002	0.000000e+000
2.314895689215802e-007	-1.480004e-002	0.000000e+000
2.315835735580292e-007	-1.463719e-002	0.000000e+000
2.317067676307946e-007	-1.442543e-002	0.000000e+000
2.318341544554385e-007	-1.421066e-002	0.000000e+000
2.320033191006429e-007	-1.393490e-002	0.000000e+000
2.321775815083603e-007	-1.366616e-002	0.000000e+000
2.323837936209542e-007	-1.337365e-002	0.000000e+000
2.325869831532636e-007	-1.312052e-002	0.000000e+000
2.328460973861998e-007	-1.285610e-002	0.000000e+000
2.331079933639964e-007	-1.265704e-002	0.000000e+000
2.333234367914401e-007	-1.255626e-002	0.000000e+000
2.335393152637126e-007	-1.252010e-002	0.000000e+000
2.337507067456117e-007	-1.254945e-002	0.000000e+000
2.339839048241086e-007	-1.265440e-002	0.000000e+000
2.341957398872266e-007	-1.281450e-002	0.000000e+000
2.344012412175371e-007	-1.303038e-002	0.000000e+000
2.346128987420525e-007	-1.331005e-002	0.000000e+000
2.348418498480109e-007	-1.366894e-002	0.000000e+000
2.350921887504436e-007	-1.411156e-002	0.000000e+000
2.352937037981863e-007	-1.449659e-002	0.000000e+000
2.355159146176860e-007	-1.493676e-002	0.000000e+000
2.357844014623339e-007	-1.546452e-002	0.000000e+000
2.360047580191927e-007	-1.587626e-002	0.000000e+000
2.362000038347363e-007	-1.620764e-002	0.000000e+000
2.363866272792492e-007	-1.647728e-002	0.000000e+000
2.366319162644980e-007	-1.675122e-002	0.000000e+000
2.368672004794999e-007	-1.691773e-002	0.000000e+000
2.371052221880135e-007	-1.697522e-002	0.000000e+000
2.373138483804413e-007	-1.692518e-002	0.000000e+000
2.375262588697984e-007	-1.676848e-002	0.000000e+000
2.377804536766678e-007	-1.645824e-002	0.000000e+000
2.380303601006008e-007	-1.604307e-002	0.000000e+000
2.382499772098840e-007	-1.559768e-002	0.000000e+000
2.384516696791239e-007	-1.513730e-002	0.000000e+000
2.386230593707359e-007	-1.472090e-002	0.000000e+000
2.387935218734954e-007	-1.429864e-002	0.000000e+000
2.390501197684061e-007	-1.368122e-002	0.000000e+000
2.393318387328605e-007	-1.305589e-002	0.000000e+000
2.395254853841637e-007	-1.268701e-002	0.000000e+000
2.397368316771770e-007	-1.236822e-002	0.000000e+000
2.399311407800591e-007	-1.216960e-002	0.000000e+000
2.401969528523586e-007	-1.204943e-002	0.000000e+000
2.404405550912816e-007	-1.208116e-002	0.000000e+000
2.406231480320564e-007	-1.220980e-002	0.000000e+000
2.408022622246481e-007	-1.242980e-002	0.000000e+000
2.410340913015201e-007	-1.282294e-002	0.000000e+000
2.412854562828730e-007	-1.334728e-002	0.000000e+000
2.414569886641502e-007	-1.375612e-002	0.000000e+000
2.416240699672196e-007	-1.418512e-002	0.000000e+000
2.418361773916538e-007	-1.474288e-002	0.000000e+000
2.420370968769453e-007	-1.526236e-002	0.000000e+000
2.422393014554614e-007	-1.575471e-002	0.000000e+000
2.424284140848554e-007	-1.616517e-002	0.000000e+000
2.426431940263533e-007	-1.655368e-002	0.000000e+000
2.428480071832629e-007	-1.682737e-002	0.000000e+000
2.430953424159895e-007	-1.701641e-002	0.000000e+000
2.433443505466371e-007	-1.706525e-002	0.000000e+000
2.434958247733026e-007	-1.701437e-002	0.000000e+000
2.436320396166005e-007	-1.690612e-002	0.000000e+000
2.437858994930689e-007	-1.672168e-002	0.000000e+000
2.440014944858462e-007	-1.638117e-002	0.000000e+000
2.441835759452167e-007	-1.603163e-002	0.000000e+000
2.443503297700383e-007	-1.566444e-002	0.000000e+000
2.445359944165357e-007	-1.522083e-002	0.000000e+000
2.447954233205352e-007	-1.457882e-002	0.000000e+000
2.450092908364413e-007	-1.405832e-002	0.000000e+000
2.452466181025387e-007	-1.352187e-002	0.000000e+000
2.454732995199887e-007	-1.308247e-002	0.000000e+000
2.457411305392809e-007	-1.266925e-002	0.000000e+000
2.459017536648523e-007	-1.249560e-002	0.000000e+000
2.461083205978848e-007	-1.237538e-002	0.000000e+000
2.463212609341938e-007	-1.236089e-002	0.000000e+000
2.465771252089493e-007	-1.248373e-002	0.000000e+000
2.468135135636834e-007	-1.272001e-002	0.000000e+000
2.470428606570054e-007	-1.305180e-002	0.000000e+000
2.472415673424483e-007	-1.340509e-002	0.000000e+000
2.474271652860317e-007	-1.377611e-002	0.000000e+000
2.475791268009171e-007	-1.409873e-002	0.000000e+000
2.477262783845764e-007	-1.441751e-002	0.000000e+000
2.479590588490786e-007	-1.491236e-002	0.000000e+000
2.481850771017632e-007	-1.536631e-002	0.000000e+000
2.483423009776628e-007	-1.565053e-002	0.000000e+000
2.485280307519374e-007	-1.593449e-002	0.000000e+000
2.487582002582434e-007	-1.620691e-002	0.000000e+000
2.489893590826161e-007	-1.638264e-002	0.000000e+000
2.492228087679308e-007	-1.644811e-002	0.000000e+000
2.494675903606190e-007	-1.639854e-002	0.000000e+000
2.496970639175784e-007	-1.625237e-002	0.000000e+000
2.498701140686169e-007	-1.607812e-002	0.000000e+000
2.500461952110637e-007	-1.584859e-002	0.000000e+000
2.502338964440983e-007	-1.556147e-002	0.000000e+000
2.504298262780449e-007	-1.522804e-002	0.000000e+000
2.506362760665034e-007	-1.485487e-002	0.000000e+000
2.508490645654392e-007	-1.446437e-002	0.000000e+000
2.510579510723493e-007	-1.409281e-002	0.000000e+000
2.512722898539793e-007	-1.373767e-002	0.000000e+000
2.514272209992818e-007	-1.350887e-002	0.000000e+000
2.516047290460605e-007	-1.328987e-002	0.000000e+000
2.518377843148493e-007	-1.306935e-002	0.000000e+000
2.520486369871657e-007	-1.294407e-002	0.000000e+000
2.522850339561858e-007	-1.289313e-002	0.000000e+000
2.524804466948250e-007	-1.292490e-002	0.000000e+000
2.527024426556983e-007	-1.304207e-002	0.000000e+000
2.529160767443778e-007	-1.322411e-002	0.000000e+000
2.531310647832533e-007	-1.347194e-002	0.000000e+000
2.534152567514173e-007	-1.386562e-002	0.000000e+000
2.536291175465074e-007	-1.419382e-002	0.000000e+000
2.537796469771632e-007	-1.443623e-002	0.000000e+000
2.539323168913493e-007	-1.468298e-002	0.000000e+000
2.540816679786180e-007	-1.491589e-002	0.000000e+000
2.543212636933330e-007	-1.525841e-002	0.000000e+000
2.545877812919740e-007	-1.558512e-002	0.000000e+000
2.548013370166720e-007	-1.578720e-002	0.000000e+000
2.550122737056697e-007	-1.592010e-002	0.000000e+000
2.552040987421500e-007	-1.597871e-002	0.000000e+000
2.553965027848753e-007	-1.597072e-002	0.000000e+000
2.556255450556035e-007	-1.588495e-002	0.000000e+000
2.557995446663952e-007	-1.576304e-002	0.000000e+000
2.560088959016625e-007	-1.555163e-002	0.000000e+000
2.562302972170419e-007	-1.526971e-002	0.000000e+000
2.564676125703191e-007	-1.491507e-002	0.000000e+000
2.567163865030428e-007	-1.450738e-002	0.000000e+000
2.569576501319275e-007	-1.409994e-002	0.000000e+000
2.571960424431525e-007	-1.370992e-002	0.000000e+000
2.574358981333742e-007	-1.335045e-002	0.000000e+000
2.576221202873435e-007	-1.311155e-002	0.000000e+000
2.578404980364296e-007	-1.288963e-002	0.000000e+000
2.580383824769355e-007	-1.275246e-002	0.000000e+000
2.582895444226917e-007	-1.267323e-002	0.000000e+000
2.585415146911851e-007	-1.269688e-002	0.000000e+000
2.588139293625853e-007	-1.283297e-002	0.000000e+000
2.590462706353837e-007	-1.303062e-002	0.000000e+000
2.592826765079294e-007	-1.329171e-002	0.000000e+000
2.593975851800701e-007	-1.343615e-002	0.000000e+000
2.594985740606762e-007	-1.357182e-002	0.000000e+000
2.595935185261149e-007	-1.370249e-002	0.000000e+000
2.597588252524339e-007	-1.392990e-002	0.000000e+000
2.599403378235668e-007	-1.416821e-002	0.000000e+000
2.601831829525526e-007	-1.445106e-002	0.000000e+000
2.604178540779946e-007	-1.466419e-002	0.000000e+000
2.606614154427663e-007	-1.479731e-002	0.000000e+000
2.608989342263029e-007	-1.482256e-002	0.000000e+000
2.611384321100989e-007	-1.472912e-002	0.000000e+000
2.613813204953243e-007	-1.450613e-002	0.000000e+000
2.616432242674052e-007	-1.413651e-002	0.000000e+000
2.618312700573409e-007	-1.378696e-002	0.000000e+000
2.620594539501048e-007	-1.327429e-002	0.000000e+000
2.623198027603438e-007	-1.261409e-002	0.000000e+000
2.625774216947424e-007	-1.191020e-002	0.000000e+000
2.628522511777586e-007	-1.114164e-002	0.000000e+000
2.631370757839282e-007	-1.036862e-002	0.000000e+000
2.634108649092993e-007	-9.684836e-003	0.000000e+000
2.636886589802684e-007	-9.079988e-003	0.000000e+000
2.639734271888115e-007	-8.558817e-003	0.000000e+000
2.641728970875515e-007	-8.255189e-003	0.000000e+000
2.642946699094159e-007	-8.099751e-003	0.000000e+000
2.644284353005271e-007	-7.952097e-003	0.000000e+000
2.645637983476829e-007	-7.820788e-003	0.000000e+000
2.647658461788973e-007	-7.645662e-003	0.000000e+000
2.649636732024150e-007	-7.482155e-003	0.000000e+000
2.651946097237809e-007	-7.280184e-003	0.000000e+000
2.654071046477008e-007	-7.058105e-003	0.000000e+000
2.656310853749876e-007	-6.749585e-003	0.000000e+000
2.659135695327149e-007	-6.221502e-003	0.000000e+000
2.661788832562950e-007	-5.552661e-003	0.000000e+000
2.664354929005921e-007	-4.703001e-003	0.000000e+000
2.666991273490428e-007	-3.598012e-003	0.000000e+000
2.669920960990428e-007	-2.097795e-003	0.000000e+000
2.672850648490429e-007	-3.394015e-004	0.000000e+000
2.675106501646184e-007	1.185108e-003	0.000000e+000
2.676864819639737e-007	2.479332e-003	0.000000e+000
2.678745822757608e-007	3.950311e-003	0.000000e+000
2.680779469935640e-007	5.616282e-003	0.000000e+000
2.683004098454440e-007	7.508697e-003	0.000000e+000
2.685535897656716e-007	9.723199e-003	0.000000e+000
2.688016417755092e-007	1.193239e-002	0.000000e+000
2.690242834927160e-007	1.393618e-002	0.000000e+000
2.692499894805778e-007	1.598013e-002	0.000000e+000
2.695032174258475e-007	1.828770e-002	0.000000e+000
2.697658752249165e-007	2.070691e-002	0.000000e+000
2.700119487906165e-007	2.301555e-002	0.000000e+000
2.702366058810548e-007	2.518266e-002	0.000000e+000
2.704501553631559e-007	2.732105e-002	0.000000e+000
2.706647918520356e-007	2.958553e-002	0.000000e+000
2.709577606020356e-007	3.289134e-002	0.000000e+000
2.712507293520356e-007	3.647820e-002	0.000000e+000
2.715436981020356e-007	4.041070e-002	0.000000e+000
2.718366668520356e-007	4.472426e-002	0.000000e+000
2.721296356020356e-007	4.942793e-002	0.000000e+000
2.724000192820156e-007	5.409845e-002	0.000000e+000
2.725969467678431e-007	5.771238e-002	0.000000e+000
2.728098423810996e-007	6.181259e-002	0.000000e+000
2.730152478753051e-007	6.592725e-002	0.000000e+000
2.732541129735871e-007	7.088004e-002	0.000000e+000
2.735022089956607e-007	7.617501e-002	0.000000e+000
2.737915088786982e-007	8.249200e-002	0.000000e+000
2.740844776286982e-007	8.898798e-002	0.000000e+000
2.743774463786982e-007	9.553912e-002	0.000000e+000
2.746704151286982e-007	1.021078e-001	0.000000e+000
2.749202224492439e-007	1.077037e-001	0.000000e+000
2.751839096516004e-007	1.135970e-001	0.000000e+000
2.754367731898658e-007	1.192364e-001	0.000000e+000
2.757047226858784e-007	1.252069e-001	0.000000e+000
2.759697475168870e-007	1.311173e-001	0.000000e+000
2.762143293669070e-007	1.365864e-001	0.000000e+000
2.764581065238233e-007	1.420593e-001	0.000000e+000
2.767474757308938e-007	1.485834e-001	0.000000e+000
2.770404444808938e-007	1.552063e-001	0.000000e+000
2.773334132308938e-007	1.618204e-001	0.000000e+000
2.776263819808938e-007	1.683792e-001	0.000000e+000
2.779193507308938e-007	1.748185e-001	0.000000e+000
2.782123194808938e-007	1.810582e-001	0.000000e+000
2.785052882308938e-007	1.870125e-001	0.000000e+000
2.787839629918836e-007	1.923321e-001	0.000000e+000
2.790326858720541e-007	1.967036e-001	0.000000e+000
2.793058647181003e-007	2.010137e-001	0.000000e+000
2.795978439970574e-007	2.050128e-001	0.000000e+000
2.798908127470574e-007	2.083264e-001	0.000000e+000
2.801837814970574e-007	2.108752e-001	0.000000e+000
2.804767502470574e-007	2.126200e-001	0.000000e+000
2.807697189970574e-007	2.135382e-001	0.000000e+000
2.810626877470574e-007	2.136480e-001	0.000000e+000
2.813172331303078e-007	2.130521e-001	0.000000e+000
2.815935051044332e-007	2.116616e-001	0.000000e+000
2.818864738544332e-007	2.094354e-001	0.000000e+000
2.821392947424749e-007	2.068998e-001	0.000000e+000
2.823479895189849e-007	2.043211e-001	0.000000e+000
2.825883292250754e-007	2.008366e-001	0.000000e+000
2.828060000920480e-007	1.971938e-001	0.000000e+000
2.830989688420480e-007	1.915744e-001	0.000000e+000
2.833919375920480e-007	1.851970e-001	0.000000e+000
2.836849063420480e-007	1.780046e-001	0.000000e+000
2.839778750920480e-007	1.699955e-001	0.000000e+000
2.842708438420480e-007	1.611761e-001	0.000000e+000
2.845638125920480e-007	1.515648e-001	0.000000e+000
2.848567813420480e-007	1.411956e-001	0.000000e+000
2.851497500920481e-007	1.301425e-001	0.000000e+000
2.853995589741888e-007	1.202096e-001	0.000000e+000
2.856460990839132e-007	1.099980e-001	0.000000e+000
2.858502162735804e-007	1.012932e-001	0.000000e+000
2.860001249772004e-007	9.475802e-002	0.000000e+000
2.861897268740432e-007	8.635749e-002	0.000000e+000
2.864011154977662e-007	7.688393e-002	0.000000e+000
2.865930130524870e-007	6.821763e-002	0.000000e+000
2.868253378337544e-007	5.770078e-002	0.000000e+000
2.870835810695366e-007	4.605577e-002	0.000000e+000
2.873152738630717e-007	3.571269e-002	0.000000e+000
2.875254912486230e-007	2.647295e-002	0.000000e+000
2.877178470897430e-007	1.819005e-002	0.000000e+000
2.879284525930293e-007	9.346439e-003	0.000000e+000
2.881347263788321e-007	9.749409e-004	0.000000e+000
2.884276951288321e-007	-1.043561e-002	0.000000e+000
2.886496513615736e-007	-1.865388e-002	0.000000e+000
2.889068724305531e-007	-2.759183e-002	0.000000e+000
2.891998411805532e-007	-3.705769e-002	0.000000e+000
2.894818905897052e-007	-4.539402e-002	0.000000e+000
2.897748593397052e-007	-5.318099e-002	0.000000e+000
2.900678280897053e-007	-6.006125e-002	0.000000e+000
2.903607968397053e-007	-6.599838e-002	0.000000e+000
2.906537655897053e-007	-7.098616e-002	0.000000e+000
2.909271341652250e-007	-7.473849e-002	0.000000e+000
2.912201029152250e-007	-7.783426e-002	0.000000e+000
2.914523486419904e-007	-7.959056e-002	0.000000e+000
2.916866541456591e-007	-8.067799e-002	0.000000e+000
2.919336181861341e-007	-8.115058e-002	0.000000e+000
2.921697919322211e-007	-8.093234e-002	0.000000e+000
2.924627606822211e-007	-7.981256e-002	0.000000e+000
2.927557294322211e-007	-7.785499e-002	0.000000e+000
2.930486981822211e-007	-7.511657e-002	0.000000e+000
2.932835878623513e-007	-7.237047e-002	0.000000e+000
2.935513724135227e-007	-6.869466e-002	0.000000e+000
2.938443411635227e-007	-6.418382e-002	0.000000e+000
2.941373099135227e-007	-5.928219e-002	0.000000e+000
2.943955702178846e-007	-5.472664e-002	0.000000e+000
2.946400782695923e-007	-5.029802e-002	0.000000e+000
2.948890524678533e-007	-4.577557e-002	0.000000e+000
2.951820212178533e-007	-4.055641e-002	0.000000e+000
2.954749899678533e-007	-3.553737e-002	0.000000e+000
2.956924453181725e-007	-3.202152e-002	0.000000e+000
2.959062294869161e-007	-2.881153e-002	0.000000e+000
2.961313549663512e-007	-2.574361e-002	0.000000e+000
2.964243237163512e-007	-2.223352e-002	0.000000e+000
2.967013059948733e-007	-1.944804e-002	0.000000e+000
2.969942747448733e-007	-1.713077e-002	0.000000e+000
2.972872434948733e-007	-1.544165e-002	0.000000e+000
2.975498099534270e-007	-1.444645e-002	0.000000e+000
2.977360937767729e-007	-1.407638e-002	0.000000e+000
2.979547521188788e-007	-1.400037e-002	0.000000e+000
2.981872107660238e-007	-1.428516e-002	0.000000e+000
2.984545061916401e-007	-1.505134e-002	0.000000e+000
2.987330452555311e-007	-1.630687e-002	0.000000e+000
2.990260140055311e-007	-1.809279e-002	0.000000e+000
2.993189827555311e-007	-2.030504e-002	0.000000e+000
2.996119515055311e-007	-2.289450e-002	0.000000e+000
2.999049202555311e-007	-2.576054e-002	0.000000e+000
3.000000000000000e-007	-2.674641e-002	0.000000e+000
