time	V(out)	V(n126)
0.000000000000000e+000	0.000000e+000	0.000000e+000
2.929687488293547e-015	1.556646e-016	3.906250e-007
5.859374976587093e-015	4.154691e-016	7.812500e-007
6.862165151151572e-012	-1.252388e-008	9.149554e-004
1.371847092732656e-011	5.517186e-009	1.829129e-003
2.057477670350154e-011	5.412320e-008	2.743304e-003
2.743108247967653e-011	1.332941e-007	3.657478e-003
3.428738825585152e-011	2.430300e-007	4.571652e-003
4.114369403202650e-011	3.833309e-007	5.485826e-003
4.799999980820147e-011	5.541967e-007	6.400000e-003
9.599999961640293e-011	3.069748e-006	1.280000e-002
1.404606014236564e-010	7.869455e-006	1.872808e-002
1.783236865824397e-010	1.495918e-005	2.377649e-002
2.133624804419516e-010	2.496240e-005	2.844833e-002
2.524063542346297e-010	4.069572e-005	3.365418e-002
2.929017788970758e-010	6.312768e-005	3.905357e-002
3.425937548498220e-010	1.004707e-004	4.567917e-002
3.978514655120640e-010	1.566409e-004	5.304686e-002
4.645797710677471e-010	2.483008e-004	6.194397e-002
5.403068812387470e-010	3.888706e-004	7.204092e-002
6.307358062350080e-010	6.100618e-004	8.409811e-002
7.079893803692043e-010	8.519860e-004	9.439858e-002
7.836459236611368e-010	1.147804e-003	1.044861e-001
8.648150319715824e-010	1.535091e-003	1.153087e-001
9.533838991931468e-010	2.046893e-003	1.271179e-001
1.051271808406192e-009	2.730482e-003	1.401696e-001
1.159241009936825e-009	3.640999e-003	1.545655e-001
1.278989387682816e-009	4.852387e-003	1.705319e-001
1.396557812889039e-009	6.260813e-003	1.862077e-001
1.506237046328305e-009	7.798449e-003	2.008316e-001
1.622814105635590e-009	9.688525e-003	2.163752e-001
1.745252821730088e-009	1.196944e-002	2.327004e-001
1.878826092854389e-009	1.482304e-002	2.505102e-001
2.021722797969881e-009	1.832049e-002	2.695630e-001
2.177735489724571e-009	2.266071e-002	2.903647e-001
2.313196995441447e-009	2.691523e-002	3.084263e-001
2.459900481889274e-009	3.207599e-002	3.279867e-001
2.607287994033611e-009	3.784571e-002	3.476384e-001
2.769490394963851e-009	4.489861e-002	3.692654e-001
2.937795246810034e-009	5.301576e-002	3.917060e-001
3.121752783602829e-009	6.283145e-002	4.162337e-001
3.302567426918073e-009	7.343683e-002	4.403423e-001
3.469663158169175e-009	8.416302e-002	4.626217e-001
3.654689521797201e-009	9.708539e-002	4.872919e-001
3.840326689612200e-009	1.111482e-001	5.120435e-001
4.044539681067149e-009	1.278631e-001	5.392720e-001
4.227764994987598e-009	1.439971e-001	5.637020e-001
4.422060863015606e-009	1.623289e-001	5.896081e-001
4.617703286808856e-009	1.820259e-001	6.156937e-001
4.828249794968703e-009	2.046041e-001	6.437666e-001
5.045663481100011e-009	2.293381e-001	6.727551e-001
5.245441075231734e-009	2.533767e-001	6.993921e-001
5.458755053440764e-009	2.804216e-001	7.278340e-001
5.673038340546220e-009	3.089569e-001	7.564051e-001
5.903234374701550e-009	3.410959e-001	7.870979e-001
6.139853745656926e-009	3.756155e-001	8.186471e-001
6.361321752244327e-009	4.092804e-001	8.481762e-001
6.593822328680370e-009	4.459829e-001	8.791763e-001
6.829555108356759e-009	4.845125e-001	9.106073e-001
7.079883430092221e-009	5.266638e-001	9.439844e-001
7.241472718691547e-009	5.544651e-001	9.655297e-001
7.281792218401981e-009	5.615106e-001	9.709056e-001
7.362431217822849e-009	5.757636e-001	9.816575e-001
7.499999999999999e-009	6.002429e-001	1.000000e+000
7.513756878217715e-009	6.027173e-001	1.000000e+000
7.541270634653145e-009	6.076754e-001	1.000000e+000
7.596298147524006e-009	6.176348e-001	1.000000e+000
7.706353173265726e-009	6.377046e-001	1.000000e+000
7.926463224749166e-009	6.782098e-001	1.000000e+000
8.165171580565121e-009	7.224838e-001	1.000000e+000
8.402737421334804e-009	7.667159e-001	1.000000e+000
8.670384792129189e-009	8.164217e-001	1.000000e+000
8.933169998465379e-009	8.647488e-001	1.000000e+000
9.208781481879151e-009	9.145519e-001	1.000000e+000
9.491159325499976e-009	9.642915e-001	1.000000e+000
9.769926750783120e-009	1.011768e+000	1.000000e+000
1.004426433841688e-008	1.056541e+000	1.000000e+000
1.033306080973016e-008	1.101283e+000	1.000000e+000
1.062602955973016e-008	1.143921e+000	1.000000e+000
1.091812713245661e-008	1.183400e+000	1.000000e+000
1.120504552286767e-008	1.218964e+000	1.000000e+000
1.149801427286767e-008	1.251801e+000	1.000000e+000
1.179098302286767e-008	1.281006e+000	1.000000e+000
1.208395177286767e-008	1.306445e+000	1.000000e+000
1.237692052286767e-008	1.328042e+000	1.000000e+000
1.266988927286767e-008	1.345757e+000	1.000000e+000
1.296285802286767e-008	1.359590e+000	1.000000e+000
1.325582677286767e-008	1.369574e+000	1.000000e+000
1.354879552286767e-008	1.375777e+000	1.000000e+000
1.384176427286767e-008	1.378297e+000	1.000000e+000
1.413473302286767e-008	1.377263e+000	1.000000e+000
1.442770177286767e-008	1.372831e+000	1.000000e+000
1.472067052286767e-008	1.365181e+000	1.000000e+000
1.501363927286767e-008	1.354515e+000	1.000000e+000
1.530660802286767e-008	1.341053e+000	1.000000e+000
1.559957677286767e-008	1.325035e+000	1.000000e+000
1.589254552286767e-008	1.306709e+000	1.000000e+000
1.618551427286767e-008	1.286339e+000	1.000000e+000
1.647848302286768e-008	1.264193e+000	1.000000e+000
1.677145177286768e-008	1.240546e+000	1.000000e+000
1.706442052286768e-008	1.215676e+000	1.000000e+000
1.735738927286768e-008	1.189858e+000	1.000000e+000
1.765035802286768e-008	1.163367e+000	1.000000e+000
1.794332677286768e-008	1.136472e+000	1.000000e+000
1.823629552286768e-008	1.109433e+000	1.000000e+000
1.852926427286768e-008	1.082504e+000	1.000000e+000
1.882223302286768e-008	1.055924e+000	1.000000e+000
1.911520177286768e-008	1.029921e+000	1.000000e+000
1.940817052286768e-008	1.004709e+000	1.000000e+000
1.970113927286768e-008	9.804831e-001	1.000000e+000
1.999410802286768e-008	9.574243e-001	1.000000e+000
2.028707677286768e-008	9.356945e-001	1.000000e+000
2.058004552286768e-008	9.154366e-001	1.000000e+000
2.087301427286768e-008	8.967745e-001	1.000000e+000
2.116598302286768e-008	8.798124e-001	1.000000e+000
2.145895177286768e-008	8.646348e-001	1.000000e+000
2.175192052286768e-008	8.513063e-001	1.000000e+000
2.204488927286768e-008	8.398724e-001	1.000000e+000
2.233785802286769e-008	8.303590e-001	1.000000e+000
2.263082677286769e-008	8.227739e-001	1.000000e+000
2.292379552286769e-008	8.171068e-001	1.000000e+000
2.321676427286769e-008	8.133303e-001	1.000000e+000
2.350973302286769e-008	8.114010e-001	1.000000e+000
2.380270177286769e-008	8.112606e-001	1.000000e+000
2.409567052286769e-008	8.128368e-001	1.000000e+000
2.438863927286769e-008	8.160444e-001	1.000000e+000
2.468160802286769e-008	8.207875e-001	1.000000e+000
2.497457677286769e-008	8.269595e-001	1.000000e+000
2.526754552286769e-008	8.344455e-001	1.000000e+000
2.556051427286769e-008	8.431234e-001	1.000000e+000
2.585348302286769e-008	8.528652e-001	1.000000e+000
2.614645177286769e-008	8.635384e-001	1.000000e+000
2.643942052286769e-008	8.750076e-001	1.000000e+000
2.673238927286769e-008	8.871356e-001	1.000000e+000
2.702535802286769e-008	8.997850e-001	1.000000e+000
2.731832677286769e-008	9.128191e-001	1.000000e+000
2.761129552286769e-008	9.261037e-001	1.000000e+000
2.790426427286770e-008	9.395074e-001	1.000000e+000
2.819723302286770e-008	9.529032e-001	1.000000e+000
2.849020177286770e-008	9.661697e-001	1.000000e+000
2.878317052286770e-008	9.791914e-001	1.000000e+000
2.907613927286770e-008	9.918599e-001	1.000000e+000
2.936910802286770e-008	1.004074e+000	1.000000e+000
2.966207677286770e-008	1.015742e+000	1.000000e+000
2.995504552286770e-008	1.026780e+000	1.000000e+000
3.024801427286770e-008	1.037113e+000	1.000000e+000
3.054098302286770e-008	1.046676e+000	1.000000e+000
3.083395177286770e-008	1.055414e+000	1.000000e+000
3.112692052286770e-008	1.063281e+000	1.000000e+000
3.141988927286770e-008	1.070241e+000	1.000000e+000
3.171285802286770e-008	1.076269e+000	1.000000e+000
3.200582677286770e-008	1.081348e+000	1.000000e+000
3.229879552286770e-008	1.085470e+000	1.000000e+000
3.259176427286770e-008	1.088638e+000	1.000000e+000
3.288473302286770e-008	1.090861e+000	1.000000e+000
3.317770177286770e-008	1.092159e+000	1.000000e+000
3.347067052286770e-008	1.092558e+000	1.000000e+000
3.376363927286771e-008	1.092091e+000	1.000000e+000
3.405660802286771e-008	1.090798e+000	1.000000e+000
3.434957677286771e-008	1.088725e+000	1.000000e+000
3.464254552286771e-008	1.085922e+000	1.000000e+000
3.493551427286771e-008	1.082445e+000	1.000000e+000
3.522848302286771e-008	1.078354e+000	1.000000e+000
3.552145177286771e-008	1.073711e+000	1.000000e+000
3.581442052286771e-008	1.068581e+000	1.000000e+000
3.610738927286771e-008	1.063031e+000	1.000000e+000
3.640035802286771e-008	1.057128e+000	1.000000e+000
3.669332677286771e-008	1.050941e+000	1.000000e+000
3.698629552286771e-008	1.044538e+000	1.000000e+000
3.727926427286771e-008	1.037986e+000	1.000000e+000
3.757223302286771e-008	1.031350e+000	1.000000e+000
3.786520177286771e-008	1.024695e+000	1.000000e+000
3.815817052286771e-008	1.018082e+000	1.000000e+000
3.845113927286771e-008	1.011569e+000	1.000000e+000
3.874410802286771e-008	1.005211e+000	1.000000e+000
3.903707677286771e-008	9.990608e-001	1.000000e+000
3.933004552286771e-008	9.931648e-001	1.000000e+000
3.962301427286772e-008	9.875664e-001	1.000000e+000
3.991598302286772e-008	9.823044e-001	1.000000e+000
4.020895177286772e-008	9.774128e-001	1.000000e+000
4.050192052286772e-008	9.729209e-001	1.000000e+000
4.079488927286772e-008	9.688531e-001	1.000000e+000
4.108785802286772e-008	9.652291e-001	1.000000e+000
4.138082677286772e-008	9.620636e-001	1.000000e+000
4.167379552286772e-008	9.593663e-001	1.000000e+000
4.196676427286772e-008	9.571428e-001	1.000000e+000
4.225973302286772e-008	9.553938e-001	1.000000e+000
4.255270177286772e-008	9.541156e-001	1.000000e+000
4.284567052286772e-008	9.533006e-001	1.000000e+000
4.313863927286772e-008	9.529370e-001	1.000000e+000
4.343160802286772e-008	9.530097e-001	1.000000e+000
4.372457677286772e-008	9.535000e-001	1.000000e+000
4.401754552286772e-008	9.543863e-001	1.000000e+000
4.431051427286772e-008	9.556442e-001	1.000000e+000
4.460348302286772e-008	9.572471e-001	1.000000e+000
4.489645177286772e-008	9.591660e-001	1.000000e+000
4.518942052286772e-008	9.613707e-001	1.000000e+000
4.548238927286773e-008	9.638292e-001	1.000000e+000
4.577535802286773e-008	9.665086e-001	1.000000e+000
4.606832677286773e-008	9.693757e-001	1.000000e+000
4.636129552286773e-008	9.723965e-001	1.000000e+000
4.665426427286773e-008	9.755372e-001	1.000000e+000
4.694723302286773e-008	9.787644e-001	1.000000e+000
4.724020177286773e-008	9.820449e-001	1.000000e+000
4.753317052286773e-008	9.853470e-001	1.000000e+000
4.782613927286773e-008	9.886395e-001	1.000000e+000
4.811910802286773e-008	9.918929e-001	1.000000e+000
4.841207677286773e-008	9.950793e-001	1.000000e+000
4.870504552286773e-008	9.981722e-001	1.000000e+000
4.899801427286773e-008	1.001148e+000	1.000000e+000
4.929098302286773e-008	1.003983e+000	1.000000e+000
4.958395177286773e-008	1.006659e+000	1.000000e+000
4.987692052286773e-008	1.009156e+000	1.000000e+000
5.016988927286773e-008	1.011461e+000	1.000000e+000
5.046285802286773e-008	1.013560e+000	1.000000e+000
5.075582677286773e-008	1.015441e+000	1.000000e+000
5.104879552286773e-008	1.017098e+000	1.000000e+000
5.134176427286774e-008	1.018524e+000	1.000000e+000
5.163473302286774e-008	1.019715e+000	1.000000e+000
5.192770177286774e-008	1.020671e+000	1.000000e+000
5.222067052286774e-008	1.021393e+000	1.000000e+000
5.251363927286774e-008	1.021883e+000	1.000000e+000
5.280660802286774e-008	1.022147e+000	1.000000e+000
5.309957677286774e-008	1.022191e+000	1.000000e+000
5.339254552286774e-008	1.022024e+000	1.000000e+000
5.368551427286774e-008	1.021657e+000	1.000000e+000
5.397848302286774e-008	1.021100e+000	1.000000e+000
5.427145177286774e-008	1.020368e+000	1.000000e+000
5.456442052286774e-008	1.019473e+000	1.000000e+000
5.485738927286774e-008	1.018430e+000	1.000000e+000
5.515035802286774e-008	1.017256e+000	1.000000e+000
5.544332677286774e-008	1.015965e+000	1.000000e+000
5.573629552286774e-008	1.014576e+000	1.000000e+000
5.602926427286774e-008	1.013104e+000	1.000000e+000
5.632223302286774e-008	1.011566e+000	1.000000e+000
5.661520177286774e-008	1.009979e+000	1.000000e+000
5.690817052286774e-008	1.008359e+000	1.000000e+000
5.720113927286775e-008	1.006723e+000	1.000000e+000
5.749410802286775e-008	1.005086e+000	1.000000e+000
5.778707677286775e-008	1.003463e+000	1.000000e+000
5.808004552286775e-008	1.001868e+000	1.000000e+000
5.837301427286775e-008	1.000314e+000	1.000000e+000
5.866598302286775e-008	9.988147e-001	1.000000e+000
5.895895177286775e-008	9.973806e-001	1.000000e+000
5.925192052286775e-008	9.960222e-001	1.000000e+000
5.954488927286775e-008	9.947488e-001	1.000000e+000
5.983785802286774e-008	9.935686e-001	1.000000e+000
6.013082677286774e-008	9.924884e-001	1.000000e+000
6.042379552286773e-008	9.915138e-001	1.000000e+000
6.071676427286772e-008	9.906496e-001	1.000000e+000
6.100973302286772e-008	9.898989e-001	1.000000e+000
6.130270177286771e-008	9.892639e-001	1.000000e+000
6.159567052286771e-008	9.887457e-001	1.000000e+000
6.188863927286770e-008	9.883442e-001	1.000000e+000
6.218160802286769e-008	9.880582e-001	1.000000e+000
6.247457677286769e-008	9.878856e-001	1.000000e+000
6.276754552286768e-008	9.878233e-001	1.000000e+000
6.306051427286768e-008	9.878673e-001	1.000000e+000
6.335348302286767e-008	9.880129e-001	1.000000e+000
6.364645177286766e-008	9.882545e-001	1.000000e+000
6.393942052286766e-008	9.885859e-001	1.000000e+000
6.423238927286765e-008	9.890006e-001	1.000000e+000
6.452535802286765e-008	9.894913e-001	1.000000e+000
6.481832677286764e-008	9.900504e-001	1.000000e+000
6.511129552286763e-008	9.906699e-001	1.000000e+000
6.540426427286763e-008	9.913418e-001	1.000000e+000
6.569723302286762e-008	9.920579e-001	1.000000e+000
6.599020177286761e-008	9.928097e-001	1.000000e+000
6.628317052286761e-008	9.935889e-001	1.000000e+000
6.657613927286760e-008	9.943874e-001	1.000000e+000
6.686910802286760e-008	9.951970e-001	1.000000e+000
6.716207677286759e-008	9.960099e-001	1.000000e+000
6.745504552286758e-008	9.968188e-001	1.000000e+000
6.774801427286758e-008	9.976162e-001	1.000000e+000
6.804098302286757e-008	9.983954e-001	1.000000e+000
6.833395177286757e-008	9.991502e-001	1.000000e+000
6.862692052286756e-008	9.998745e-001	1.000000e+000
6.891988927286755e-008	1.000563e+000	1.000000e+000
6.921285802286755e-008	1.001211e+000	1.000000e+000
6.950582677286754e-008	1.001815e+000	1.000000e+000
6.979879552286754e-008	1.002370e+000	1.000000e+000
7.009176427286753e-008	1.002873e+000	1.000000e+000
7.038473302286752e-008	1.003323e+000	1.000000e+000
7.067770177286752e-008	1.003716e+000	1.000000e+000
7.097067052286751e-008	1.004053e+000	1.000000e+000
7.126363927286750e-008	1.004332e+000	1.000000e+000
7.155660802286750e-008	1.004553e+000	1.000000e+000
7.184957677286749e-008	1.004716e+000	1.000000e+000
7.214254552286749e-008	1.004823e+000	1.000000e+000
7.243551427286748e-008	1.004874e+000	1.000000e+000
7.272848302286747e-008	1.004872e+000	1.000000e+000
7.302145177286747e-008	1.004818e+000	1.000000e+000
7.331442052286746e-008	1.004716e+000	1.000000e+000
7.360738927286746e-008	1.004568e+000	1.000000e+000
7.390035802286745e-008	1.004377e+000	1.000000e+000
7.419332677286744e-008	1.004147e+000	1.000000e+000
7.448629552286744e-008	1.003882e+000	1.000000e+000
7.477926427286743e-008	1.003586e+000	1.000000e+000
7.507223302286743e-008	1.003261e+000	1.000000e+000
7.536520177286742e-008	1.002914e+000	1.000000e+000
7.565817052286741e-008	1.002547e+000	1.000000e+000
7.595113927286741e-008	1.002165e+000	1.000000e+000
7.624410802286740e-008	1.001772e+000	1.000000e+000
7.653707677286739e-008	1.001372e+000	1.000000e+000
7.683004552286739e-008	1.000969e+000	1.000000e+000
7.712301427286738e-008	1.000566e+000	1.000000e+000
7.741598302286738e-008	1.000168e+000	1.000000e+000
7.770895177286737e-008	9.997777e-001	1.000000e+000
7.800192052286736e-008	9.993983e-001	1.000000e+000
7.829488927286736e-008	9.990329e-001	1.000000e+000
7.858785802286735e-008	9.986843e-001	1.000000e+000
7.888082677286735e-008	9.983549e-001	1.000000e+000
7.917379552286734e-008	9.980470e-001	1.000000e+000
7.946676427286733e-008	9.977624e-001	1.000000e+000
7.975973302286733e-008	9.975029e-001	1.000000e+000
8.005270177286732e-008	9.972696e-001	1.000000e+000
8.034567052286732e-008	9.970638e-001	1.000000e+000
8.063863927286731e-008	9.968861e-001	1.000000e+000
8.093160802286730e-008	9.967369e-001	1.000000e+000
8.122457677286730e-008	9.966165e-001	1.000000e+000
8.151754552286729e-008	9.965248e-001	1.000000e+000
8.181051427286728e-008	9.964615e-001	1.000000e+000
8.210348302286728e-008	9.964258e-001	1.000000e+000
8.239645177286727e-008	9.964171e-001	1.000000e+000
8.268942052286727e-008	9.964343e-001	1.000000e+000
8.298238927286726e-008	9.964762e-001	1.000000e+000
8.327535802286725e-008	9.965413e-001	1.000000e+000
8.356832677286725e-008	9.966282e-001	1.000000e+000
8.386129552286724e-008	9.967351e-001	1.000000e+000
8.415426427286724e-008	9.968603e-001	1.000000e+000
8.444723302286723e-008	9.970018e-001	1.000000e+000
8.474020177286722e-008	9.971577e-001	1.000000e+000
8.503317052286722e-008	9.973260e-001	1.000000e+000
8.532613927286721e-008	9.975047e-001	1.000000e+000
8.561910802286721e-008	9.976916e-001	1.000000e+000
8.591207677286720e-008	9.978849e-001	1.000000e+000
8.620504552286719e-008	9.980823e-001	1.000000e+000
8.649801427286719e-008	9.982820e-001	1.000000e+000
8.679098302286718e-008	9.984820e-001	1.000000e+000
8.708395177286717e-008	9.986806e-001	1.000000e+000
8.737692052286717e-008	9.988759e-001	1.000000e+000
8.766988927286716e-008	9.990664e-001	1.000000e+000
8.796285802286716e-008	9.992504e-001	1.000000e+000
8.825582677286715e-008	9.994267e-001	1.000000e+000
8.854879552286714e-008	9.995939e-001	1.000000e+000
8.884176427286714e-008	9.997507e-001	1.000000e+000
8.913473302286713e-008	9.998963e-001	1.000000e+000
8.942770177286713e-008	1.000030e+000	1.000000e+000
8.972067052286712e-008	1.000151e+000	1.000000e+000
9.001363927286711e-008	1.000258e+000	1.000000e+000
9.030660802286711e-008	1.000351e+000	1.000000e+000
9.059957677286710e-008	1.000431e+000	1.000000e+000
9.089254552286710e-008	1.000496e+000	1.000000e+000
9.118551427286709e-008	1.000546e+000	1.000000e+000
9.147848302286708e-008	1.000583e+000	1.000000e+000
9.177145177286708e-008	1.000606e+000	1.000000e+000
9.206442052286707e-008	1.000615e+000	1.000000e+000
9.235738927286706e-008	1.000612e+000	1.000000e+000
9.265035802286706e-008	1.000595e+000	1.000000e+000
9.294332677286705e-008	1.000567e+000	1.000000e+000
9.323629552286705e-008	1.000528e+000	1.000000e+000
9.352926427286704e-008	1.000479e+000	1.000000e+000
9.382223302286703e-008	1.000420e+000	1.000000e+000
9.411520177286703e-008	1.000353e+000	1.000000e+000
9.440817052286702e-008	1.000278e+000	1.000000e+000
9.470113927286702e-008	1.000196e+000	1.000000e+000
9.499410802286701e-008	1.000110e+000	1.000000e+000
9.528707677286700e-008	1.000018e+000	1.000000e+000
9.558004552286700e-008	9.999235e-001	1.000000e+000
9.587301427286699e-008	9.998262e-001	1.000000e+000
9.616598302286699e-008	9.997274e-001	1.000000e+000
9.645895177286698e-008	9.996281e-001	1.000000e+000
9.675192052286697e-008	9.995292e-001	1.000000e+000
9.704488927286697e-008	9.994316e-001	1.000000e+000
9.733785802286696e-008	9.993361e-001	1.000000e+000
9.763082677286695e-008	9.992435e-001	1.000000e+000
9.792379552286695e-008	9.991545e-001	1.000000e+000
9.821676427286694e-008	9.990698e-001	1.000000e+000
9.850973302286694e-008	9.989900e-001	1.000000e+000
9.880270177286693e-008	9.989156e-001	1.000000e+000
9.909567052286692e-008	9.988470e-001	1.000000e+000
9.938863927286692e-008	9.987847e-001	1.000000e+000
9.968160802286691e-008	9.987290e-001	1.000000e+000
9.997457677286691e-008	9.986800e-001	1.000000e+000
1.002675455228669e-007	9.986380e-001	1.000000e+000
1.005605142728669e-007	9.986030e-001	1.000000e+000
1.008534830228669e-007	9.985752e-001	1.000000e+000
1.011464517728669e-007	9.985543e-001	1.000000e+000
1.014394205228669e-007	9.985405e-001	1.000000e+000
1.017323892728669e-007	9.985334e-001	1.000000e+000
1.020253580228669e-007	9.985329e-001	1.000000e+000
1.023183267728669e-007	9.985386e-001	1.000000e+000
1.026112955228669e-007	9.985504e-001	1.000000e+000
1.029042642728668e-007	9.985678e-001	1.000000e+000
1.031972330228668e-007	9.985905e-001	1.000000e+000
1.034902017728668e-007	9.986179e-001	1.000000e+000
1.037831705228668e-007	9.986498e-001	1.000000e+000
1.040761392728668e-007	9.986856e-001	1.000000e+000
1.043691080228668e-007	9.987248e-001	1.000000e+000
1.046620767728668e-007	9.987669e-001	1.000000e+000
1.049550455228668e-007	9.988114e-001	1.000000e+000
1.052480142728668e-007	9.988579e-001	1.000000e+000
1.055409830228668e-007	9.989058e-001	1.000000e+000
1.058339517728668e-007	9.989545e-001	1.000000e+000
1.061269205228668e-007	9.990038e-001	1.000000e+000
1.064198892728668e-007	9.990529e-001	1.000000e+000
1.067128580228668e-007	9.991017e-001	1.000000e+000
1.070058267728668e-007	9.991496e-001	1.000000e+000
1.072070312500000e-007	9.991817e-001	1.000000e+000
1.075000000000000e-007	9.992275e-001	1.000000e+000
1.075292968750000e-007	9.992313e-001	9.960938e-001
1.075878906250000e-007	9.992353e-001	9.882813e-001
1.077050781250000e-007	9.992081e-001	9.726563e-001
1.079394531250000e-007	9.989585e-001	9.414063e-001
1.082324218750000e-007	9.981495e-001	9.023438e-001
1.085253906250000e-007	9.965127e-001	8.632813e-001
1.088183593750000e-007	9.937232e-001	8.242188e-001
1.091113281250000e-007	9.894987e-001	7.851563e-001
1.094042968749999e-007	9.835813e-001	7.460938e-001
1.096972656249999e-007	9.757392e-001	7.070313e-001
1.099902343749999e-007	9.657679e-001	6.679688e-001
1.102832031249999e-007	9.534901e-001	6.289063e-001
1.105761718749999e-007	9.387575e-001	5.898438e-001
1.108691406249999e-007	9.214498e-001	5.507813e-001
1.111621093749999e-007	9.014751e-001	5.117188e-001
1.114550781249999e-007	8.787696e-001	4.726563e-001
1.117480468749999e-007	8.532972e-001	4.335938e-001
1.120410156249999e-007	8.250481e-001	3.945313e-001
1.123339843749999e-007	7.940385e-001	3.554688e-001
1.126269531249999e-007	7.603088e-001	3.164063e-001
1.129199218749999e-007	7.239227e-001	2.773438e-001
1.132128906249999e-007	6.849654e-001	2.382813e-001
1.135058593749999e-007	6.435418e-001	1.992188e-001
1.137988281249999e-007	5.997753e-001	1.601563e-001
1.140917968749999e-007	5.538052e-001	1.210938e-001
1.143847656249998e-007	5.057854e-001	8.203125e-002
1.146777343749998e-007	4.562645e-001	4.296875e-002
1.147070312500000e-007	4.512075e-001	3.906250e-002
1.147656250000003e-007	4.409461e-001	3.125000e-002
1.148828125000009e-007	4.202449e-001	1.562500e-002
1.150000000000000e-007	3.993844e-001	0.000000e+000
1.150002578127844e-007	3.993381e-001	0.000000e+000
1.150007734383531e-007	3.992455e-001	0.000000e+000
1.150194832804173e-007	3.958805e-001	0.000000e+000
1.150381931224816e-007	3.925088e-001	0.000000e+000
1.150569029645458e-007	3.891304e-001	0.000000e+000
1.150756128066101e-007	3.857453e-001	0.000000e+000
1.150943226486743e-007	3.823534e-001	0.000000e+000
1.151130324907386e-007	3.789547e-001	0.000000e+000
1.151317423328028e-007	3.755494e-001	0.000000e+000
1.152637424783900e-007	3.513865e-001	0.000000e+000
1.155277427695643e-007	3.026147e-001	0.000000e+000
1.158207115195643e-007	2.481469e-001	0.000000e+000
1.161136802695643e-007	1.936790e-001	0.000000e+000
1.164066490195643e-007	1.396886e-001	0.000000e+000
1.166996177695643e-007	8.664732e-002	0.000000e+000
1.169925865195643e-007	3.499895e-002	0.000000e+000
1.172855552695643e-007	-1.484371e-002	0.000000e+000
1.175785240195643e-007	-6.250130e-002	0.000000e+000
1.178714927695643e-007	-1.077574e-001	0.000000e+000
1.181139627915676e-007	-1.430330e-001	0.000000e+000
1.183836038614389e-007	-1.797093e-001	0.000000e+000
1.186402683520121e-007	-2.122918e-001	0.000000e+000
1.188252393207619e-007	-2.341118e-001	0.000000e+000
1.190137572190195e-007	-2.547494e-001	0.000000e+000
1.192023960924408e-007	-2.737367e-001	0.000000e+000
1.194627238224755e-007	-2.972825e-001	0.000000e+000
1.197556925724755e-007	-3.203957e-001	0.000000e+000
1.200486613224755e-007	-3.397433e-001	0.000000e+000
1.203416300724755e-007	-3.554953e-001	0.000000e+000
1.205458181302209e-007	-3.641865e-001	0.000000e+000
1.207466938142309e-007	-3.707112e-001	0.000000e+000
1.209481187130866e-007	-3.754865e-001	0.000000e+000
1.211351694973976e-007	-3.783385e-001	0.000000e+000
1.213237668345365e-007	-3.796037e-001	0.000000e+000
1.215492760065653e-007	-3.790357e-001	0.000000e+000
1.218422447565653e-007	-3.755060e-001	0.000000e+000
1.220902312751479e-007	-3.701875e-001	0.000000e+000
1.223041058821620e-007	-3.636989e-001	0.000000e+000
1.225208329708048e-007	-3.554421e-001	0.000000e+000
1.227399203491949e-007	-3.455884e-001	0.000000e+000
1.229337125558290e-007	-3.356445e-001	0.000000e+000
1.231306669693142e-007	-3.243906e-001	0.000000e+000
1.233346495625900e-007	-3.116657e-001	0.000000e+000
1.235292126349222e-007	-2.985433e-001	0.000000e+000
1.237654070497605e-007	-2.814844e-001	0.000000e+000
1.239944989618960e-007	-2.639307e-001	0.000000e+000
1.242274116360094e-007	-2.451454e-001	0.000000e+000
1.244601392161036e-007	-2.256014e-001	0.000000e+000
1.246595846962958e-007	-2.083057e-001	0.000000e+000
1.248812677092771e-007	-1.886068e-001	0.000000e+000
1.250816088759690e-007	-1.704915e-001	0.000000e+000
1.252717475171510e-007	-1.530856e-001	0.000000e+000
1.254637247073050e-007	-1.353831e-001	0.000000e+000
1.256997320181803e-007	-1.135636e-001	0.000000e+000
1.259171290822508e-007	-9.352510e-002	0.000000e+000
1.261980453508826e-007	-6.784473e-002	0.000000e+000
1.264121339146548e-007	-4.853748e-002	0.000000e+000
1.266165049522810e-007	-3.044242e-002	0.000000e+000
1.268221318470542e-007	-1.262362e-002	0.000000e+000
1.270162778710566e-007	3.777596e-003	0.000000e+000
1.272146097169154e-007	2.004555e-002	0.000000e+000
1.274118396067324e-007	3.569360e-002	0.000000e+000
1.276035788022059e-007	5.034080e-002	0.000000e+000
1.278010811223811e-007	6.476242e-002	0.000000e+000
1.280419194766943e-007	8.145875e-002	0.000000e+000
1.282601014214748e-007	9.570030e-002	0.000000e+000
1.284810412086991e-007	1.091284e-001	0.000000e+000
1.287269715354733e-007	1.229657e-001	0.000000e+000
1.289325428351791e-007	1.335837e-001	0.000000e+000
1.291405055431109e-007	1.433718e-001	0.000000e+000
1.293341055877683e-007	1.516299e-001	0.000000e+000
1.295309148112722e-007	1.591465e-001	0.000000e+000
1.297353884570208e-007	1.660364e-001	0.000000e+000
1.299422811274086e-007	1.720429e-001	0.000000e+000
1.301628541809181e-007	1.773631e-001	0.000000e+000
1.304048675608066e-007	1.820161e-001	0.000000e+000
1.306109919578550e-007	1.849758e-001	0.000000e+000
1.308227962642519e-007	1.870207e-001	0.000000e+000
1.310265883349984e-007	1.881000e-001	0.000000e+000
1.312215865371855e-007	1.883095e-001	0.000000e+000
1.314207388765236e-007	1.877245e-001	0.000000e+000
1.316137110734157e-007	1.864161e-001	0.000000e+000
1.318087608228951e-007	1.843558e-001	0.000000e+000
1.320200289357877e-007	1.813330e-001	0.000000e+000
1.322459060702053e-007	1.772774e-001	0.000000e+000
1.324565278191060e-007	1.727523e-001	0.000000e+000
1.326697785179103e-007	1.674426e-001	0.000000e+000
1.329085931385318e-007	1.607536e-001	0.000000e+000
1.331139316866969e-007	1.544141e-001	0.000000e+000
1.333213478830487e-007	1.474744e-001	0.000000e+000
1.335174241608035e-007	1.404768e-001	0.000000e+000
1.337158306961809e-007	1.330013e-001	0.000000e+000
1.339111195452175e-007	1.252981e-001	0.000000e+000
1.341187608551238e-007	1.167796e-001	0.000000e+000
1.343314472384201e-007	1.077617e-001	0.000000e+000
1.345462122388679e-007	9.840757e-002	0.000000e+000
1.347477437809658e-007	8.944573e-002	0.000000e+000
1.349504627640733e-007	8.029405e-002	0.000000e+000
1.351546052856850e-007	7.098769e-002	0.000000e+000
1.353520188047099e-007	6.194231e-002	0.000000e+000
1.355526914012494e-007	5.274273e-002	0.000000e+000
1.357633327690298e-007	4.312281e-002	0.000000e+000
1.359591984423100e-007	3.424965e-002	0.000000e+000
1.361581778051681e-007	2.534972e-002	0.000000e+000
1.363810450451121e-007	1.555415e-002	0.000000e+000
1.366017092622132e-007	6.070411e-003	0.000000e+000
1.368126458703156e-007	-2.745706e-003	0.000000e+000
1.370338167432753e-007	-1.169670e-002	0.000000e+000
1.372365430715424e-007	-1.960611e-002	0.000000e+000
1.374416118027486e-007	-2.728597e-002	0.000000e+000
1.376381270887810e-007	-3.432159e-002	0.000000e+000
1.378380593982898e-007	-4.113127e-002	0.000000e+000
1.380347981693802e-007	-4.746866e-002	0.000000e+000
1.382430754843384e-007	-5.377383e-002	0.000000e+000
1.384424875134958e-007	-5.940200e-002	0.000000e+000
1.386553319253629e-007	-6.493727e-002	0.000000e+000
1.388908192667620e-007	-7.052610e-002	0.000000e+000
1.390979572130964e-007	-7.495613e-002	0.000000e+000
1.393071424160167e-007	-7.893955e-002	0.000000e+000
1.395070140241358e-007	-8.229113e-002	0.000000e+000
1.397089065183467e-007	-8.521900e-002	0.000000e+000
1.399100782170178e-007	-8.768191e-002	0.000000e+000
1.401171408024897e-007	-8.975348e-002	0.000000e+000
1.403133192182675e-007	-9.126898e-002	0.000000e+000
1.405381631304576e-007	-9.249780e-002	0.000000e+000
1.407434074505701e-007	-9.315778e-002	0.000000e+000
1.409628139037541e-007	-9.337594e-002	0.000000e+000
1.411671343572299e-007	-9.315101e-002	0.000000e+000
1.413666050508824e-007	-9.252799e-002	0.000000e+000
1.415687955235153e-007	-9.150524e-002	0.000000e+000
1.417829751711429e-007	-9.002148e-002	0.000000e+000
1.419933762813976e-007	-8.818825e-002	0.000000e+000
1.421933049265415e-007	-8.610366e-002	0.000000e+000
1.424056572303238e-007	-8.355306e-002	0.000000e+000
1.426031914037172e-007	-8.088718e-002	0.000000e+000
1.428153822376619e-007	-7.772127e-002	0.000000e+000
1.430426852680640e-007	-7.403470e-002	0.000000e+000
1.432468619767176e-007	-7.047842e-002	0.000000e+000
1.434548510148770e-007	-6.663370e-002	0.000000e+000
1.436551059391085e-007	-6.274700e-002	0.000000e+000
1.438623816274666e-007	-5.855684e-002	0.000000e+000
1.440613722154586e-007	-5.439823e-002	0.000000e+000
1.442562536228182e-007	-5.021387e-002	0.000000e+000
1.444534659907131e-007	-4.588792e-002	0.000000e+000
1.446643955141790e-007	-4.118491e-002	0.000000e+000
1.448769404672177e-007	-3.639161e-002	0.000000e+000
1.450812785648838e-007	-3.175315e-002	0.000000e+000
1.452885137335591e-007	-2.704158e-002	0.000000e+000
1.455143706161626e-007	-2.192293e-002	0.000000e+000
1.457178351375450e-007	-1.734786e-002	0.000000e+000
1.459243156571623e-007	-1.276111e-002	0.000000e+000
1.461219314738062e-007	-8.441851e-003	0.000000e+000
1.463221437881864e-007	-4.153189e-003	0.000000e+000
1.465171101967878e-007	-7.829542e-005	0.000000e+000
1.467270819432962e-007	4.180394e-003	0.000000e+000
1.469526229494633e-007	8.597154e-003	0.000000e+000
1.471606906314069e-007	1.250802e-002	0.000000e+000
1.473738205315642e-007	1.633359e-002	0.000000e+000
1.475774409203221e-007	1.980467e-002	0.000000e+000
1.477961678358177e-007	2.332705e-002	0.000000e+000
1.479936358706551e-007	2.631370e-002	0.000000e+000
1.481974438447194e-007	2.919034e-002	0.000000e+000
1.483946720713455e-007	3.177289e-002	0.000000e+000
1.485941773248547e-007	3.417274e-002	0.000000e+000
1.488051845896961e-007	3.647880e-002	0.000000e+000
1.490183232578716e-007	3.856799e-002	0.000000e+000
1.492226321885496e-007	4.033592e-002	0.000000e+000
1.494295707732665e-007	4.188304e-002	0.000000e+000
1.496563098227984e-007	4.331087e-002	0.000000e+000
1.498704784105241e-007	4.441551e-002	0.000000e+000
1.500492688657687e-007	4.513932e-002	0.000000e+000
1.502410752424618e-007	4.571373e-002	0.000000e+000
1.504366374712296e-007	4.609593e-002	0.000000e+000
1.506545432126995e-007	4.629391e-002	0.000000e+000
1.508532646842331e-007	4.626438e-002	0.000000e+000
1.510755252685332e-007	4.600157e-002	0.000000e+000
1.512768339386183e-007	4.556055e-002	0.000000e+000
1.515058091473884e-007	4.483456e-002	0.000000e+000
1.517138727248594e-007	4.398333e-002	0.000000e+000
1.519241176209225e-007	4.294600e-002	0.000000e+000
1.520910410846907e-007	4.199619e-002	0.000000e+000
1.522794561970405e-007	4.079238e-002	0.000000e+000
1.524721698061199e-007	3.943621e-002	0.000000e+000
1.526770891026283e-007	3.786502e-002	0.000000e+000
1.528757434699342e-007	3.622566e-002	0.000000e+000
1.530687650066416e-007	3.453095e-002	0.000000e+000
1.532486112508418e-007	3.286855e-002	0.000000e+000
1.534298943482189e-007	3.111701e-002	0.000000e+000
1.536366867578168e-007	2.903909e-002	0.000000e+000
1.538731036229125e-007	2.658309e-002	0.000000e+000
1.540665818536076e-007	2.451698e-002	0.000000e+000
1.542634780339992e-007	2.236918e-002	0.000000e+000
1.544472297359345e-007	2.033426e-002	0.000000e+000
1.546598140552445e-007	1.795519e-002	0.000000e+000
1.548503635307350e-007	1.581003e-002	0.000000e+000
1.550452367564991e-007	1.361238e-002	0.000000e+000
1.552529059938951e-007	1.127587e-002	0.000000e+000
1.554220537921755e-007	9.382630e-003	0.000000e+000
1.555412464977797e-007	8.057891e-003	0.000000e+000
1.556514008791504e-007	6.843466e-003	0.000000e+000
1.557717844095286e-007	5.528489e-003	0.000000e+000
1.559035564181383e-007	4.104859e-003	0.000000e+000
1.560324627169526e-007	2.730346e-003	0.000000e+000
1.561639539436416e-007	1.349152e-003	0.000000e+000
1.562911703446433e-007	3.396500e-005	0.000000e+000
1.563985801248190e-007	-1.058535e-003	0.000000e+000
1.564935524080988e-007	-2.009245e-003	0.000000e+000
1.565806951889212e-007	-2.865059e-003	0.000000e+000
1.567478511405709e-007	-4.465631e-003	0.000000e+000
1.569529910223193e-007	-6.362986e-003	0.000000e+000
1.571825655796002e-007	-8.393092e-003	0.000000e+000
1.573894277275215e-007	-1.012700e-002	0.000000e+000
1.576089108690641e-007	-1.185681e-002	0.000000e+000
1.578360987915896e-007	-1.352777e-002	0.000000e+000
1.580651285031020e-007	-1.508171e-002	0.000000e+000
1.583070223723350e-007	-1.657567e-002	0.000000e+000
1.585560782638412e-007	-1.796034e-002	0.000000e+000
1.587708500361434e-007	-1.901804e-002	0.000000e+000
1.590090427095117e-007	-2.004072e-002	0.000000e+000
1.592340470859557e-007	-2.086546e-002	0.000000e+000
1.594722197922006e-007	-2.158590e-002	0.000000e+000
1.597052122110940e-007	-2.213761e-002	0.000000e+000
1.599732644506727e-007	-2.258629e-002	0.000000e+000
1.602662332006727e-007	-2.287796e-002	0.000000e+000
1.604999004633850e-007	-2.295735e-002	0.000000e+000
1.607236457411443e-007	-2.289782e-002	0.000000e+000
1.609430622431326e-007	-2.272083e-002	0.000000e+000
1.611650674912581e-007	-2.242250e-002	0.000000e+000
1.614333889670237e-007	-2.192154e-002	0.000000e+000
1.616781627604636e-007	-2.134061e-002	0.000000e+000
1.619214277412997e-007	-2.064702e-002	0.000000e+000
1.621478713317178e-007	-1.990676e-002	0.000000e+000
1.623584179514104e-007	-1.914167e-002	0.000000e+000
1.625492753217905e-007	-1.838660e-002	0.000000e+000
1.627608687154938e-007	-1.748923e-002	0.000000e+000
1.629591624182355e-007	-1.659476e-002	0.000000e+000
1.632188800484962e-007	-1.535476e-002	0.000000e+000
1.635049606891059e-007	-1.392211e-002	0.000000e+000
1.637467485782022e-007	-1.266296e-002	0.000000e+000
1.639648956078612e-007	-1.149349e-002	0.000000e+000
1.641844833035197e-007	-1.029257e-002	0.000000e+000
1.644286572827350e-007	-8.939530e-003	0.000000e+000
1.646579516619155e-007	-7.659869e-003	0.000000e+000
1.648959382941298e-007	-6.329992e-003	0.000000e+000
1.651245002105881e-007	-5.058734e-003	0.000000e+000
1.653564273493523e-007	-3.782161e-003	0.000000e+000
1.655954674764174e-007	-2.488325e-003	0.000000e+000
1.658562324300474e-007	-1.108828e-003	0.000000e+000
1.660955823620682e-007	1.203583e-004	0.000000e+000
1.663460776851403e-007	1.360448e-003	0.000000e+000
1.665991703659238e-007	2.558956e-003	0.000000e+000
1.668710445605899e-007	3.783268e-003	0.000000e+000
1.670856851844366e-007	4.697391e-003	0.000000e+000
1.673016458562654e-007	5.562977e-003	0.000000e+000
1.675157250537982e-007	6.366801e-003	0.000000e+000
1.677436347776286e-007	7.156594e-003	0.000000e+000
1.680366035276286e-007	8.076625e-003	0.000000e+000
1.683295722776286e-007	8.895514e-003	0.000000e+000
1.685761577990019e-007	9.497600e-003	0.000000e+000
1.688063261573541e-007	9.981874e-003	0.000000e+000
1.690368673449521e-007	1.039027e-002	0.000000e+000
1.693077255618946e-007	1.078031e-002	0.000000e+000
1.695515887451776e-007	1.105120e-002	0.000000e+000
1.697820297148749e-007	1.123166e-002	0.000000e+000
1.700202463815392e-007	1.134507e-002	0.000000e+000
1.702468150553713e-007	1.138675e-002	0.000000e+000
1.704665930504540e-007	1.136503e-002	0.000000e+000
1.706940141950044e-007	1.127777e-002	0.000000e+000
1.709746775203813e-007	1.109086e-002	0.000000e+000
1.712347536532565e-007	1.084306e-002	0.000000e+000
1.715277224032565e-007	1.048170e-002	0.000000e+000
1.717978272958215e-007	1.008056e-002	0.000000e+000
1.720421467353430e-007	9.662188e-003	0.000000e+000
1.722800179723452e-007	9.208908e-003	0.000000e+000
1.725025460611053e-007	8.747897e-003	0.000000e+000
1.727258452967710e-007	8.252846e-003	0.000000e+000
1.729471787766463e-007	7.733521e-003	0.000000e+000
1.731975807004960e-007	7.118401e-003	0.000000e+000
1.733954990072134e-007	6.613928e-003	0.000000e+000
1.736080696140308e-007	6.056004e-003	0.000000e+000
1.738143972728395e-007	5.502305e-003	0.000000e+000
1.740749565903052e-007	4.791063e-003	0.000000e+000
1.743328255992005e-007	4.079573e-003	0.000000e+000
1.745840982175882e-007	3.383273e-003	0.000000e+000
1.748388582532324e-007	2.679292e-003	0.000000e+000
1.750949339425228e-007	1.978236e-003	0.000000e+000
1.753304840719620e-007	1.343114e-003	0.000000e+000
1.755564263076602e-007	7.463346e-004	0.000000e+000
1.757827844510670e-007	1.646123e-004	0.000000e+000
1.760573866877788e-007	-5.171225e-004	0.000000e+000
1.763201927713982e-007	-1.143172e-003	0.000000e+000
1.765505852376249e-007	-1.666481e-003	0.000000e+000
1.767675977788661e-007	-2.133958e-003	0.000000e+000
1.770050388541441e-007	-2.616950e-003	0.000000e+000
1.772214570450331e-007	-3.029580e-003	0.000000e+000
1.774526449127980e-007	-3.438899e-003	0.000000e+000
1.776860132242858e-007	-3.818939e-003	0.000000e+000
1.779246502714373e-007	-4.172242e-003	0.000000e+000
1.781507750427126e-007	-4.473024e-003	0.000000e+000
1.783740412279883e-007	-4.733599e-003	0.000000e+000
1.786670099779883e-007	-5.024565e-003	0.000000e+000
1.789599787279884e-007	-5.261104e-003	0.000000e+000
1.792529474779884e-007	-5.440029e-003	0.000000e+000
1.795459162279884e-007	-5.564581e-003	0.000000e+000
1.797857319095621e-007	-5.625916e-003	0.000000e+000
1.799996669714953e-007	-5.647842e-003	0.000000e+000
1.802167213829474e-007	-5.639873e-003	0.000000e+000
1.804485440646288e-007	-5.600632e-003	0.000000e+000
1.806752525846587e-007	-5.533030e-003	0.000000e+000
1.808991551234893e-007	-5.436514e-003	0.000000e+000
1.811921238734893e-007	-5.271236e-003	0.000000e+000
1.814850926234893e-007	-5.067370e-003	0.000000e+000
1.817780613734893e-007	-4.825768e-003	0.000000e+000
1.820710301234893e-007	-4.550179e-003	0.000000e+000
1.823639988734893e-007	-4.245856e-003	0.000000e+000
1.825926056501929e-007	-3.989723e-003	0.000000e+000
1.828280694134828e-007	-3.710371e-003	0.000000e+000
1.830455050501646e-007	-3.441006e-003	0.000000e+000
1.832817353249153e-007	-3.138058e-003	0.000000e+000
1.835008671445050e-007	-2.849109e-003	0.000000e+000
1.837938358945050e-007	-2.454396e-003	0.000000e+000
1.840868046445050e-007	-2.054282e-003	0.000000e+000
1.843797733945050e-007	-1.651926e-003	0.000000e+000
1.846727421445050e-007	-1.251084e-003	0.000000e+000
1.849657108945050e-007	-8.553411e-004	0.000000e+000
1.852586796445050e-007	-4.674645e-004	0.000000e+000
1.854949617405639e-007	-1.626170e-004	0.000000e+000
1.857110598694730e-007	1.083530e-004	0.000000e+000
1.858826339757518e-007	3.172204e-004	0.000000e+000
1.860536324308143e-007	5.188747e-004	0.000000e+000
1.862381273762812e-007	7.290221e-004	0.000000e+000
1.864293623786654e-007	9.381568e-004	0.000000e+000
1.866371126769551e-007	1.154506e-003	0.000000e+000
1.868658647071060e-007	1.378301e-003	0.000000e+000
1.871588334571060e-007	1.643266e-003	0.000000e+000
1.874518022071060e-007	1.883634e-003	0.000000e+000
1.877447709571060e-007	2.097694e-003	0.000000e+000
1.880077065404627e-007	2.266642e-003	0.000000e+000
1.882468315328430e-007	2.400458e-003	0.000000e+000
1.884567581982732e-007	2.502664e-003	0.000000e+000
1.886167534872711e-007	2.569795e-003	0.000000e+000
1.888109997435574e-007	2.639236e-003	0.000000e+000
1.889886957195059e-007	2.691719e-003	0.000000e+000
1.892035166479206e-007	2.741007e-003	0.000000e+000
1.894162447568785e-007	2.774327e-003	0.000000e+000
1.897092135068785e-007	2.796679e-003	0.000000e+000
1.900021822568785e-007	2.794473e-003	0.000000e+000
1.902951510068785e-007	2.766924e-003	0.000000e+000
1.905881197568785e-007	2.715324e-003	0.000000e+000
1.908810885068785e-007	2.641133e-003	0.000000e+000
1.911740572568785e-007	2.545954e-003	0.000000e+000
1.914670260068785e-007	2.431518e-003	0.000000e+000
1.917599947568785e-007	2.299657e-003	0.000000e+000
1.920529635068786e-007	2.152289e-003	0.000000e+000
1.923459322568786e-007	1.991393e-003	0.000000e+000
1.926389010068786e-007	1.818989e-003	0.000000e+000
1.929318697568786e-007	1.637120e-003	0.000000e+000
1.932248385068786e-007	1.447831e-003	0.000000e+000
1.935178072568786e-007	1.253149e-003	0.000000e+000
1.938107760068786e-007	1.055069e-003	0.000000e+000
1.941037447568786e-007	8.555328e-004	0.000000e+000
1.943967135068786e-007	6.564164e-004	0.000000e+000
1.946896822568786e-007	4.595151e-004	0.000000e+000
1.949826510068786e-007	2.665296e-004	0.000000e+000
1.952756197568786e-007	7.905572e-005	0.000000e+000
1.955685885068786e-007	-1.014271e-004	0.000000e+000
1.958615572568786e-007	-2.735638e-004	0.000000e+000
1.961545260068787e-007	-4.361307e-004	0.000000e+000
1.964474947568787e-007	-5.880419e-004	0.000000e+000
1.967404635068787e-007	-7.283530e-004	0.000000e+000
1.970334322568787e-007	-8.562640e-004	0.000000e+000
1.973264010068787e-007	-9.711208e-004	0.000000e+000
1.976193697568787e-007	-1.072415e-003	0.000000e+000
1.979123385068787e-007	-1.159782e-003	0.000000e+000
1.982053072568787e-007	-1.233000e-003	0.000000e+000
1.984982760068787e-007	-1.291984e-003	0.000000e+000
1.987912447568787e-007	-1.336783e-003	0.000000e+000
1.990842135068787e-007	-1.367572e-003	0.000000e+000
1.993771822568787e-007	-1.384648e-003	0.000000e+000
1.996701510068787e-007	-1.388420e-003	0.000000e+000
1.999631197568787e-007	-1.379399e-003	0.000000e+000
2.002560885068788e-007	-1.358194e-003	0.000000e+000
2.005490572568788e-007	-1.325499e-003	0.000000e+000
2.008420260068788e-007	-1.282085e-003	0.000000e+000
2.011349947568788e-007	-1.228788e-003	0.000000e+000
2.014279635068788e-007	-1.166499e-003	0.000000e+000
2.017209322568788e-007	-1.096154e-003	0.000000e+000
2.020139010068788e-007	-1.018726e-003	0.000000e+000
2.023068697568788e-007	-9.352100e-004	0.000000e+000
2.025998385068788e-007	-8.466173e-004	0.000000e+000
2.028928072568788e-007	-7.539626e-004	0.000000e+000
2.031857760068788e-007	-6.582564e-004	0.000000e+000
2.034787447568788e-007	-5.604952e-004	0.000000e+000
2.037717135068788e-007	-4.616535e-004	0.000000e+000
2.040646822568788e-007	-3.626752e-004	0.000000e+000
2.043576510068789e-007	-2.644669e-004	0.000000e+000
2.046506197568789e-007	-1.678906e-004	0.000000e+000
2.049435885068789e-007	-7.375841e-005	0.000000e+000
2.052365572568789e-007	1.717359e-005	0.000000e+000
2.055295260068789e-007	1.042093e-004	0.000000e+000
2.058224947568789e-007	1.867169e-004	0.000000e+000
2.061154635068789e-007	2.641316e-004	0.000000e+000
2.064084322568789e-007	3.359582e-004	0.000000e+000
2.067014010068789e-007	4.017730e-004	0.000000e+000
2.069943697568789e-007	4.612240e-004	0.000000e+000
2.072873385068789e-007	5.140320e-004	0.000000e+000
2.075803072568789e-007	5.599895e-004	0.000000e+000
2.078732760068789e-007	5.989599e-004	0.000000e+000
2.081662447568789e-007	6.308760e-004	0.000000e+000
2.084592135068790e-007	6.557375e-004	0.000000e+000
2.087521822568790e-007	6.736080e-004	0.000000e+000
2.090451510068790e-007	6.846127e-004	0.000000e+000
2.093381197568790e-007	6.889337e-004	0.000000e+000
2.096310885068790e-007	6.868065e-004	0.000000e+000
2.099240572568790e-007	6.785156e-004	0.000000e+000
2.102170260068790e-007	6.643902e-004	0.000000e+000
2.105099947568790e-007	6.447987e-004	0.000000e+000
2.108029635068790e-007	6.201442e-004	0.000000e+000
2.110959322568790e-007	5.908594e-004	0.000000e+000
2.113889010068790e-007	5.574013e-004	0.000000e+000
2.116818697568790e-007	5.202460e-004	0.000000e+000
2.119748385068790e-007	4.798837e-004	0.000000e+000
2.122678072568790e-007	4.368138e-004	0.000000e+000
2.125607760068791e-007	3.915395e-004	0.000000e+000
2.128537447568791e-007	3.445637e-004	0.000000e+000
2.131467135068791e-007	2.963839e-004	0.000000e+000
2.134396822568791e-007	2.474880e-004	0.000000e+000
2.137326510068791e-007	1.983507e-004	0.000000e+000
2.140256197568791e-007	1.494290e-004	0.000000e+000
2.143185885068791e-007	1.011593e-004	0.000000e+000
2.146115572568791e-007	5.395422e-005	0.000000e+000
2.149045260068791e-007	8.199553e-006	0.000000e+000
2.151974947568791e-007	-3.574790e-005	0.000000e+000
2.154904635068791e-007	-7.756246e-005	0.000000e+000
2.157834322568791e-007	-1.169513e-004	0.000000e+000
2.160764010068791e-007	-1.536557e-004	0.000000e+000
2.163693697568791e-007	-1.874519e-004	0.000000e+000
2.166623385068792e-007	-2.181520e-004	0.000000e+000
2.169553072568792e-007	-2.456039e-004	0.000000e+000
2.172482760068792e-007	-2.696913e-004	0.000000e+000
2.175412447568792e-007	-2.903334e-004	0.000000e+000
2.178342135068792e-007	-3.074839e-004	0.000000e+000
2.181271822568792e-007	-3.211306e-004	0.000000e+000
2.184201510068792e-007	-3.312930e-004	0.000000e+000
2.187131197568792e-007	-3.380222e-004	0.000000e+000
2.190060885068792e-007	-3.413981e-004	0.000000e+000
2.192990572568792e-007	-3.415279e-004	0.000000e+000
2.195920260068792e-007	-3.385438e-004	0.000000e+000
2.198849947568792e-007	-3.326012e-004	0.000000e+000
2.201779635068792e-007	-3.238757e-004	0.000000e+000
2.204709322568792e-007	-3.125613e-004	0.000000e+000
2.207639010068793e-007	-2.988675e-004	0.000000e+000
2.210568697568793e-007	-2.830166e-004	0.000000e+000
2.213498385068793e-007	-2.652418e-004	0.000000e+000
2.216428072568793e-007	-2.457839e-004	0.000000e+000
2.219357760068793e-007	-2.248892e-004	0.000000e+000
2.222287447568793e-007	-2.028071e-004	0.000000e+000
2.225217135068793e-007	-1.797873e-004	0.000000e+000
2.228146822568793e-007	-1.560897e-004	0.000000e+000
2.230671703814334e-007	-1.352881e-004	0.000000e+000
2.233317336281899e-007	-1.132885e-004	0.000000e+000
2.235746691298760e-007	-9.306966e-005	0.000000e+000
2.238676378798761e-007	-6.885279e-005	0.000000e+000
2.241606066298761e-007	-4.500260e-005	0.000000e+000
2.244535753798761e-007	-2.172374e-005	0.000000e+000
2.247465441298761e-007	7.954007e-007	0.000000e+000
2.250395128798761e-007	2.245991e-005	0.000000e+000
2.252520374200866e-007	3.750451e-005	0.000000e+000
2.254728402453835e-007	5.242348e-005	0.000000e+000
2.256804586624114e-007	6.575138e-005	0.000000e+000
2.259286255012816e-007	8.075030e-005	0.000000e+000
2.261780086799150e-007	9.474872e-005	0.000000e+000
2.264709774299150e-007	1.097705e-004	0.000000e+000
2.267533867899291e-007	1.228391e-004	0.000000e+000
2.269892552183152e-007	1.325296e-004	0.000000e+000
2.272459828690873e-007	1.417130e-004	0.000000e+000
2.275389516190873e-007	1.506152e-004	0.000000e+000
2.278212299661245e-007	1.575983e-004	0.000000e+000
2.281041511882708e-007	1.630613e-004	0.000000e+000
2.283201208075866e-007	1.661477e-004	0.000000e+000
2.285411222006257e-007	1.682933e-004	0.000000e+000
2.287496556727565e-007	1.693861e-004	0.000000e+000
2.290315121625407e-007	1.695375e-004	0.000000e+000
2.293244809125408e-007	1.682731e-004	0.000000e+000
2.296174496625408e-007	1.656191e-004	0.000000e+000
2.298454094293416e-007	1.626042e-004	0.000000e+000
2.300432883948380e-007	1.592870e-004	0.000000e+000
2.302310479621967e-007	1.555718e-004	0.000000e+000
2.304417860918662e-007	1.508256e-004	0.000000e+000
2.306374478178482e-007	1.458985e-004	0.000000e+000
2.308694230727238e-007	1.394292e-004	0.000000e+000
2.311433761488099e-007	1.310595e-004	0.000000e+000
2.314363448988099e-007	1.213488e-004	0.000000e+000
2.317293136488099e-007	1.109764e-004	0.000000e+000
2.319570517382078e-007	1.025032e-004	0.000000e+000
2.321643995701104e-007	9.450240e-005	0.000000e+000
2.323822718537616e-007	8.586761e-005	0.000000e+000
2.326512813444657e-007	7.498528e-005	0.000000e+000
2.329442500944657e-007	6.296953e-005	0.000000e+000
2.331745178444861e-007	5.346136e-005	0.000000e+000
2.334095255261446e-007	4.375916e-005	0.000000e+000
2.336392412164220e-007	3.434303e-005	0.000000e+000
2.339105995198632e-007	2.337150e-005	0.000000e+000
2.341747960462758e-007	1.290435e-005	0.000000e+000
2.344195506001972e-007	3.466684e-006	0.000000e+000
2.346632420470076e-007	-5.638917e-006	0.000000e+000
2.348683325562777e-007	-1.303509e-005	0.000000e+000
2.350769353577879e-007	-2.027028e-005	0.000000e+000
2.352762254855937e-007	-2.689099e-005	0.000000e+000
2.354910479556474e-007	-3.368989e-005	0.000000e+000
2.356973574729971e-007	-3.987352e-005	0.000000e+000
2.359075013526594e-007	-4.579813e-005	0.000000e+000
2.361143562211425e-007	-5.123227e-005	0.000000e+000
2.363557863004696e-007	-5.707897e-005	0.000000e+000
2.365876968127694e-007	-6.218348e-005	0.000000e+000
2.368348377447431e-007	-6.704718e-005	0.000000e+000
2.370717248390937e-007	-7.112259e-005	0.000000e+000
2.373541376104278e-007	-7.524765e-005	0.000000e+000
2.376244995293328e-007	-7.850845e-005	0.000000e+000
2.378472076445282e-007	-8.065082e-005	0.000000e+000
2.380450007374182e-007	-8.211481e-005	0.000000e+000
2.382456280151086e-007	-8.318022e-005	0.000000e+000
2.384771195486644e-007	-8.391276e-005	0.000000e+000
2.387399417510162e-007	-8.416672e-005	0.000000e+000
2.389821181641811e-007	-8.385941e-005	0.000000e+000
2.392289122288865e-007	-8.300085e-005	0.000000e+000
2.394879848837563e-007	-8.157396e-005	0.000000e+000
2.397111457042845e-007	-7.992193e-005	0.000000e+000
2.399376515439308e-007	-7.785088e-005	0.000000e+000
2.401577582734664e-007	-7.550194e-005	0.000000e+000
2.403570572442372e-007	-7.309645e-005	0.000000e+000
2.405613665389785e-007	-7.037609e-005	0.000000e+000
2.407512391760732e-007	-6.762586e-005	0.000000e+000
2.409920222217337e-007	-6.387225e-005	0.000000e+000
2.412195980974863e-007	-6.008901e-005	0.000000e+000
2.414663622364497e-007	-5.574104e-005	0.000000e+000
2.417450760061217e-007	-5.059962e-005	0.000000e+000
2.419519430728553e-007	-4.664565e-005	0.000000e+000
2.421408707095886e-007	-4.293748e-005	0.000000e+000
2.423355848759193e-007	-3.904409e-005	0.000000e+000
2.425714016791845e-007	-3.426523e-005	0.000000e+000
2.427950330534430e-007	-2.969506e-005	0.000000e+000
2.430221891147499e-007	-2.503825e-005	0.000000e+000
2.432579938267143e-007	-2.021720e-005	0.000000e+000
2.434928914369922e-007	-1.545652e-005	0.000000e+000
2.437456602604855e-007	-1.041156e-005	0.000000e+000
2.440107478090154e-007	-5.237079e-006	0.000000e+000
2.442714970398281e-007	-2.937664e-007	0.000000e+000
2.445207434307777e-007	4.259581e-006	0.000000e+000
2.447932556639251e-007	9.025382e-006	0.000000e+000
2.450393346944549e-007	1.311295e-005	0.000000e+000
2.453005545636697e-007	1.720900e-005	0.000000e+000
2.455212376916807e-007	2.045892e-005	0.000000e+000
2.457447113257307e-007	2.352843e-005	0.000000e+000
2.459732844808399e-007	2.643674e-005	0.000000e+000
2.462086867855700e-007	2.917562e-005	0.000000e+000
2.464629662353978e-007	3.183884e-005	0.000000e+000
2.467199646435354e-007	3.422304e-005	0.000000e+000
2.469564312794464e-007	3.612386e-005	0.000000e+000
2.472112829155152e-007	3.784198e-005	0.000000e+000
2.475042516655152e-007	3.942512e-005	0.000000e+000
2.477939259791875e-007	4.061070e-005	0.000000e+000
2.480154820076559e-007	4.123208e-005	0.000000e+000
2.482661356539482e-007	4.163515e-005	0.000000e+000
2.485036090749797e-007	4.174038e-005	0.000000e+000
2.487965778249797e-007	4.151696e-005	0.000000e+000
2.490895465749797e-007	4.094276e-005	0.000000e+000
2.493825153249798e-007	4.003595e-005	0.000000e+000
2.496147527947188e-007	3.908188e-005	0.000000e+000
2.498503339510312e-007	3.790485e-005	0.000000e+000
2.500758358543671e-007	3.659404e-005	0.000000e+000
2.503688046043671e-007	3.465828e-005	0.000000e+000
2.506617733543671e-007	3.250191e-005	0.000000e+000
2.509547421043671e-007	3.014562e-005	0.000000e+000
2.511963434438847e-007	2.806492e-005	0.000000e+000
2.514511101008479e-007	2.575431e-005	0.000000e+000
2.516816288512965e-007	2.357937e-005	0.000000e+000
2.519578604996378e-007	2.088975e-005	0.000000e+000
2.522508292496378e-007	1.797352e-005	0.000000e+000
2.524799335508323e-007	1.566025e-005	0.000000e+000
2.527196199174013e-007	1.322419e-005	0.000000e+000
2.529364372729538e-007	1.102277e-005	0.000000e+000
2.532294060229538e-007	8.071727e-006	0.000000e+000
2.535223747729538e-007	5.167832e-006	0.000000e+000
2.538153435229538e-007	2.331105e-006	0.000000e+000
2.540494549242318e-007	1.295002e-007	0.000000e+000
2.542721644342785e-007	-1.893722e-006	0.000000e+000
2.545133431570127e-007	-4.000821e-006	0.000000e+000
2.547489432816242e-007	-5.964729e-006	0.000000e+000
2.550112451965368e-007	-8.027376e-006	0.000000e+000
2.553042139465368e-007	-1.017387e-005	0.000000e+000
2.555971826965368e-007	-1.215257e-005	0.000000e+000
2.558360689587669e-007	-1.362448e-005	0.000000e+000
2.560793066841846e-007	-1.497654e-005	0.000000e+000
2.563470535462611e-007	-1.629825e-005	0.000000e+000
2.566400222962611e-007	-1.755653e-005	0.000000e+000
2.568905607059841e-007	-1.846871e-005	0.000000e+000
2.571415693418969e-007	-1.922015e-005	0.000000e+000
2.573935193332290e-007	-1.981696e-005	0.000000e+000
2.576532639594542e-007	-2.026497e-005	0.000000e+000
2.579462327094543e-007	-2.057769e-005	0.000000e+000
2.582392014594543e-007	-2.069591e-005	0.000000e+000
2.585321702094543e-007	-2.062091e-005	0.000000e+000
2.588251389594543e-007	-2.036130e-005	0.000000e+000
2.591181077094543e-007	-1.992705e-005	0.000000e+000
2.594110764594543e-007	-1.932930e-005	0.000000e+000
2.597040452094543e-007	-1.858020e-005	0.000000e+000
2.599970139594543e-007	-1.769535e-005	0.000000e+000
2.602646714421142e-007	-1.677777e-005	0.000000e+000
2.605262265336190e-007	-1.578869e-005	0.000000e+000
2.607847581158709e-007	-1.473136e-005	0.000000e+000
2.610777268658709e-007	-1.345402e-005	0.000000e+000
2.613706956158709e-007	-1.210936e-005	0.000000e+000
2.616636643658709e-007	-1.070978e-005	0.000000e+000
2.619566331158709e-007	-9.271152e-006	0.000000e+000
2.621970493782635e-007	-8.070308e-006	0.000000e+000
2.624428875965197e-007	-6.832116e-006	0.000000e+000
2.627063762225961e-007	-5.504700e-006	0.000000e+000
2.629921540159986e-007	-4.075674e-006	0.000000e+000
2.632851227659986e-007	-2.633258e-006	0.000000e+000
2.635648426699840e-007	-1.288205e-006	0.000000e+000
2.638352405750243e-007	-2.921856e-008	0.000000e+000
2.641282093250243e-007	1.280174e-006	0.000000e+000
2.644211780750243e-007	2.525009e-006	0.000000e+000
2.647141468250243e-007	3.695662e-006	0.000000e+000
2.650071155750243e-007	4.784531e-006	0.000000e+000
2.653000843250243e-007	5.785069e-006	0.000000e+000
2.655930530750243e-007	6.691803e-006	0.000000e+000
2.658860218250243e-007	7.508491e-006	0.000000e+000
2.660858620265505e-007	8.007943e-006	0.000000e+000
2.662807711311040e-007	8.442589e-006	0.000000e+000
2.664894272936719e-007	8.855109e-006	0.000000e+000
2.667159659634473e-007	9.241840e-006	0.000000e+000
2.669657477431153e-007	9.595855e-006	0.000000e+000
2.672248693308543e-007	9.883454e-006	0.000000e+000
2.674959330628171e-007	1.009658e-005	0.000000e+000
2.677889018128171e-007	1.023026e-005	0.000000e+000
2.680818705628171e-007	1.026718e-005	0.000000e+000
2.683748393128172e-007	1.020913e-005	0.000000e+000
2.686678080628172e-007	1.006055e-005	0.000000e+000
2.689607768128172e-007	9.826507e-006	0.000000e+000
2.692537455628172e-007	9.515522e-006	0.000000e+000
2.694994393096344e-007	9.197972e-006	0.000000e+000
2.697309409973439e-007	8.851453e-006	0.000000e+000
2.699816988978343e-007	8.431944e-006	0.000000e+000
2.702170350941000e-007	8.000487e-006	0.000000e+000
2.704697421783653e-007	7.500156e-006	0.000000e+000
2.707211726922161e-007	6.969049e-006	0.000000e+000
2.710141414422161e-007	6.315425e-006	0.000000e+000
2.713071101922161e-007	5.632610e-006	0.000000e+000
2.716000789422162e-007	4.926613e-006	0.000000e+000
2.718930476922162e-007	4.204812e-006	0.000000e+000
2.721860164422162e-007	3.474427e-006	0.000000e+000
2.724789851922162e-007	2.742290e-006	0.000000e+000
2.727476852680407e-007	2.074891e-006	0.000000e+000
2.730084613072706e-007	1.436480e-006	0.000000e+000
2.733014300572706e-007	7.353398e-007	0.000000e+000
2.735943988072707e-007	5.597941e-008	0.000000e+000
2.738873675572707e-007	-5.959490e-007	0.000000e+000
2.741803363072707e-007	-1.215640e-006	0.000000e+000
2.744733050572707e-007	-1.798780e-006	0.000000e+000
2.747662738072707e-007	-2.341563e-006	0.000000e+000
2.750592425572707e-007	-2.840711e-006	0.000000e+000
2.753522113072707e-007	-3.293474e-006	0.000000e+000
2.756451800572707e-007	-3.697639e-006	0.000000e+000
2.759381488072707e-007	-4.051527e-006	0.000000e+000
2.762311175572707e-007	-4.353983e-006	0.000000e+000
2.765240863072707e-007	-4.604372e-006	0.000000e+000
2.768170550572707e-007	-4.802555e-006	0.000000e+000
2.771100238072707e-007	-4.948876e-006	0.000000e+000
2.774029925572707e-007	-5.044136e-006	0.000000e+000
2.776959613072708e-007	-5.089567e-006	0.000000e+000
2.779889300572708e-007	-5.086807e-006	0.000000e+000
2.782818988072708e-007	-5.037862e-006	0.000000e+000
2.785748675572708e-007	-4.945077e-006	0.000000e+000
2.788678363072708e-007	-4.811100e-006	0.000000e+000
2.791608050572708e-007	-4.638844e-006	0.000000e+000
2.794537738072708e-007	-4.431452e-006	0.000000e+000
2.797467425572708e-007	-4.192256e-006	0.000000e+000
2.800397113072708e-007	-3.924742e-006	0.000000e+000
2.803326800572708e-007	-3.632508e-006	0.000000e+000
2.806256488072708e-007	-3.319232e-006	0.000000e+000
2.809186175572708e-007	-2.988630e-006	0.000000e+000
2.812115863072708e-007	-2.644424e-006	0.000000e+000
2.815045550572708e-007	-2.290306e-006	0.000000e+000
2.817975238072709e-007	-1.929907e-006	0.000000e+000
2.820904925572709e-007	-1.566766e-006	0.000000e+000
2.823834613072709e-007	-1.204300e-006	0.000000e+000
2.826764300572709e-007	-8.457804e-007	0.000000e+000
2.829693988072709e-007	-4.943087e-007	0.000000e+000
2.832623675572709e-007	-1.527937e-007	0.000000e+000
2.835553363072709e-007	1.760659e-007	0.000000e+000
2.838483050572709e-007	4.897972e-007	0.000000e+000
2.841412738072709e-007	7.861672e-007	0.000000e+000
2.844342425572709e-007	1.063192e-006	0.000000e+000
2.847272113072709e-007	1.319147e-006	0.000000e+000
2.850201800572709e-007	1.552568e-006	0.000000e+000
2.853131488072709e-007	1.762258e-006	0.000000e+000
2.856061175572709e-007	1.947283e-006	0.000000e+000
2.858990863072710e-007	2.106976e-006	0.000000e+000
2.861920550572710e-007	2.240923e-006	0.000000e+000
2.864850238072710e-007	2.348966e-006	0.000000e+000
2.867779925572710e-007	2.431185e-006	0.000000e+000
2.870709613072710e-007	2.487895e-006	0.000000e+000
2.873639300572710e-007	2.519628e-006	0.000000e+000
2.876568988072710e-007	2.527123e-006	0.000000e+000
2.879498675572710e-007	2.511309e-006	0.000000e+000
2.882428363072710e-007	2.473289e-006	0.000000e+000
2.885358050572710e-007	2.414321e-006	0.000000e+000
2.888287738072710e-007	2.335804e-006	0.000000e+000
2.891217425572710e-007	2.239257e-006	0.000000e+000
2.894147113072710e-007	2.126299e-006	0.000000e+000
2.897076800572710e-007	1.998635e-006	0.000000e+000
2.900006488072711e-007	1.858030e-006	0.000000e+000
2.902936175572711e-007	1.706298e-006	0.000000e+000
2.905865863072711e-007	1.545275e-006	0.000000e+000
2.908795550572711e-007	1.376811e-006	0.000000e+000
2.911725238072711e-007	1.202745e-006	0.000000e+000
2.914654925572711e-007	1.024890e-006	0.000000e+000
2.917584613072711e-007	8.450226e-007	0.000000e+000
2.920514300572711e-007	6.648617e-007	0.000000e+000
2.923443988072711e-007	4.860592e-007	0.000000e+000
2.926373675572711e-007	3.101867e-007	0.000000e+000
2.929303363072711e-007	1.387245e-007	0.000000e+000
2.932233050572711e-007	-2.694827e-008	0.000000e+000
2.935162738072711e-007	-1.855618e-007	0.000000e+000
2.938092425572711e-007	-3.359628e-007	0.000000e+000
2.941022113072712e-007	-4.771202e-007	0.000000e+000
2.943951800572712e-007	-6.081293e-007	0.000000e+000
2.946881488072712e-007	-7.282151e-007	0.000000e+000
2.949811175572712e-007	-8.367340e-007	0.000000e+000
2.952740863072712e-007	-9.331739e-007	0.000000e+000
2.955670550572712e-007	-1.017154e-006	0.000000e+000
2.958600238072712e-007	-1.088422e-006	0.000000e+000
2.961529925572712e-007	-1.146853e-006	0.000000e+000
2.964459613072712e-007	-1.192442e-006	0.000000e+000
2.967389300572712e-007	-1.225303e-006	0.000000e+000
2.970318988072712e-007	-1.245660e-006	0.000000e+000
2.973248675572712e-007	-1.253842e-006	0.000000e+000
2.976178363072712e-007	-1.250276e-006	0.000000e+000
2.979108050572712e-007	-1.235477e-006	0.000000e+000
2.982037738072713e-007	-1.210041e-006	0.000000e+000
2.984967425572713e-007	-1.174638e-006	0.000000e+000
2.987897113072713e-007	-1.130001e-006	0.000000e+000
2.990826800572713e-007	-1.076914e-006	0.000000e+000
2.993756488072713e-007	-1.016209e-006	0.000000e+000
2.996686175572713e-007	-9.487514e-007	0.000000e+000
2.999615863072713e-007	-8.764964e-007	0.000000e+000
3.000000000000000e-007	-8.666316e-007	0.000000e+000
