time	V(-1)	V(1)
0.000000000000000e+000	0.000000e+000	0.000000e+000
2.929687488293547e-015	0.000000e+000	3.906250e-007
5.859374976587093e-015	0.000000e+000	7.812500e-007
6.862165151151572e-012	0.000000e+000	9.149554e-004
1.371847092732656e-011	0.000000e+000	1.829129e-003
2.057477670350154e-011	0.000000e+000	2.743304e-003
2.743108247967653e-011	0.000000e+000	3.657478e-003
3.428738825585152e-011	0.000000e+000	4.571652e-003
4.114369403202650e-011	0.000000e+000	5.485826e-003
4.799999980820147e-011	0.000000e+000	6.400000e-003
9.599999961640293e-011	0.000000e+000	1.280000e-002
1.410731006471519e-010	0.000000e+000	1.880975e-002
1.800360484699701e-010	0.000000e+000	2.400481e-002
2.163501570313949e-010	0.000000e+000	2.884669e-002
2.557089429210023e-010	0.000000e+000	3.409453e-002
2.969943986102463e-010	0.000000e+000	3.959925e-002
3.470930070944919e-010	0.000000e+000	4.627907e-002
4.032572126221141e-010	0.000000e+000	5.376763e-002
4.706226872507808e-010	0.000000e+000	6.274969e-002
5.474284788203255e-010	0.000000e+000	7.299046e-002
6.387325747219689e-010	0.000000e+000	8.516435e-002
7.218928646574491e-010	0.000000e+000	9.625238e-002
7.986966359274605e-010	0.000000e+000	1.064929e-001
8.831181213339970e-010	0.000000e+000	1.177491e-001
9.724007427536876e-010	0.000000e+000	1.296534e-001
1.073084174266352e-009	0.000000e+000	1.430779e-001
1.182204533962823e-009	0.000000e+000	1.576273e-001
1.304728466736237e-009	0.000000e+000	1.739638e-001
1.438988760422154e-009	0.000000e+000	1.918652e-001
1.553610844007864e-009	0.000000e+000	2.071481e-001
1.677156280410468e-009	0.000000e+000	2.236208e-001
1.802244199196261e-009	0.000000e+000	2.402992e-001
1.941395076561270e-009	0.000000e+000	2.588527e-001
2.087498883171345e-009	0.000000e+000	2.783332e-001
2.249028145586674e-009	0.000000e+000	2.998704e-001
2.393473443052887e-009	0.000000e+000	3.191298e-001
2.557607730782452e-009	0.000000e+000	3.410144e-001
2.705920629801728e-009	0.000000e+000	3.607894e-001
2.879542706824670e-009	0.000000e+000	3.839390e-001
3.050004811663141e-009	0.000000e+000	4.066673e-001
3.243884494999620e-009	0.000000e+000	4.325179e-001
3.413873002615502e-009	0.000000e+000	4.551831e-001
3.595522273086035e-009	0.000000e+000	4.794030e-001
3.777246855753268e-009	0.000000e+000	5.036329e-001
3.974935598602505e-009	0.000000e+000	5.299914e-001
4.178901439527921e-009	0.000000e+000	5.571868e-001
4.399584584231137e-009	0.000000e+000	5.866113e-001
4.598923817806871e-009	0.000000e+000	6.131898e-001
4.810263740450750e-009	0.000000e+000	6.413685e-001
5.023594239050839e-009	0.000000e+000	6.698126e-001
5.253088382775351e-009	0.000000e+000	7.004118e-001
5.490449317296449e-009	0.000000e+000	7.320599e-001
5.711348991717422e-009	0.000000e+000	7.615132e-001
5.942815853243385e-009	0.000000e+000	7.923754e-001
6.178325802656296e-009	0.000000e+000	8.237768e-001
6.428869668486390e-009	0.000000e+000	8.571826e-001
6.659885873727126e-009	0.000000e+000	8.879848e-001
6.902877270052340e-009	0.000000e+000	9.203836e-001
7.147864594894452e-009	0.000000e+000	9.530486e-001
7.239389682463406e-009	0.000000e+000	9.652520e-001
7.316949824862092e-009	0.000000e+000	9.755933e-001
7.344879715202627e-009	0.000000e+000	9.793173e-001
7.400739495883697e-009	0.000000e+000	9.867653e-001
7.499999999999999e-009	0.000000e+000	1.000000e+000
7.509926050411629e-009	0.000000e+000	1.000000e+000
7.529778151234890e-009	0.000000e+000	1.000000e+000
7.569482352881410e-009	0.000000e+000	1.000000e+000
7.648890756174452e-009	0.000000e+000	1.000000e+000
7.807707562760536e-009	0.000000e+000	1.000000e+000
8.063324941794527e-009	0.000000e+000	1.000000e+000
8.299945837939229e-009	0.000000e+000	1.000000e+000
8.589209301274252e-009	0.000000e+000	1.000000e+000
8.859868091956582e-009	0.000000e+000	1.000000e+000
9.152836841956583e-009	0.000000e+000	1.000000e+000
9.418426852785977e-009	0.000000e+000	1.000000e+000
9.711395602785978e-009	0.000000e+000	1.000000e+000
1.000288658825360e-008	0.000000e+000	1.000000e+000
1.029585533825361e-008	0.000000e+000	1.000000e+000
1.058171604331684e-008	0.000000e+000	1.000000e+000
1.087468479331684e-008	0.000000e+000	1.000000e+000
1.116765354331684e-008	0.000000e+000	1.000000e+000
1.146062229331684e-008	0.000000e+000	1.000000e+000
1.175359104331684e-008	0.000000e+000	1.000000e+000
1.204655979331684e-008	0.000000e+000	1.000000e+000
1.233952854331684e-008	0.000000e+000	1.000000e+000
1.263249729331684e-008	0.000000e+000	1.000000e+000
1.292546604331684e-008	0.000000e+000	1.000000e+000
1.321843479331685e-008	0.000000e+000	1.000000e+000
1.351140354331685e-008	0.000000e+000	1.000000e+000
1.380437229331685e-008	0.000000e+000	1.000000e+000
1.409734104331685e-008	0.000000e+000	1.000000e+000
1.439030979331685e-008	0.000000e+000	1.000000e+000
1.468327854331685e-008	0.000000e+000	1.000000e+000
1.497624729331685e-008	0.000000e+000	1.000000e+000
1.526921604331685e-008	0.000000e+000	1.000000e+000
1.556218479331685e-008	0.000000e+000	1.000000e+000
1.585515354331685e-008	0.000000e+000	1.000000e+000
1.614812229331685e-008	0.000000e+000	1.000000e+000
1.644109104331685e-008	0.000000e+000	1.000000e+000
1.673405979331685e-008	0.000000e+000	1.000000e+000
1.702702854331685e-008	0.000000e+000	1.000000e+000
1.731999729331685e-008	0.000000e+000	1.000000e+000
1.761296604331685e-008	0.000000e+000	1.000000e+000
1.790593479331685e-008	0.000000e+000	1.000000e+000
1.819890354331685e-008	0.000000e+000	1.000000e+000
1.849187229331685e-008	0.000000e+000	1.000000e+000
1.878484104331685e-008	0.000000e+000	1.000000e+000
1.907780979331685e-008	0.000000e+000	1.000000e+000
1.937077854331685e-008	0.000000e+000	1.000000e+000
1.966374729331685e-008	0.000000e+000	1.000000e+000
1.995671604331686e-008	0.000000e+000	1.000000e+000
2.024968479331686e-008	0.000000e+000	1.000000e+000
2.054265354331686e-008	0.000000e+000	1.000000e+000
2.083562229331686e-008	0.000000e+000	1.000000e+000
2.112859104331686e-008	0.000000e+000	1.000000e+000
2.142155979331686e-008	0.000000e+000	1.000000e+000
2.171452854331686e-008	0.000000e+000	1.000000e+000
2.200749729331686e-008	0.000000e+000	1.000000e+000
2.230046604331686e-008	0.000000e+000	1.000000e+000
2.259343479331686e-008	0.000000e+000	1.000000e+000
2.288640354331686e-008	0.000000e+000	1.000000e+000
2.317937229331686e-008	0.000000e+000	1.000000e+000
2.347234104331686e-008	0.000000e+000	1.000000e+000
2.376530979331686e-008	0.000000e+000	1.000000e+000
2.405827854331686e-008	0.000000e+000	1.000000e+000
2.435124729331686e-008	0.000000e+000	1.000000e+000
2.464421604331686e-008	0.000000e+000	1.000000e+000
2.493718479331686e-008	0.000000e+000	1.000000e+000
2.523015354331686e-008	0.000000e+000	1.000000e+000
2.552312229331686e-008	0.000000e+000	1.000000e+000
2.581609104331687e-008	0.000000e+000	1.000000e+000
2.610905979331687e-008	0.000000e+000	1.000000e+000
2.640202854331687e-008	0.000000e+000	1.000000e+000
2.669499729331687e-008	0.000000e+000	1.000000e+000
2.698796604331687e-008	0.000000e+000	1.000000e+000
2.728093479331687e-008	0.000000e+000	1.000000e+000
2.757390354331687e-008	0.000000e+000	1.000000e+000
2.786687229331687e-008	0.000000e+000	1.000000e+000
2.815984104331687e-008	0.000000e+000	1.000000e+000
2.845280979331687e-008	0.000000e+000	1.000000e+000
2.874577854331687e-008	0.000000e+000	1.000000e+000
2.903874729331687e-008	0.000000e+000	1.000000e+000
2.933171604331687e-008	0.000000e+000	1.000000e+000
2.962468479331687e-008	0.000000e+000	1.000000e+000
2.991765354331687e-008	0.000000e+000	1.000000e+000
3.021062229331687e-008	0.000000e+000	1.000000e+000
3.050359104331687e-008	0.000000e+000	1.000000e+000
3.079655979331687e-008	0.000000e+000	1.000000e+000
3.108952854331687e-008	0.000000e+000	1.000000e+000
3.138249729331687e-008	0.000000e+000	1.000000e+000
3.167546604331688e-008	0.000000e+000	1.000000e+000
3.196843479331688e-008	1.401298e-045	1.000000e+000
3.226140354331688e-008	2.802597e-045	1.000000e+000
3.255437229331688e-008	8.407791e-045	1.000000e+000
3.284734104331688e-008	2.382207e-044	1.000000e+000
3.314030979331688e-008	6.165713e-044	1.000000e+000
3.343327854331688e-008	1.541428e-043	1.000000e+000
3.372624729331688e-008	3.881597e-043	1.000000e+000
3.401921604331688e-008	9.682972e-043	1.000000e+000
3.431218479331688e-008	2.394819e-042	1.000000e+000
3.460515354331688e-008	5.877046e-042	1.000000e+000
3.489812229331688e-008	1.431987e-041	1.000000e+000
3.519109104331688e-008	3.463870e-041	1.000000e+000
3.548405979331688e-008	8.318528e-041	1.000000e+000
3.577702854331688e-008	1.983524e-040	1.000000e+000
3.606999729331688e-008	4.696536e-040	1.000000e+000
3.636296604331688e-008	1.104338e-039	1.000000e+000
3.665593479331688e-008	2.578975e-039	1.000000e+000
3.694890354331688e-008	5.982017e-039	1.000000e+000
3.724187229331688e-008	1.378285e-038	1.000000e+000
3.753484104331689e-008	3.154681e-038	1.000000e+000
3.782780979331689e-008	7.173481e-038	1.000000e+000
3.812077854331689e-008	1.620672e-037	1.000000e+000
3.841374729331689e-008	3.638172e-037	1.000000e+000
3.870671604331689e-008	8.115689e-037	1.000000e+000
3.899968479331689e-008	1.799088e-036	1.000000e+000
3.929265354331689e-008	3.963642e-036	1.000000e+000
3.958562229331689e-008	8.679224e-036	1.000000e+000
3.987859104331689e-008	1.889039e-035	1.000000e+000
4.017155979331689e-008	4.086981e-035	1.000000e+000
4.046452854331689e-008	8.790104e-035	1.000000e+000
4.075749729331689e-008	1.879500e-034	1.000000e+000
4.105046604331689e-008	3.995532e-034	1.000000e+000
4.134343479331689e-008	8.445335e-034	1.000000e+000
4.163640354331689e-008	1.774986e-033	1.000000e+000
4.192937229331689e-008	3.709661e-033	1.000000e+000
4.222234104331689e-008	7.710093e-033	1.000000e+000
4.251530979331689e-008	1.593659e-032	1.000000e+000
4.280827854331689e-008	3.276163e-032	1.000000e+000
4.310124729331690e-008	6.698744e-032	1.000000e+000
4.339421604331690e-008	1.362393e-031	1.000000e+000
4.368718479331690e-008	2.756226e-031	1.000000e+000
4.398015354331690e-008	5.546937e-031	1.000000e+000
4.427312229331690e-008	1.110553e-030	1.000000e+000
4.456609104331690e-008	2.212049e-030	1.000000e+000
4.485905979331690e-008	4.383696e-030	1.000000e+000
4.515202854331690e-008	8.643651e-030	1.000000e+000
4.544499729331690e-008	1.695842e-029	1.000000e+000
4.573796604331690e-008	3.310739e-029	1.000000e+000
4.603093479331690e-008	6.431846e-029	1.000000e+000
4.632390354331690e-008	1.243474e-028	1.000000e+000
4.661687229331690e-008	2.392474e-028	1.000000e+000
4.690984104331690e-008	4.581270e-028	1.000000e+000
4.720280979331690e-008	8.731141e-028	1.000000e+000
4.749577854331690e-008	1.656230e-027	1.000000e+000
4.778874729331690e-008	3.127177e-027	1.000000e+000
4.808171604331690e-008	5.877383e-027	1.000000e+000
4.837468479331690e-008	1.099594e-026	1.000000e+000
4.866765354331690e-008	2.047927e-026	1.000000e+000
4.896062229331691e-008	3.797054e-026	1.000000e+000
4.925359104331691e-008	7.008833e-026	1.000000e+000
4.954655979331691e-008	1.288034e-025	1.000000e+000
4.983952854331691e-008	2.356717e-025	1.000000e+000
5.013249729331691e-008	4.293400e-025	1.000000e+000
5.042546604331691e-008	7.787974e-025	1.000000e+000
5.071843479331691e-008	1.406669e-024	1.000000e+000
5.101140354331691e-008	2.529987e-024	1.000000e+000
5.130437229331691e-008	4.531253e-024	1.000000e+000
5.159734104331691e-008	8.081763e-024	1.000000e+000
5.189030979331691e-008	1.435476e-023	1.000000e+000
5.218327854331691e-008	2.539226e-023	1.000000e+000
5.247624729331691e-008	4.473384e-023	1.000000e+000
5.276921604331691e-008	7.848990e-023	1.000000e+000
5.306218479331691e-008	1.371663e-022	1.000000e+000
5.335515354331691e-008	2.387536e-022	1.000000e+000
5.364812229331691e-008	4.139370e-022	1.000000e+000
5.394109104331691e-008	7.148464e-022	1.000000e+000
5.423405979331691e-008	1.229697e-021	1.000000e+000
5.452702854331691e-008	2.107182e-021	1.000000e+000
5.481999729331692e-008	3.596971e-021	1.000000e+000
5.511296604331692e-008	6.116661e-021	1.000000e+000
5.540593479331692e-008	1.036206e-020	1.000000e+000
5.569890354331692e-008	1.748813e-020	1.000000e+000
5.599187229331692e-008	2.940476e-020	1.000000e+000
5.628484104331692e-008	4.925835e-020	1.000000e+000
5.657780979331692e-008	8.221307e-020	1.000000e+000
5.687077854331692e-008	1.367135e-019	1.000000e+000
5.716374729331692e-008	2.265177e-019	1.000000e+000
5.745671604331692e-008	3.739585e-019	1.000000e+000
5.774968479331692e-008	6.151561e-019	1.000000e+000
5.804265354331692e-008	1.008319e-018	1.000000e+000
5.833562229331692e-008	1.646916e-018	1.000000e+000
5.862859104331692e-008	2.680496e-018	1.000000e+000
5.892155979331692e-008	4.347495e-018	1.000000e+000
5.921452854331692e-008	7.026715e-018	1.000000e+000
5.950749729331692e-008	1.131786e-017	1.000000e+000
5.980046604331692e-008	1.816705e-017	1.000000e+000
6.009343479331692e-008	2.906171e-017	1.000000e+000
6.038640354331691e-008	4.633230e-017	1.000000e+000
6.067937229331691e-008	7.361747e-017	1.000000e+000
6.097234104331690e-008	1.165792e-016	1.000000e+000
6.126530979331689e-008	1.839978e-016	1.000000e+000
6.155827854331689e-008	2.894436e-016	1.000000e+000
6.185124729331688e-008	4.538197e-016	1.000000e+000
6.214421604331687e-008	7.092162e-016	1.000000e+000
6.243718479331687e-008	1.104734e-015	1.000000e+000
6.273015354331686e-008	1.715255e-015	1.000000e+000
6.302312229331686e-008	2.654600e-015	1.000000e+000
6.331609104331685e-008	4.095209e-015	1.000000e+000
6.360905979331684e-008	6.297490e-015	1.000000e+000
6.390202854331684e-008	9.653402e-015	1.000000e+000
6.419499729331683e-008	1.475102e-014	1.000000e+000
6.448796604331683e-008	2.246980e-014	1.000000e+000
6.478093479331682e-008	3.412080e-014	1.000000e+000
6.507390354331681e-008	5.165218e-014	1.000000e+000
6.536687229331681e-008	7.794967e-014	1.000000e+000
6.565984104331680e-008	1.172742e-013	1.000000e+000
6.595280979331680e-008	1.758977e-013	1.000000e+000
6.624577854331679e-008	2.630226e-013	1.000000e+000
6.653874729331678e-008	3.921101e-013	1.000000e+000
6.683171604331678e-008	5.827882e-013	1.000000e+000
6.712468479331677e-008	8.635895e-013	1.000000e+000
6.741765354331676e-008	1.275862e-012	1.000000e+000
6.771062229331676e-008	1.879342e-012	1.000000e+000
6.800359104331675e-008	2.760065e-012	1.000000e+000
6.829655979331675e-008	4.041567e-012	1.000000e+000
6.858952854331674e-008	5.900687e-012	1.000000e+000
6.888249729331673e-008	8.589802e-012	1.000000e+000
6.917546604331673e-008	1.246800e-011	1.000000e+000
6.946843479331672e-008	1.804467e-011	1.000000e+000
6.976140354331672e-008	2.604019e-011	1.000000e+000
7.005437229331671e-008	3.747036e-011	1.000000e+000
7.034734104331670e-008	5.376316e-011	1.000000e+000
7.064030979331670e-008	7.692008e-011	1.000000e+000
7.093327854331669e-008	1.097381e-010	1.000000e+000
7.122624729331669e-008	1.561141e-010	1.000000e+000
7.151921604331668e-008	2.214618e-010	1.000000e+000
7.181218479331667e-008	3.132793e-010	1.000000e+000
7.210515354331667e-008	4.419213e-010	1.000000e+000
7.239812229331666e-008	6.216457e-010	1.000000e+000
7.269109104331665e-008	8.720265e-010	1.000000e+000
7.298405979331665e-008	1.219858e-009	1.000000e+000
7.327702854331664e-008	1.701709e-009	1.000000e+000
7.356999729331664e-008	2.367348e-009	1.000000e+000
7.386296604331663e-008	3.284303e-009	1.000000e+000
7.415593479331662e-008	4.543935e-009	1.000000e+000
7.444890354331662e-008	6.269493e-009	1.000000e+000
7.474187229331661e-008	8.626759e-009	1.000000e+000
7.503484104331661e-008	1.183808e-008	1.000000e+000
7.532780979331660e-008	1.620079e-008	1.000000e+000
7.562077854331659e-008	2.211138e-008	1.000000e+000
7.591374729331659e-008	3.009700e-008	1.000000e+000
7.620671604331658e-008	4.085652e-008	1.000000e+000
7.649968479331658e-008	5.531376e-008	1.000000e+000
7.679265354331657e-008	7.468638e-008	1.000000e+000
7.708562229331656e-008	1.005747e-007	1.000000e+000
7.737859104331656e-008	1.350759e-007	1.000000e+000
7.767155979331655e-008	1.809304e-007	1.000000e+000
7.796452854331654e-008	2.417083e-007	1.000000e+000
7.825749729331654e-008	3.220482e-007	1.000000e+000
7.855046604331653e-008	4.279582e-007	1.000000e+000
7.884343479331653e-008	5.671987e-007	1.000000e+000
7.913640354331652e-008	7.497642e-007	1.000000e+000
7.942937229331651e-008	9.884884e-007	1.000000e+000
7.972234104331651e-008	1.299804e-006	1.000000e+000
8.001530979331650e-008	1.704689e-006	1.000000e+000
8.030827854331650e-008	2.229847e-006	1.000000e+000
8.060124729331649e-008	2.909172e-006	1.000000e+000
8.089421604331648e-008	3.785555e-006	1.000000e+000
8.118718479331648e-008	4.913115e-006	1.000000e+000
8.148015354331647e-008	6.359935e-006	1.000000e+000
8.177312229331647e-008	8.211417e-006	1.000000e+000
8.206609104331646e-008	1.057437e-005	1.000000e+000
8.235905979331645e-008	1.358195e-005	1.000000e+000
8.265202854331645e-008	1.739973e-005	1.000000e+000
8.294499729331644e-008	2.223292e-005	1.000000e+000
8.323796604331643e-008	2.833507e-005	1.000000e+000
8.353093479331643e-008	3.601859e-005	1.000000e+000
8.382390354331642e-008	4.566718e-005	1.000000e+000
8.411687229331642e-008	5.775067e-005	1.000000e+000
8.440984104331641e-008	7.284262e-005	1.000000e+000
8.470280979331640e-008	9.164101e-005	1.000000e+000
8.499577854331640e-008	1.149926e-004	1.000000e+000
8.528874729331639e-008	1.439216e-004	1.000000e+000
8.558171604331639e-008	1.796624e-004	1.000000e+000
8.587468479331638e-008	2.236988e-004	1.000000e+000
8.616765354331637e-008	2.778082e-004	1.000000e+000
8.646062229331637e-008	3.441126e-004	1.000000e+000
8.675359104331636e-008	4.251377e-004	1.000000e+000
8.704655979331636e-008	5.238794e-004	1.000000e+000
8.733952854331635e-008	6.438800e-004	1.000000e+000
8.763249729331634e-008	7.893131e-004	1.000000e+000
8.792546604331634e-008	9.650799e-004	1.000000e+000
8.821843479331633e-008	1.176916e-003	1.000000e+000
8.851140354331632e-008	1.431511e-003	1.000000e+000
8.880437229331632e-008	1.736637e-003	1.000000e+000
8.909734104331631e-008	2.101294e-003	1.000000e+000
8.939030979331631e-008	2.535867e-003	1.000000e+000
8.968327854331630e-008	3.052290e-003	1.000000e+000
8.997624729331629e-008	3.664230e-003	1.000000e+000
9.026921604331629e-008	4.387276e-003	1.000000e+000
9.056218479331628e-008	5.239141e-003	1.000000e+000
9.085515354331628e-008	6.239870e-003	1.000000e+000
9.114812229331627e-008	7.412053e-003	1.000000e+000
9.144109104331626e-008	8.781043e-003	1.000000e+000
9.173405979331626e-008	1.037517e-002	1.000000e+000
9.202702854331625e-008	1.222596e-002	1.000000e+000
9.231999729331625e-008	1.436830e-002	1.000000e+000
9.261296604331624e-008	1.684068e-002	1.000000e+000
9.290593479331623e-008	1.968526e-002	1.000000e+000
9.319890354331623e-008	2.294810e-002	1.000000e+000
9.349187229331622e-008	2.667915e-002	1.000000e+000
9.378484104331621e-008	3.093234e-002	1.000000e+000
9.407780979331621e-008	3.576551e-002	1.000000e+000
9.437077854331620e-008	4.124036e-002	1.000000e+000
9.466374729331620e-008	4.742224e-002	1.000000e+000
9.495671604331619e-008	5.437987e-002	1.000000e+000
9.524968479331618e-008	6.218500e-002	1.000000e+000
9.554265354331618e-008	7.091188e-002	1.000000e+000
9.583562229331617e-008	8.063670e-002	1.000000e+000
9.612859104331617e-008	9.143677e-002	1.000000e+000
9.642155979331616e-008	1.033898e-001	1.000000e+000
9.671452854331615e-008	1.165726e-001	1.000000e+000
9.700749729331615e-008	1.310605e-001	1.000000e+000
9.730046604331614e-008	1.469251e-001	1.000000e+000
9.759343479331614e-008	1.642339e-001	1.000000e+000
9.788640354331613e-008	1.830482e-001	1.000000e+000
9.817937229331612e-008	2.034213e-001	1.000000e+000
9.847234104331612e-008	2.253972e-001	1.000000e+000
9.876530979331611e-008	2.490086e-001	1.000000e+000
9.905827854331610e-008	2.742749e-001	1.000000e+000
9.935124729331610e-008	3.012008e-001	1.000000e+000
9.964421604331609e-008	3.297741e-001	1.000000e+000
9.993718479331609e-008	3.599643e-001	1.000000e+000
1.002301535433161e-007	3.917206e-001	1.000000e+000
1.005231222933161e-007	4.249713e-001	1.000000e+000
1.008160910433161e-007	4.596221e-001	1.000000e+000
1.011090597933161e-007	4.955554e-001	1.000000e+000
1.014020285433161e-007	5.326297e-001	1.000000e+000
1.016949972933161e-007	5.706801e-001	1.000000e+000
1.019879660433160e-007	6.095181e-001	1.000000e+000
1.022809347933160e-007	6.489326e-001	1.000000e+000
1.025739035433160e-007	6.886917e-001	1.000000e+000
1.028668722933160e-007	7.285442e-001	1.000000e+000
1.031598410433160e-007	7.682223e-001	1.000000e+000
1.034528097933160e-007	8.074449e-001	1.000000e+000
1.037457785433160e-007	8.459210e-001	1.000000e+000
1.040387472933160e-007	8.833540e-001	1.000000e+000
1.043317160433160e-007	9.194460e-001	1.000000e+000
1.046246847933160e-007	9.539031e-001	1.000000e+000
1.049176535433160e-007	9.864408e-001	1.000000e+000
1.052106222933160e-007	1.016789e+000	1.000000e+000
1.055035910433160e-007	1.044698e+000	1.000000e+000
1.057965597933160e-007	1.069944e+000	1.000000e+000
1.060895285433160e-007	1.092334e+000	1.000000e+000
1.063824972933160e-007	1.111711e+000	1.000000e+000
1.066754660433160e-007	1.127958e+000	1.000000e+000
1.069684347933159e-007	1.141153e+000	1.000000e+000
1.072070312500000e-007	1.149391e+000	1.000000e+000
1.075000000000000e-007	1.157234e+000	1.000000e+000
1.075292968750000e-007	1.157750e+000	9.960938e-001
1.075878906250000e-007	1.158689e+000	9.882813e-001
1.077050781250000e-007	1.160112e+000	9.726563e-001
1.079394531250000e-007	1.161508e+000	9.414063e-001
1.082324218750000e-007	1.160922e+000	9.023438e-001
1.085253906250000e-007	1.157722e+000	8.632813e-001
1.088183593750000e-007	1.151988e+000	8.242188e-001
1.091113281250000e-007	1.143996e+000	7.851563e-001
1.094042968749999e-007	1.134056e+000	7.460938e-001
1.096972656249999e-007	1.122508e+000	7.070313e-001
1.099902343749999e-007	1.109714e+000	6.679688e-001
1.102832031249999e-007	1.096050e+000	6.289063e-001
1.105761718749999e-007	1.081897e+000	5.898438e-001
1.108691406249999e-007	1.067635e+000	5.507813e-001
1.111621093749999e-007	1.053628e+000	5.117188e-001
1.114550781249999e-007	1.040221e+000	4.726563e-001
1.117480468749999e-007	1.027729e+000	4.335938e-001
1.120410156249999e-007	1.016430e+000	3.945313e-001
1.123339843749999e-007	1.006558e+000	3.554688e-001
1.126269531249999e-007	9.982969e-001	3.164063e-001
1.129199218749999e-007	9.917795e-001	2.773438e-001
1.132128906249999e-007	9.870814e-001	2.382813e-001
1.135058593749999e-007	9.842225e-001	1.992188e-001
1.137988281249999e-007	9.831672e-001	1.601563e-001
1.140917968749999e-007	9.838276e-001	1.210938e-001
1.143847656249998e-007	9.860674e-001	8.203125e-002
1.146777343749998e-007	9.894418e-001	4.296875e-002
1.147070312500000e-007	9.898560e-001	3.906250e-002
1.147656250000003e-007	9.907889e-001	3.125000e-002
1.148828125000009e-007	9.927738e-001	1.562500e-002
1.150000000000000e-007	9.948631e-001	0.000000e+000
1.150002578127844e-007	9.948679e-001	0.000000e+000
1.150007734383531e-007	9.948777e-001	0.000000e+000
1.150194832804173e-007	9.952331e-001	0.000000e+000
1.150381931224816e-007	9.955928e-001	0.000000e+000
1.150569029645458e-007	9.959568e-001	0.000000e+000
1.150756128066101e-007	9.963250e-001	0.000000e+000
1.150943226486743e-007	9.966976e-001	0.000000e+000
1.151130324907386e-007	9.970745e-001	0.000000e+000
1.151317423328028e-007	9.974556e-001	0.000000e+000
1.152637424783900e-007	1.000240e+000	0.000000e+000
1.155277427695643e-007	1.006135e+000	0.000000e+000
1.158207115195643e-007	1.012996e+000	0.000000e+000
1.161136802695643e-007	1.020018e+000	0.000000e+000
1.164066490195643e-007	1.026957e+000	0.000000e+000
1.166996177695643e-007	1.033571e+000	0.000000e+000
1.169925865195643e-007	1.039644e+000	0.000000e+000
1.172855552695643e-007	1.044995e+000	0.000000e+000
1.175785240195643e-007	1.049478e+000	0.000000e+000
1.178714927695643e-007	1.052986e+000	0.000000e+000
1.181644615195643e-007	1.055460e+000	0.000000e+000
1.184574302695643e-007	1.056880e+000	0.000000e+000
1.187503990195643e-007	1.057310e+000	0.000000e+000
1.189926787482879e-007	1.056951e+000	0.000000e+000
1.191915337556013e-007	1.056155e+000	0.000000e+000
1.194056777957537e-007	1.054855e+000	0.000000e+000
1.196148156731386e-007	1.053194e+000	0.000000e+000
1.199077844231387e-007	1.050367e+000	0.000000e+000
1.202007531731387e-007	1.047137e+000	0.000000e+000
1.204937219231387e-007	1.043621e+000	0.000000e+000
1.207866906731387e-007	1.039980e+000	0.000000e+000
1.210187908227211e-007	1.037104e+000	0.000000e+000
1.212378506629065e-007	1.034477e+000	0.000000e+000
1.214580841521426e-007	1.031978e+000	0.000000e+000
1.216607397897407e-007	1.029850e+000	0.000000e+000
1.218650935228232e-007	1.027920e+000	0.000000e+000
1.221104441593473e-007	1.025927e+000	0.000000e+000
1.224034129093473e-007	1.024012e+000	0.000000e+000
1.226963816593473e-007	1.022599e+000	0.000000e+000
1.229328454571530e-007	1.021871e+000	0.000000e+000
1.231862259092218e-007	1.021502e+000	0.000000e+000
1.234196142624310e-007	1.021490e+000	0.000000e+000
1.236271972955658e-007	1.021742e+000	0.000000e+000
1.238383314490831e-007	1.022229e+000	0.000000e+000
1.240615910257403e-007	1.022951e+000	0.000000e+000
1.242640824177635e-007	1.023772e+000	0.000000e+000
1.245333344430178e-007	1.025045e+000	0.000000e+000
1.247868784756823e-007	1.026369e+000	0.000000e+000
1.250435101465012e-007	1.027788e+000	0.000000e+000
1.252923208308668e-007	1.029189e+000	0.000000e+000
1.255084162748214e-007	1.030388e+000	0.000000e+000
1.257474779555656e-007	1.031663e+000	0.000000e+000
1.259635940740707e-007	1.032745e+000	0.000000e+000
1.261691752597025e-007	1.033691e+000	0.000000e+000
1.263762896179192e-007	1.034545e+000	0.000000e+000
1.266022141893565e-007	1.035355e+000	0.000000e+000
1.268410784969179e-007	1.036060e+000	0.000000e+000
1.271309867673943e-007	1.036722e+000	0.000000e+000
1.273744586285821e-007	1.037114e+000	0.000000e+000
1.275972314889047e-007	1.037331e+000	0.000000e+000
1.278224091343846e-007	1.037423e+000	0.000000e+000
1.280320452357461e-007	1.037403e+000	0.000000e+000
1.282528302519644e-007	1.037280e+000	0.000000e+000
1.284643595248317e-007	1.037075e+000	0.000000e+000
1.286725265406746e-007	1.036798e+000	0.000000e+000
1.288916713015546e-007	1.036433e+000	0.000000e+000
1.291435527467483e-007	1.035939e+000	0.000000e+000
1.293783088032425e-007	1.035420e+000	0.000000e+000
1.296167877854634e-007	1.034842e+000	0.000000e+000
1.298705077716716e-007	1.034187e+000	0.000000e+000
1.300894005552130e-007	1.033596e+000	0.000000e+000
1.303126296887159e-007	1.032976e+000	0.000000e+000
1.305224636860788e-007	1.032385e+000	0.000000e+000
1.307347179719729e-007	1.031786e+000	0.000000e+000
1.309462955895918e-007	1.031195e+000	0.000000e+000
1.311525314207587e-007	1.030632e+000	0.000000e+000
1.313935545421264e-007	1.029999e+000	0.000000e+000
1.316308603798126e-007	1.029411e+000	0.000000e+000
1.318635630935103e-007	1.028881e+000	0.000000e+000
1.320851969062663e-007	1.028431e+000	0.000000e+000
1.323097375489195e-007	1.028038e+000	0.000000e+000
1.325213529282741e-007	1.027737e+000	0.000000e+000
1.327453014871483e-007	1.027499e+000	0.000000e+000
1.329577132774694e-007	1.027359e+000	0.000000e+000
1.331692265348261e-007	1.027309e+000	0.000000e+000
1.333804794038385e-007	1.027354e+000	0.000000e+000
1.335997436561849e-007	1.027504e+000	0.000000e+000
1.338260408316596e-007	1.027769e+000	0.000000e+000
1.340626698489766e-007	1.028160e+000	0.000000e+000
1.342912227806022e-007	1.028642e+000	0.000000e+000
1.345058181636906e-007	1.029183e+000	0.000000e+000
1.347323517308907e-007	1.029831e+000	0.000000e+000
1.349486167506166e-007	1.030508e+000	0.000000e+000
1.351581428534270e-007	1.031201e+000	0.000000e+000
1.353699899109838e-007	1.031920e+000	0.000000e+000
1.355791443411034e-007	1.032627e+000	0.000000e+000
1.357871759390298e-007	1.033304e+000	0.000000e+000
1.360206038393475e-007	1.034005e+000	0.000000e+000
1.362851702826496e-007	1.034698e+000	0.000000e+000
1.365096785355830e-007	1.035172e+000	0.000000e+000
1.367396704576698e-007	1.035516e+000	0.000000e+000
1.369769658673619e-007	1.035711e+000	0.000000e+000
1.371929632006838e-007	1.035732e+000	0.000000e+000
1.374108594237505e-007	1.035590e+000	0.000000e+000
1.376201291156036e-007	1.035302e+000	0.000000e+000
1.378315325179268e-007	1.034862e+000	0.000000e+000
1.380404843835099e-007	1.034287e+000	0.000000e+000
1.382674734965892e-007	1.033523e+000	0.000000e+000
1.385132594269964e-007	1.032567e+000	0.000000e+000
1.387400337505108e-007	1.031595e+000	0.000000e+000
1.389571348441285e-007	1.030612e+000	0.000000e+000
1.391728979747960e-007	1.029619e+000	0.000000e+000
1.393908577395925e-007	1.028634e+000	0.000000e+000
1.396030410238398e-007	1.027729e+000	0.000000e+000
1.398174690491262e-007	1.026900e+000	0.000000e+000
1.400252808027330e-007	1.026207e+000	0.000000e+000
1.402357418909342e-007	1.025648e+000	0.000000e+000
1.404600037810131e-007	1.025228e+000	0.000000e+000
1.406792857584883e-007	1.025010e+000	0.000000e+000
1.409011114986285e-007	1.024998e+000	0.000000e+000
1.411213634811073e-007	1.025195e+000	0.000000e+000
1.413437172975860e-007	1.025600e+000	0.000000e+000
1.415584584051936e-007	1.026176e+000	0.000000e+000
1.417770848972866e-007	1.026930e+000	0.000000e+000
1.419974937644819e-007	1.027829e+000	0.000000e+000
1.422121299213146e-007	1.028808e+000	0.000000e+000
1.424278052079926e-007	1.029855e+000	0.000000e+000
1.426368029220976e-007	1.030892e+000	0.000000e+000
1.428780526320605e-007	1.032065e+000	0.000000e+000
1.430968422633767e-007	1.033059e+000	0.000000e+000
1.433339706329402e-007	1.034011e+000	0.000000e+000
1.435515404994024e-007	1.034731e+000	0.000000e+000
1.437752253671891e-007	1.035276e+000	0.000000e+000
1.440038516105162e-007	1.035607e+000	0.000000e+000
1.442322174403537e-007	1.035693e+000	0.000000e+000
1.444467935103570e-007	1.035540e+000	0.000000e+000
1.446624253078802e-007	1.035157e+000	0.000000e+000
1.448715020886764e-007	1.034579e+000	0.000000e+000
1.450906199359101e-007	1.033771e+000	0.000000e+000
1.453360418121559e-007	1.032671e+000	0.000000e+000
1.455708863612462e-007	1.031474e+000	0.000000e+000
1.457967831210564e-007	1.030234e+000	0.000000e+000
1.460345216660910e-007	1.028896e+000	0.000000e+000
1.462546041272131e-007	1.027683e+000	0.000000e+000
1.464734151341537e-007	1.026558e+000	0.000000e+000
1.467079923791099e-007	1.025488e+000	0.000000e+000
1.469194208167555e-007	1.024689e+000	0.000000e+000
1.471349543845896e-007	1.024078e+000	0.000000e+000
1.473585984436740e-007	1.023682e+000	0.000000e+000
1.475799438405170e-007	1.023547e+000	0.000000e+000
1.478050063977907e-007	1.023677e+000	0.000000e+000
1.480229972158637e-007	1.024057e+000	0.000000e+000
1.482463886681937e-007	1.024690e+000	0.000000e+000
1.484691867700274e-007	1.025537e+000	0.000000e+000
1.487025210427407e-007	1.026609e+000	0.000000e+000
1.489170114164407e-007	1.027718e+000	0.000000e+000
1.491255603660768e-007	1.028866e+000	0.000000e+000
1.493364703156394e-007	1.030047e+000	0.000000e+000
1.495540650416378e-007	1.031231e+000	0.000000e+000
1.497678322011745e-007	1.032305e+000	0.000000e+000
1.500065231092107e-007	1.033349e+000	0.000000e+000
1.502270255978856e-007	1.034116e+000	0.000000e+000
1.504693354765100e-007	1.034695e+000	0.000000e+000
1.506993831636099e-007	1.034967e+000	0.000000e+000
1.509200252268736e-007	1.034951e+000	0.000000e+000
1.511304812412474e-007	1.034676e+000	0.000000e+000
1.513451434501068e-007	1.034148e+000	0.000000e+000
1.515546368234160e-007	1.033412e+000	0.000000e+000
1.517664712588857e-007	1.032473e+000	0.000000e+000
1.519935830924290e-007	1.031299e+000	0.000000e+000
1.522125467672307e-007	1.030055e+000	0.000000e+000
1.524489103058365e-007	1.028650e+000	0.000000e+000
1.526691536474437e-007	1.027347e+000	0.000000e+000
1.528918490936140e-007	1.026097e+000	0.000000e+000
1.531065517020506e-007	1.025011e+000	0.000000e+000
1.533246528278210e-007	1.024078e+000	0.000000e+000
1.535374068796441e-007	1.023375e+000	0.000000e+000
1.537529435853375e-007	1.022904e+000	0.000000e+000
1.539773165583671e-007	1.022686e+000	0.000000e+000
1.541876964905037e-007	1.022747e+000	0.000000e+000
1.544033402627039e-007	1.023080e+000	0.000000e+000
1.546330270049735e-007	1.023704e+000	0.000000e+000
1.548538572792485e-007	1.024538e+000	0.000000e+000
1.550870242912641e-007	1.025623e+000	0.000000e+000
1.553058931611604e-007	1.026779e+000	0.000000e+000
1.555230288428299e-007	1.028004e+000	0.000000e+000
1.557525220208937e-007	1.029315e+000	0.000000e+000
1.559654449295938e-007	1.030486e+000	0.000000e+000
1.561840410408205e-007	1.031585e+000	0.000000e+000
1.563993349445154e-007	1.032509e+000	0.000000e+000
1.566234160328660e-007	1.033254e+000	0.000000e+000
1.568611053774990e-007	1.033768e+000	0.000000e+000
1.570901839735810e-007	1.033969e+000	0.000000e+000
1.573134198929303e-007	1.033868e+000	0.000000e+000
1.575320956069611e-007	1.033483e+000	0.000000e+000
1.577606059176703e-007	1.032806e+000	0.000000e+000
1.579755223887575e-007	1.031944e+000	0.000000e+000
1.581861840580987e-007	1.030917e+000	0.000000e+000
1.583988114641598e-007	1.029749e+000	0.000000e+000
1.586206620238743e-007	1.028449e+000	0.000000e+000
1.588322755110599e-007	1.027190e+000	0.000000e+000
1.590675490322033e-007	1.025837e+000	0.000000e+000
1.592870115524465e-007	1.024685e+000	0.000000e+000
1.595283286220055e-007	1.023607e+000	0.000000e+000
1.597535858648019e-007	1.022826e+000	0.000000e+000
1.599747602384912e-007	1.022317e+000	0.000000e+000
1.601876292783904e-007	1.022092e+000	0.000000e+000
1.604036250159970e-007	1.022147e+000	0.000000e+000
1.606383936020427e-007	1.022505e+000	0.000000e+000
1.608499676692918e-007	1.023082e+000	0.000000e+000
1.610791560990854e-007	1.023950e+000	0.000000e+000
1.612921463502517e-007	1.024935e+000	0.000000e+000
1.615235325917990e-007	1.026147e+000	0.000000e+000
1.617439429280626e-007	1.027369e+000	0.000000e+000
1.619786686372753e-007	1.028675e+000	0.000000e+000
1.622059597954741e-007	1.029873e+000	0.000000e+000
1.624252650043901e-007	1.030904e+000	0.000000e+000
1.626358097009535e-007	1.031724e+000	0.000000e+000
1.628520560909639e-007	1.032347e+000	0.000000e+000
1.630744690011775e-007	1.032730e+000	0.000000e+000
1.632911120960586e-007	1.032829e+000	0.000000e+000
1.635176525584359e-007	1.032637e+000	0.000000e+000
1.637395000374875e-007	1.032162e+000	0.000000e+000
1.639837215822038e-007	1.031348e+000	0.000000e+000
1.642119403041886e-007	1.030358e+000	0.000000e+000
1.644337575120026e-007	1.029226e+000	0.000000e+000
1.646464769369240e-007	1.028039e+000	0.000000e+000
1.648641379876092e-007	1.026784e+000	0.000000e+000
1.650898316439602e-007	1.025507e+000	0.000000e+000
1.653049784621918e-007	1.024375e+000	0.000000e+000
1.655260798315412e-007	1.023358e+000	0.000000e+000
1.657487689643029e-007	1.022538e+000	0.000000e+000
1.659797419899084e-007	1.021943e+000	0.000000e+000
1.662055662978431e-007	1.021642e+000	0.000000e+000
1.664244577592641e-007	1.021632e+000	0.000000e+000
1.666373027127760e-007	1.021891e+000	0.000000e+000
1.668574276451886e-007	1.022418e+000	0.000000e+000
1.670707865458464e-007	1.023153e+000	0.000000e+000
1.672960811224982e-007	1.024123e+000	0.000000e+000
1.675121234191432e-007	1.025188e+000	0.000000e+000
1.677274580814982e-007	1.026326e+000	0.000000e+000
1.679471694217171e-007	1.027502e+000	0.000000e+000
1.681781778742278e-007	1.028687e+000	0.000000e+000
1.683908155987705e-007	1.029664e+000	0.000000e+000
1.686343583821003e-007	1.030589e+000	0.000000e+000
1.688562015705379e-007	1.031216e+000	0.000000e+000
1.690556349111860e-007	1.031556e+000	0.000000e+000
1.692560948367909e-007	1.031660e+000	0.000000e+000
1.694775713509700e-007	1.031506e+000	0.000000e+000
1.697046650876470e-007	1.031071e+000	0.000000e+000
1.699244453754757e-007	1.030398e+000	0.000000e+000
1.701599382730746e-007	1.029444e+000	0.000000e+000
1.703775129271262e-007	1.028399e+000	0.000000e+000
1.705964475166507e-007	1.027241e+000	0.000000e+000
1.708300666216747e-007	1.025960e+000	0.000000e+000
1.710697905972630e-007	1.024671e+000	0.000000e+000
1.712554670952296e-007	1.023735e+000	0.000000e+000
1.714191999315125e-007	1.022998e+000	0.000000e+000
1.715973761469678e-007	1.022315e+000	0.000000e+000
1.717761689697864e-007	1.021785e+000	0.000000e+000
1.720102912548035e-007	1.021340e+000	0.000000e+000
1.722454743190357e-007	1.021177e+000	0.000000e+000
1.724686278432666e-007	1.021311e+000	0.000000e+000
1.726972171799026e-007	1.021736e+000	0.000000e+000
1.729413104255490e-007	1.022463e+000	0.000000e+000
1.731702436987074e-007	1.023363e+000	0.000000e+000
1.734247681909352e-007	1.024539e+000	0.000000e+000
1.736766506143426e-007	1.025794e+000	0.000000e+000
1.739467908902693e-007	1.027133e+000	0.000000e+000
1.742367266048896e-007	1.028445e+000	0.000000e+000
1.744991743898625e-007	1.029431e+000	0.000000e+000
1.747172029907917e-007	1.030023e+000	0.000000e+000
1.749667062970821e-007	1.030397e+000	0.000000e+000
1.752134682388234e-007	1.030452e+000	0.000000e+000
1.754417694232619e-007	1.030201e+000	0.000000e+000
1.756867253994703e-007	1.029624e+000	0.000000e+000
1.759319406618779e-007	1.028778e+000	0.000000e+000
1.761874295585261e-007	1.027671e+000	0.000000e+000
1.764246646742630e-007	1.026506e+000	0.000000e+000
1.766615541131002e-007	1.025285e+000	0.000000e+000
1.769220883544956e-007	1.023980e+000	0.000000e+000
1.772150571044956e-007	1.022674e+000	0.000000e+000
1.775080258544956e-007	1.021650e+000	0.000000e+000
1.778009946044956e-007	1.020996e+000	0.000000e+000
1.780684338515680e-007	1.020777e+000	0.000000e+000
1.783232429464736e-007	1.020932e+000	0.000000e+000
1.785781746079497e-007	1.021426e+000	0.000000e+000
1.788508269840940e-007	1.022273e+000	0.000000e+000
1.791384518124747e-007	1.023430e+000	0.000000e+000
1.794314205624747e-007	1.024767e+000	0.000000e+000
1.797243893124747e-007	1.026130e+000	0.000000e+000
1.800173580624747e-007	1.027392e+000	0.000000e+000
1.802640775594678e-007	1.028283e+000	0.000000e+000
1.804837292576209e-007	1.028864e+000	0.000000e+000
1.807356351272789e-007	1.029246e+000	0.000000e+000
1.809778430586681e-007	1.029300e+000	0.000000e+000
1.812708118086681e-007	1.028959e+000	0.000000e+000
1.815586867895364e-007	1.028241e+000	0.000000e+000
1.818516555395364e-007	1.027174e+000	0.000000e+000
1.821446242895364e-007	1.025876e+000	0.000000e+000
1.824375930395364e-007	1.024475e+000	0.000000e+000
1.827305617895364e-007	1.023112e+000	0.000000e+000
1.830235305395364e-007	1.021920e+000	0.000000e+000
1.833164992895364e-007	1.021017e+000	0.000000e+000
1.836094680395364e-007	1.020489e+000	0.000000e+000
1.839024367895365e-007	1.020384e+000	0.000000e+000
1.841954055395365e-007	1.020707e+000	0.000000e+000
1.844883742895365e-007	1.021417e+000	0.000000e+000
1.847813430395365e-007	1.022434e+000	0.000000e+000
1.850743117895365e-007	1.023649e+000	0.000000e+000
1.853672805395365e-007	1.024929e+000	0.000000e+000
1.856602492895365e-007	1.026139e+000	0.000000e+000
1.859532180395365e-007	1.027148e+000	0.000000e+000
1.862461867895365e-007	1.027851e+000	0.000000e+000
1.865391555395365e-007	1.028171e+000	0.000000e+000
1.868321242895365e-007	1.028074e+000	0.000000e+000
1.871250930395365e-007	1.027568e+000	0.000000e+000
1.874180617895365e-007	1.026704e+000	0.000000e+000
1.877110305395365e-007	1.025571e+000	0.000000e+000
1.880039992895366e-007	1.024284e+000	0.000000e+000
1.882969680395366e-007	1.022976e+000	0.000000e+000
1.885899367895366e-007	1.021777e+000	0.000000e+000
1.888829055395366e-007	1.020811e+000	0.000000e+000
1.891758742895366e-007	1.020171e+000	0.000000e+000
1.894688430395366e-007	1.019919e+000	0.000000e+000
1.897618117895366e-007	1.020074e+000	0.000000e+000
1.900547805395366e-007	1.020613e+000	0.000000e+000
1.903477492895366e-007	1.021471e+000	0.000000e+000
1.906407180395366e-007	1.022552e+000	0.000000e+000
1.909336867895366e-007	1.023733e+000	0.000000e+000
1.912266555395366e-007	1.024885e+000	0.000000e+000
1.915196242895366e-007	1.025880e+000	0.000000e+000
1.918125930395366e-007	1.026608e+000	0.000000e+000
1.921055617895367e-007	1.026986e+000	0.000000e+000
1.923985305395367e-007	1.026970e+000	0.000000e+000
1.926914992895367e-007	1.026557e+000	0.000000e+000
1.929844680395367e-007	1.025785e+000	0.000000e+000
1.932774367895367e-007	1.024731e+000	0.000000e+000
1.935704055395367e-007	1.023498e+000	0.000000e+000
1.938633742895367e-007	1.022208e+000	0.000000e+000
1.941563430395367e-007	1.020987e+000	0.000000e+000
1.944493117895367e-007	1.019949e+000	0.000000e+000
1.947422805395367e-007	1.019189e+000	0.000000e+000
1.950352492895367e-007	1.018766e+000	0.000000e+000
1.953282180395367e-007	1.018699e+000	0.000000e+000
1.956211867895367e-007	1.018967e+000	0.000000e+000
1.959141555395367e-007	1.019507e+000	0.000000e+000
1.962071242895368e-007	1.020221e+000	0.000000e+000
1.965000930395368e-007	1.020989e+000	0.000000e+000
1.967930617895368e-007	1.021675e+000	0.000000e+000
1.970860305395368e-007	1.022146e+000	0.000000e+000
1.973789992895368e-007	1.022284e+000	0.000000e+000
1.976719680395368e-007	1.021994e+000	0.000000e+000
1.979649367895368e-007	1.021216e+000	0.000000e+000
1.982579055395368e-007	1.019927e+000	0.000000e+000
1.985508742895368e-007	1.018141e+000	0.000000e+000
1.988438430395368e-007	1.015908e+000	0.000000e+000
1.991368117895368e-007	1.013300e+000	0.000000e+000
1.994297805395368e-007	1.010406e+000	0.000000e+000
1.997227492895368e-007	1.007313e+000	0.000000e+000
2.000157180395368e-007	1.004096e+000	0.000000e+000
2.003086867895369e-007	1.000804e+000	0.000000e+000
2.006016555395369e-007	9.974513e-001	0.000000e+000
2.008946242895369e-007	9.940107e-001	0.000000e+000
2.011875930395369e-007	9.904104e-001	0.000000e+000
2.014805617895369e-007	9.865370e-001	0.000000e+000
2.017735305395369e-007	9.822420e-001	0.000000e+000
2.020664992895369e-007	9.773513e-001	0.000000e+000
2.023594680395369e-007	9.716781e-001	0.000000e+000
2.026524367895369e-007	9.650362e-001	0.000000e+000
2.029454055395369e-007	9.572527e-001	0.000000e+000
2.032383742895369e-007	9.481801e-001	0.000000e+000
2.035313430395369e-007	9.377043e-001	0.000000e+000
2.038243117895369e-007	9.257493e-001	0.000000e+000
2.041172805395369e-007	9.122778e-001	0.000000e+000
2.044102492895370e-007	8.972877e-001	0.000000e+000
2.047032180395370e-007	8.808050e-001	0.000000e+000
2.049961867895370e-007	8.628733e-001	0.000000e+000
2.052891555395370e-007	8.435436e-001	0.000000e+000
2.055821242895370e-007	8.228627e-001	0.000000e+000
2.058750930395370e-007	8.008634e-001	0.000000e+000
2.061680617895370e-007	7.775575e-001	0.000000e+000
2.064610305395370e-007	7.529324e-001	0.000000e+000
2.067539992895370e-007	7.269521e-001	0.000000e+000
2.070469680395370e-007	6.995619e-001	0.000000e+000
2.073399367895370e-007	6.706972e-001	0.000000e+000
2.076329055395370e-007	6.402956e-001	0.000000e+000
2.079258742895370e-007	6.083102e-001	0.000000e+000
2.082188430395370e-007	5.747237e-001	0.000000e+000
2.085118117895371e-007	5.395609e-001	0.000000e+000
2.088047805395371e-007	5.028993e-001	0.000000e+000
2.090977492895371e-007	4.648755e-001	0.000000e+000
2.093907180395371e-007	4.256873e-001	0.000000e+000
2.096836867895371e-007	3.855912e-001	0.000000e+000
2.099766555395371e-007	3.448955e-001	0.000000e+000
2.102696242895371e-007	3.039487e-001	0.000000e+000
2.105625930395371e-007	2.631265e-001	0.000000e+000
2.108555617895371e-007	2.228155e-001	0.000000e+000
2.111485305395371e-007	1.833980e-001	0.000000e+000
2.114414992895371e-007	1.452380e-001	0.000000e+000
2.117344680395371e-007	1.086684e-001	0.000000e+000
2.120274367895371e-007	7.398339e-002	0.000000e+000
2.123204055395371e-007	4.143312e-002	0.000000e+000
2.126133742895372e-007	1.122310e-002	0.000000e+000
2.129063430395372e-007	-1.648336e-002	0.000000e+000
2.131993117895372e-007	-4.155997e-002	0.000000e+000
2.134922805395372e-007	-6.391078e-002	0.000000e+000
2.137852492895372e-007	-8.346327e-002	0.000000e+000
2.140782180395372e-007	-1.001622e-001	0.000000e+000
2.143711867895372e-007	-1.139657e-001	0.000000e+000
2.146641555395372e-007	-1.248438e-001	0.000000e+000
2.149571242895372e-007	-1.327805e-001	0.000000e+000
2.152500930395372e-007	-1.377781e-001	0.000000e+000
2.155430617895372e-007	-1.398651e-001	0.000000e+000
2.158360305395372e-007	-1.391049e-001	0.000000e+000
2.161289992895372e-007	-1.356050e-001	0.000000e+000
2.164219680395372e-007	-1.295256e-001	0.000000e+000
2.167149367895373e-007	-1.210855e-001	0.000000e+000
2.170079055395373e-007	-1.105650e-001	0.000000e+000
2.173008742895373e-007	-9.830397e-002	0.000000e+000
2.175938430395373e-007	-8.469561e-002	0.000000e+000
2.178868117895373e-007	-7.017531e-002	0.000000e+000
2.181797805395373e-007	-5.520529e-002	0.000000e+000
2.184727492895373e-007	-4.025629e-002	0.000000e+000
2.187657180395373e-007	-2.578725e-002	0.000000e+000
2.190586867895373e-007	-1.222496e-002	0.000000e+000
2.193516555395373e-007	5.508424e-005	0.000000e+000
2.196446242895373e-007	1.074466e-002	0.000000e+000
2.199375930395373e-007	1.961477e-002	0.000000e+000
2.202305617895373e-007	2.654542e-002	0.000000e+000
2.205101811500604e-007	3.125520e-002	0.000000e+000
2.208031499000604e-007	3.421881e-002	0.000000e+000
2.210961186500604e-007	3.530996e-002	0.000000e+000
2.213890874000604e-007	3.466608e-002	0.000000e+000
2.216820561500604e-007	3.249475e-002	0.000000e+000
2.219750249000604e-007	2.903442e-002	0.000000e+000
2.222679936500604e-007	2.453854e-002	0.000000e+000
2.225609624000604e-007	1.926149e-002	0.000000e+000
2.228539311500604e-007	1.344704e-002	0.000000e+000
2.231468999000604e-007	7.320142e-003	0.000000e+000
2.234398686500604e-007	1.082280e-003	0.000000e+000
2.237328374000604e-007	-5.090004e-003	0.000000e+000
2.240258061500604e-007	-1.104386e-002	0.000000e+000
2.243187749000605e-007	-1.664709e-002	0.000000e+000
2.246117436500605e-007	-2.178436e-002	0.000000e+000
2.249047124000605e-007	-2.635361e-002	0.000000e+000
2.251976811500605e-007	-3.026361e-002	0.000000e+000
2.254906499000605e-007	-3.343331e-002	0.000000e+000
2.257836186500605e-007	-3.579315e-002	0.000000e+000
2.260765874000605e-007	-3.729319e-002	0.000000e+000
2.263635552251595e-007	-3.791298e-002	0.000000e+000
2.266212592027376e-007	-3.774462e-002	0.000000e+000
2.268428276237368e-007	-3.704995e-002	0.000000e+000
2.270196209949536e-007	-3.611039e-002	0.000000e+000
2.272215532680973e-007	-3.461257e-002	0.000000e+000
2.275145220180973e-007	-3.188383e-002	0.000000e+000
2.277322969567624e-007	-2.949243e-002	0.000000e+000
2.279148076818671e-007	-2.724199e-002	0.000000e+000
2.280849261006691e-007	-2.499588e-002	0.000000e+000
2.282535040413365e-007	-2.267443e-002	0.000000e+000
2.284413351597149e-007	-2.003077e-002	0.000000e+000
2.286244501934304e-007	-1.745124e-002	0.000000e+000
2.288419937674430e-007	-1.446298e-002	0.000000e+000
2.290928263018784e-007	-1.122998e-002	0.000000e+000
2.293857950518784e-007	-7.869188e-003	0.000000e+000
2.296787638018784e-007	-5.091291e-003	0.000000e+000
2.299717325518784e-007	-3.031175e-003	0.000000e+000
2.302647013018784e-007	-1.739305e-003	0.000000e+000
2.305261372243384e-007	-1.282019e-003	0.000000e+000
2.308065624980830e-007	-1.501912e-003	0.000000e+000
2.310892003724667e-007	-2.362517e-003	0.000000e+000
2.313788459011316e-007	-3.802484e-003	0.000000e+000
2.316718146511316e-007	-5.679643e-003	0.000000e+000
2.319647834011316e-007	-7.812615e-003	0.000000e+000
2.322577521511316e-007	-1.002987e-002	0.000000e+000
2.325481247504942e-007	-1.215638e-002	0.000000e+000
2.328213276305960e-007	-1.397586e-002	0.000000e+000
2.330776730210810e-007	-1.544087e-002	0.000000e+000
2.333272307452861e-007	-1.659674e-002	0.000000e+000
2.335652617911982e-007	-1.743709e-002	0.000000e+000
2.337840394590745e-007	-1.798336e-002	0.000000e+000
2.339856583179169e-007	-1.831526e-002	0.000000e+000
2.341144324043460e-007	-1.844618e-002	0.000000e+000
2.341977122708848e-007	-1.848977e-002	0.000000e+000
2.343450432310214e-007	-1.849928e-002	0.000000e+000
2.346380119810214e-007	-1.839164e-002	0.000000e+000
2.349227313328021e-007	-1.818725e-002	0.000000e+000
2.352157000828021e-007	-1.792698e-002	0.000000e+000
2.355086688328021e-007	-1.768657e-002	0.000000e+000
2.358016375828022e-007	-1.751358e-002	0.000000e+000
2.360946063328022e-007	-1.742901e-002	0.000000e+000
2.363875750828022e-007	-1.742560e-002	0.000000e+000
2.366805438328022e-007	-1.747204e-002	0.000000e+000
2.369079782301314e-007	-1.751538e-002	0.000000e+000
2.370839370482251e-007	-1.752996e-002	0.000000e+000
2.372968650337161e-007	-1.749342e-002	0.000000e+000
2.375672632912820e-007	-1.733953e-002	0.000000e+000
2.378263481671586e-007	-1.704618e-002	0.000000e+000
2.381055708550302e-007	-1.653898e-002	0.000000e+000
2.383799286096579e-007	-1.584801e-002	0.000000e+000
2.386287738043535e-007	-1.505595e-002	0.000000e+000
2.389037480629010e-007	-1.403277e-002	0.000000e+000
2.391930182987088e-007	-1.286124e-002	0.000000e+000
2.394859870487088e-007	-1.165236e-002	0.000000e+000
2.397226334521970e-007	-1.072552e-002	0.000000e+000
2.399605318202000e-007	-9.902395e-003	0.000000e+000
2.401810770958183e-007	-9.293091e-003	0.000000e+000
2.404403860504673e-007	-8.821907e-003	0.000000e+000
2.407244688842461e-007	-8.608532e-003	0.000000e+000
2.409308733960275e-007	-8.690205e-003	0.000000e+000
2.411406477629230e-007	-8.987875e-003	0.000000e+000
2.412699564106298e-007	-9.283623e-003	0.000000e+000
2.414383784313005e-007	-9.801883e-003	0.000000e+000
2.416167455268499e-007	-1.048109e-002	0.000000e+000
2.418578117002146e-007	-1.157447e-002	0.000000e+000
2.421261281359715e-007	-1.295085e-002	0.000000e+000
2.424190968859715e-007	-1.455510e-002	0.000000e+000
2.427120656359715e-007	-1.616662e-002	0.000000e+000
2.428936343550114e-007	-1.710997e-002	0.000000e+000
2.431280425215047e-007	-1.819108e-002	0.000000e+000
2.433899844529563e-007	-1.917782e-002	0.000000e+000
2.436738842190657e-007	-1.993011e-002	0.000000e+000
2.439519187218546e-007	-2.031178e-002	0.000000e+000
2.442101851167783e-007	-2.031378e-002	0.000000e+000
2.445031538667784e-007	-1.995977e-002	0.000000e+000
2.446871801317996e-007	-1.954791e-002	0.000000e+000
2.448868488745849e-007	-1.893180e-002	0.000000e+000
2.450897993680718e-007	-1.817388e-002	0.000000e+000
2.453827681180718e-007	-1.693023e-002	0.000000e+000
2.456734488464330e-007	-1.561453e-002	0.000000e+000
2.459460207382373e-007	-1.437552e-002	0.000000e+000
2.462121827211073e-007	-1.323661e-002	0.000000e+000
2.464865933579820e-007	-1.218833e-002	0.000000e+000
2.467006088990412e-007	-1.149192e-002	0.000000e+000
2.468868131179036e-007	-1.099802e-002	0.000000e+000
2.470640960766930e-007	-1.064770e-002	0.000000e+000
2.473570648266930e-007	-1.028788e-002	0.000000e+000
2.476405029922392e-007	-1.016993e-002	0.000000e+000
2.479334717422392e-007	-1.028736e-002	0.000000e+000
2.481855736944132e-007	-1.056735e-002	0.000000e+000
2.484593689246930e-007	-1.102467e-002	0.000000e+000
2.486470888579928e-007	-1.141596e-002	0.000000e+000
2.488433349361620e-007	-1.189008e-002	0.000000e+000
2.491181451159742e-007	-1.261773e-002	0.000000e+000
2.493414838119256e-007	-1.324603e-002	0.000000e+000
2.495435895241872e-007	-1.383552e-002	0.000000e+000
2.497482206291560e-007	-1.443932e-002	0.000000e+000
2.499657559036983e-007	-1.507764e-002	0.000000e+000
2.501501894966617e-007	-1.560865e-002	0.000000e+000
2.502971089571708e-007	-1.601903e-002	0.000000e+000
2.504432208337328e-007	-1.640929e-002	0.000000e+000
2.506442084890112e-007	-1.690862e-002	0.000000e+000
2.509146849696187e-007	-1.750725e-002	0.000000e+000
2.511723869947477e-007	-1.798343e-002	0.000000e+000
2.514014959142898e-007	-1.830232e-002	0.000000e+000
2.516319868911008e-007	-1.849465e-002	0.000000e+000
2.519189959872572e-007	-1.854758e-002	0.000000e+000
2.521917161524077e-007	-1.838936e-002	0.000000e+000
2.524846849024077e-007	-1.798310e-002	0.000000e+000
2.527140201935972e-007	-1.748778e-002	0.000000e+000
2.529416739307093e-007	-1.684837e-002	0.000000e+000
2.530733113365626e-007	-1.641339e-002	0.000000e+000
2.532102869439840e-007	-1.590826e-002	0.000000e+000
2.533350457325292e-007	-1.541204e-002	0.000000e+000
2.535032300444340e-007	-1.470099e-002	0.000000e+000
2.536786478803153e-007	-1.392682e-002	0.000000e+000
2.539029633030200e-007	-1.291785e-002	0.000000e+000
2.541213706907652e-007	-1.195291e-002	0.000000e+000
2.543416688396938e-007	-1.104522e-002	0.000000e+000
2.545941134874439e-007	-1.013935e-002	0.000000e+000
2.548340340160936e-007	-9.467592e-003	0.000000e+000
2.550874013789315e-007	-9.031490e-003	0.000000e+000
2.553803701289315e-007	-8.883872e-003	0.000000e+000
2.556024295077299e-007	-9.070473e-003	0.000000e+000
2.558561967826560e-007	-9.643066e-003	0.000000e+000
2.561491655326561e-007	-1.069272e-002	0.000000e+000
2.564421342826561e-007	-1.208487e-002	0.000000e+000
2.566859050530063e-007	-1.345167e-002	0.000000e+000
2.568655603530239e-007	-1.454671e-002	0.000000e+000
2.569921588722313e-007	-1.534347e-002	0.000000e+000
2.570874781114847e-007	-1.594507e-002	0.000000e+000
2.572199569223532e-007	-1.676136e-002	0.000000e+000
2.574415603186379e-007	-1.803609e-002	0.000000e+000
2.577200031605653e-007	-1.942882e-002	0.000000e+000
2.579708246701819e-007	-2.040309e-002	0.000000e+000
2.581993962420174e-007	-2.096373e-002	0.000000e+000
2.584467066732691e-007	-2.118318e-002	0.000000e+000
2.586749267762208e-007	-2.102311e-002	0.000000e+000
2.588796987960908e-007	-2.057261e-002	0.000000e+000
2.590506403780424e-007	-1.996547e-002	0.000000e+000
2.592507205461402e-007	-1.901892e-002	0.000000e+000
2.594485891881734e-007	-1.787229e-002	0.000000e+000
2.597415579381734e-007	-1.591857e-002	0.000000e+000
2.600335094065345e-007	-1.382843e-002	0.000000e+000
2.601998604091264e-007	-1.261667e-002	0.000000e+000
2.603317651398394e-007	-1.168037e-002	0.000000e+000
2.604689469922640e-007	-1.077042e-002	0.000000e+000
2.606902442916750e-007	-9.482609e-003	0.000000e+000
2.609627331427563e-007	-8.218112e-003	0.000000e+000
2.611936214599617e-007	-7.496534e-003	0.000000e+000
2.614014651558265e-007	-7.208636e-003	0.000000e+000
2.616367683544066e-007	-7.300410e-003	0.000000e+000
2.618711420448567e-007	-7.817313e-003	0.000000e+000
2.621331494617739e-007	-8.841388e-003	0.000000e+000
2.623438142461010e-007	-9.956945e-003	0.000000e+000
2.625064488141383e-007	-1.098744e-002	0.000000e+000
2.626567730771259e-007	-1.204216e-002	0.000000e+000
2.628233709315135e-007	-1.328019e-002	0.000000e+000
2.630697521954391e-007	-1.514340e-002	0.000000e+000
2.633214267905599e-007	-1.697017e-002	0.000000e+000
2.636143955405599e-007	-1.885777e-002	0.000000e+000
2.638827651145212e-007	-2.022854e-002	0.000000e+000
2.641475441862087e-007	-2.111621e-002	0.000000e+000
2.644152755695069e-007	-2.149343e-002	0.000000e+000
2.646612174596562e-007	-2.135644e-002	0.000000e+000
2.648883113432497e-007	-2.080969e-002	0.000000e+000
2.651141078128151e-007	-1.988489e-002	0.000000e+000
2.653976627688461e-007	-1.832888e-002	0.000000e+000
2.656348155962195e-007	-1.678630e-002	0.000000e+000
2.658610817558050e-007	-1.517847e-002	0.000000e+000
2.660964122369362e-007	-1.347873e-002	0.000000e+000
2.663051146111077e-007	-1.203692e-002	0.000000e+000
2.665382349266270e-007	-1.059444e-002	0.000000e+000
2.667816514875778e-007	-9.351852e-003	0.000000e+000
2.670169799798294e-007	-8.493939e-003	0.000000e+000
2.672845915128551e-007	-7.993083e-003	0.000000e+000
2.675763306066972e-007	-7.975511e-003	0.000000e+000
2.677843113208450e-007	-8.305981e-003	0.000000e+000
2.679335658609312e-007	-8.738481e-003	0.000000e+000
2.680464700878113e-007	-9.171360e-003	0.000000e+000
2.681758178763051e-007	-9.766753e-003	0.000000e+000
2.683507116193471e-007	-1.069847e-002	0.000000e+000
2.685991867578805e-007	-1.218083e-002	0.000000e+000
2.688661968424389e-007	-1.387643e-002	0.000000e+000
2.691445288876238e-007	-1.563138e-002	0.000000e+000
2.694374976376238e-007	-1.730912e-002	0.000000e+000
2.697304663876238e-007	-1.866857e-002	0.000000e+000
2.700234351376239e-007	-1.959073e-002	0.000000e+000
2.703164038876239e-007	-2.001607e-002	0.000000e+000
2.705802830795544e-007	-1.997818e-002	0.000000e+000
2.707492990088643e-007	-1.972634e-002	0.000000e+000
2.708933026825859e-007	-1.936035e-002	0.000000e+000
2.710394323063274e-007	-1.885846e-002	0.000000e+000
2.712910685734136e-007	-1.778601e-002	0.000000e+000
2.715533463442104e-007	-1.649114e-002	0.000000e+000
2.717833135847035e-007	-1.525392e-002	0.000000e+000
2.720142795789779e-007	-1.398908e-002	0.000000e+000
2.722316820982391e-007	-1.285177e-002	0.000000e+000
2.724749775681491e-007	-1.171252e-002	0.000000e+000
2.727222037533015e-007	-1.074473e-002	0.000000e+000
2.729193198464067e-007	-1.015999e-002	0.000000e+000
2.731278677532558e-007	-9.758428e-003	0.000000e+000
2.733384673973683e-007	-9.586513e-003	0.000000e+000
2.735837524383481e-007	-9.677008e-003	0.000000e+000
2.738405004197224e-007	-1.006981e-002	0.000000e+000
2.740817759053299e-007	-1.068894e-002	0.000000e+000
2.742883949971880e-007	-1.139265e-002	0.000000e+000
2.745209047542137e-007	-1.232494e-002	0.000000e+000
2.747591154890252e-007	-1.336374e-002	0.000000e+000
2.749042152239205e-007	-1.401721e-002	0.000000e+000
2.751014586536482e-007	-1.489601e-002	0.000000e+000
2.753047237213811e-007	-1.575567e-002	0.000000e+000
2.754980260164591e-007	-1.649571e-002	0.000000e+000
2.757073359234605e-007	-1.717511e-002	0.000000e+000
2.759436293414176e-007	-1.776741e-002	0.000000e+000
2.761745196930939e-007	-1.815354e-002	0.000000e+000
2.763667020470046e-007	-1.830640e-002	0.000000e+000
2.765591070681833e-007	-1.828800e-002	0.000000e+000
2.767907007730767e-007	-1.806072e-002	0.000000e+000
2.770440055534800e-007	-1.758999e-002	0.000000e+000
2.773070800828843e-007	-1.689435e-002	0.000000e+000
2.775294828837195e-007	-1.617019e-002	0.000000e+000
2.777374673773957e-007	-1.540760e-002	0.000000e+000
2.779432365389554e-007	-1.461002e-002	0.000000e+000
2.781197834062904e-007	-1.391661e-002	0.000000e+000
2.782901293879420e-007	-1.326004e-002	0.000000e+000
2.784430879142034e-007	-1.269758e-002	0.000000e+000
2.785999059093672e-007	-1.216175e-002	0.000000e+000
2.787530796660826e-007	-1.170032e-002	0.000000e+000
2.790060556950657e-007	-1.107333e-002	0.000000e+000
2.792264886597935e-007	-1.067444e-002	0.000000e+000
2.794484118076986e-007	-1.044811e-002	0.000000e+000
2.796709678612381e-007	-1.041025e-002	0.000000e+000
2.799436405489320e-007	-1.058598e-002	0.000000e+000
2.801267451120027e-007	-1.084164e-002	0.000000e+000
2.803220853600256e-007	-1.124443e-002	0.000000e+000
2.805204858717129e-007	-1.175454e-002	0.000000e+000
2.807089413803128e-007	-1.232059e-002	0.000000e+000
2.809727135581458e-007	-1.319325e-002	0.000000e+000
2.812246899232336e-007	-1.405585e-002	0.000000e+000
2.815176586732336e-007	-1.502337e-002	0.000000e+000
2.818106274232336e-007	-1.588091e-002	0.000000e+000
2.820522210006590e-007	-1.644192e-002	0.000000e+000
2.822969968225919e-007	-1.682158e-002	0.000000e+000
2.825448197724819e-007	-1.698901e-002	0.000000e+000
2.827930477107221e-007	-1.692075e-002	0.000000e+000
2.830364732189340e-007	-1.663016e-002	0.000000e+000
2.832275080868023e-007	-1.624136e-002	0.000000e+000
2.834240084195632e-007	-1.569788e-002	0.000000e+000
2.836226466009789e-007	-1.502954e-002	0.000000e+000
2.838269866329528e-007	-1.424213e-002	0.000000e+000
2.840320175315846e-007	-1.337969e-002	0.000000e+000
2.843249862815846e-007	-1.210055e-002	0.000000e+000
2.845833566940990e-007	-1.099193e-002	0.000000e+000
2.847943330810919e-007	-1.015145e-002	0.000000e+000
2.850069064321118e-007	-9.408925e-003	0.000000e+000
2.852067008004726e-007	-8.842678e-003	0.000000e+000
2.854412330796975e-007	-8.363989e-003	0.000000e+000
2.856595646924562e-007	-8.121631e-003	0.000000e+000
2.859136846840800e-007	-8.090482e-003	0.000000e+000
2.861266388299144e-007	-8.256624e-003	0.000000e+000
2.862841209432159e-007	-8.503849e-003	0.000000e+000
2.864340016670542e-007	-8.834103e-003	0.000000e+000
2.866028184310168e-007	-9.297115e-003	0.000000e+000
2.868359583077028e-007	-1.004200e-002	0.000000e+000
2.870698781528327e-007	-1.086030e-002	0.000000e+000
2.872968663816059e-007	-1.167770e-002	0.000000e+000
2.874809540896854e-007	-1.231696e-002	0.000000e+000
2.876666293545861e-007	-1.290150e-002	0.000000e+000
2.878540401421165e-007	-1.338182e-002	0.000000e+000
2.881388499182815e-007	-1.386363e-002	0.000000e+000
2.884318186682815e-007	-1.403963e-002	0.000000e+000
2.886672886425643e-007	-1.389002e-002	0.000000e+000
2.888851240610547e-007	-1.349065e-002	0.000000e+000
2.891033556536430e-007	-1.285232e-002	0.000000e+000
2.893516503063371e-007	-1.189288e-002	0.000000e+000
2.895527181053417e-007	-1.096848e-002	0.000000e+000
2.897158734380396e-007	-1.013260e-002	0.000000e+000
2.899084137888201e-007	-9.090981e-003	0.000000e+000
2.900863049513299e-007	-8.118864e-003	0.000000e+000
2.903390541239236e-007	-6.795792e-003	0.000000e+000
2.906296313303848e-007	-5.452725e-003	0.000000e+000
2.909226000803848e-007	-4.403810e-003	0.000000e+000
2.912155688303848e-007	-3.757666e-003	0.000000e+000
2.914852471524659e-007	-3.593496e-003	0.000000e+000
2.917782159024659e-007	-3.901871e-003	0.000000e+000
2.920711846524659e-007	-4.668605e-003	0.000000e+000
2.923641534024659e-007	-5.829643e-003	0.000000e+000
2.926571221524660e-007	-7.272279e-003	0.000000e+000
2.929500909024660e-007	-8.860849e-003	0.000000e+000
2.931829907966372e-007	-1.013563e-002	0.000000e+000
2.934025806499406e-007	-1.126584e-002	0.000000e+000
2.936376192165333e-007	-1.231469e-002	0.000000e+000
2.939305879665333e-007	-1.333033e-002	0.000000e+000
2.942235567165333e-007	-1.398074e-002	0.000000e+000
2.945165254665333e-007	-1.423319e-002	0.000000e+000
2.948094942165333e-007	-1.412215e-002	0.000000e+000
2.951024629665333e-007	-1.373311e-002	0.000000e+000
2.953954317165333e-007	-1.319442e-002	0.000000e+000
2.956884004665333e-007	-1.266404e-002	0.000000e+000
2.959813692165333e-007	-1.231294e-002	0.000000e+000
2.962743379665333e-007	-1.230664e-002	0.000000e+000
2.965673067165333e-007	-1.278724e-002	0.000000e+000
2.968602754665333e-007	-1.385773e-002	0.000000e+000
2.971532442165333e-007	-1.557054e-002	0.000000e+000
2.974462129665333e-007	-1.792156e-002	0.000000e+000
2.977391817165334e-007	-2.085039e-002	0.000000e+000
2.980321504665334e-007	-2.424687e-002	0.000000e+000
2.983251192165334e-007	-2.796308e-002	0.000000e+000
2.986180879665334e-007	-3.182966e-002	0.000000e+000
2.989110567165334e-007	-3.567444e-002	0.000000e+000
2.992040254665334e-007	-3.934136e-002	0.000000e+000
2.994969942165334e-007	-4.270755e-002	0.000000e+000
2.997899629665334e-007	-4.572505e-002	0.000000e+000
3.000000000000000e-007	-4.768967e-002	0.000000e+000
