time	V(-1)	V(1)
0.000000000000000e+000	0.000000e+000	0.000000e+000
2.929687488293547e-015	0.000000e+000	3.906250e-007
5.859374976587093e-015	0.000000e+000	7.812500e-007
6.862165151151572e-012	0.000000e+000	9.149554e-004
1.371847092732656e-011	0.000000e+000	1.829129e-003
2.057477670350154e-011	0.000000e+000	2.743304e-003
2.743108247967653e-011	0.000000e+000	3.657478e-003
3.428738825585152e-011	0.000000e+000	4.571652e-003
4.114369403202650e-011	0.000000e+000	5.485826e-003
4.799999980820147e-011	0.000000e+000	6.400000e-003
9.599999961640293e-011	0.000000e+000	1.280000e-002
1.407785636475994e-010	0.000000e+000	1.877047e-002
1.792092988105933e-010	0.000000e+000	2.389457e-002
2.149035158205252e-010	0.000000e+000	2.865380e-002
2.541089737604821e-010	0.000000e+000	3.388119e-002
2.950112445806074e-010	0.000000e+000	3.933483e-002
3.449118443615950e-010	0.000000e+000	4.598825e-002
4.006362800488695e-010	0.000000e+000	5.341817e-002
4.676915962411894e-010	0.000000e+000	6.235888e-002
5.439732721488102e-010	0.000000e+000	7.252977e-002
6.348503708506085e-010	0.000000e+000	8.464672e-002
7.137484944605531e-010	0.000000e+000	9.516647e-002
7.892302096979791e-010	0.000000e+000	1.052307e-001
8.715594685411307e-010	0.000000e+000	1.162079e-001
9.602117703979357e-010	0.000000e+000	1.280282e-001
1.059153903989124e-009	0.000000e+000	1.412205e-001
1.167386833664341e-009	0.000000e+000	1.556516e-001
1.288117377531416e-009	0.000000e+000	1.717490e-001
1.421186786830190e-009	0.000000e+000	1.894916e-001
1.549118930157238e-009	0.000000e+000	2.065492e-001
1.664713701703814e-009	0.000000e+000	2.219618e-001
1.796569556311097e-009	0.000000e+000	2.395426e-001
1.929818449374330e-009	0.000000e+000	2.573091e-001
2.080560921130371e-009	0.000000e+000	2.774081e-001
2.237854604306972e-009	0.000000e+000	2.983806e-001
2.375372452887612e-009	0.000000e+000	3.167163e-001
2.527068937112946e-009	0.000000e+000	3.369425e-001
2.677478684148129e-009	0.000000e+000	3.569972e-001
2.844742949457835e-009	0.000000e+000	3.792991e-001
3.016827934322116e-009	0.000000e+000	4.022437e-001
3.206082218364139e-009	0.000000e+000	4.274776e-001
3.393865701956821e-009	0.000000e+000	4.525154e-001
3.564573335323437e-009	0.000000e+000	4.752764e-001
3.755488288822593e-009	0.000000e+000	5.007318e-001
3.945329676249033e-009	0.000000e+000	5.260440e-001
4.155460518250070e-009	0.000000e+000	5.540614e-001
4.343798717912754e-009	0.000000e+000	5.791731e-001
4.543157282382523e-009	0.000000e+000	6.057543e-001
4.743946323352750e-009	0.000000e+000	6.325262e-001
4.959826957862591e-009	0.000000e+000	6.613103e-001
5.182769899709734e-009	0.000000e+000	6.910360e-001
5.387638555248220e-009	0.000000e+000	7.183518e-001
5.606327495254973e-009	0.000000e+000	7.475103e-001
5.825957158711426e-009	0.000000e+000	7.767943e-001
6.061807933708940e-009	0.000000e+000	8.082411e-001
6.304153952708596e-009	0.000000e+000	8.405539e-001
6.529150377152329e-009	0.000000e+000	8.705534e-001
6.768116583564746e-009	0.000000e+000	9.024156e-001
7.008486664742433e-009	0.000000e+000	9.344649e-001
7.265295020365047e-009	0.000000e+000	9.687060e-001
7.499999999999999e-009	0.000000e+000	1.000000e+000
7.523470497963495e-009	0.000000e+000	1.000000e+000
7.570411493890485e-009	0.000000e+000	1.000000e+000
7.664293485744466e-009	0.000000e+000	1.000000e+000
7.828821240854526e-009	0.000000e+000	1.000000e+000
8.091327710485770e-009	0.000000e+000	1.000000e+000
8.331766603386734e-009	0.000000e+000	1.000000e+000
8.593905515360921e-009	0.000000e+000	1.000000e+000
8.878439056345548e-009	0.000000e+000	1.000000e+000
9.136155580880590e-009	0.000000e+000	1.000000e+000
9.426057795330400e-009	0.000000e+000	1.000000e+000
9.707417931875175e-009	0.000000e+000	1.000000e+000
1.000038668187518e-008	0.000000e+000	1.000000e+000
1.027491896293326e-008	0.000000e+000	1.000000e+000
1.056788771293327e-008	0.000000e+000	1.000000e+000
1.086085646293327e-008	0.000000e+000	1.000000e+000
1.115382521293327e-008	0.000000e+000	1.000000e+000
1.144628753770147e-008	0.000000e+000	1.000000e+000
1.173925628770147e-008	0.000000e+000	1.000000e+000
1.203222503770147e-008	0.000000e+000	1.000000e+000
1.232519378770147e-008	0.000000e+000	1.000000e+000
1.261816253770147e-008	0.000000e+000	1.000000e+000
1.291113128770148e-008	0.000000e+000	1.000000e+000
1.320410003770148e-008	0.000000e+000	1.000000e+000
1.349706878770148e-008	0.000000e+000	1.000000e+000
1.379003753770148e-008	0.000000e+000	1.000000e+000
1.408300628770148e-008	0.000000e+000	1.000000e+000
1.437597503770148e-008	0.000000e+000	1.000000e+000
1.466894378770148e-008	0.000000e+000	1.000000e+000
1.496191253770148e-008	0.000000e+000	1.000000e+000
1.525488128770148e-008	0.000000e+000	1.000000e+000
1.554785003770148e-008	0.000000e+000	1.000000e+000
1.584081878770148e-008	0.000000e+000	1.000000e+000
1.613378753770148e-008	0.000000e+000	1.000000e+000
1.642675628770148e-008	0.000000e+000	1.000000e+000
1.671972503770148e-008	0.000000e+000	1.000000e+000
1.701269378770148e-008	0.000000e+000	1.000000e+000
1.730566253770148e-008	0.000000e+000	1.000000e+000
1.759863128770148e-008	0.000000e+000	1.000000e+000
1.789160003770148e-008	0.000000e+000	1.000000e+000
1.818456878770148e-008	0.000000e+000	1.000000e+000
1.847753753770148e-008	0.000000e+000	1.000000e+000
1.877050628770149e-008	0.000000e+000	1.000000e+000
1.906347503770149e-008	0.000000e+000	1.000000e+000
1.935644378770149e-008	0.000000e+000	1.000000e+000
1.964941253770149e-008	0.000000e+000	1.000000e+000
1.994238128770149e-008	0.000000e+000	1.000000e+000
2.023535003770149e-008	0.000000e+000	1.000000e+000
2.052831878770149e-008	0.000000e+000	1.000000e+000
2.082128753770149e-008	0.000000e+000	1.000000e+000
2.111425628770149e-008	0.000000e+000	1.000000e+000
2.140722503770149e-008	0.000000e+000	1.000000e+000
2.170019378770149e-008	0.000000e+000	1.000000e+000
2.199316253770149e-008	0.000000e+000	1.000000e+000
2.228613128770149e-008	0.000000e+000	1.000000e+000
2.257910003770149e-008	0.000000e+000	1.000000e+000
2.287206878770149e-008	0.000000e+000	1.000000e+000
2.316503753770149e-008	0.000000e+000	1.000000e+000
2.345800628770149e-008	0.000000e+000	1.000000e+000
2.375097503770149e-008	0.000000e+000	1.000000e+000
2.404394378770149e-008	0.000000e+000	1.000000e+000
2.433691253770149e-008	0.000000e+000	1.000000e+000
2.462988128770150e-008	0.000000e+000	1.000000e+000
2.492285003770150e-008	0.000000e+000	1.000000e+000
2.521581878770150e-008	0.000000e+000	1.000000e+000
2.550878753770150e-008	0.000000e+000	1.000000e+000
2.580175628770150e-008	0.000000e+000	1.000000e+000
2.609472503770150e-008	0.000000e+000	1.000000e+000
2.638769378770150e-008	0.000000e+000	1.000000e+000
2.668066253770150e-008	0.000000e+000	1.000000e+000
2.697363128770150e-008	0.000000e+000	1.000000e+000
2.726660003770150e-008	0.000000e+000	1.000000e+000
2.755956878770150e-008	0.000000e+000	1.000000e+000
2.785253753770150e-008	0.000000e+000	1.000000e+000
2.814550628770150e-008	0.000000e+000	1.000000e+000
2.843847503770150e-008	0.000000e+000	1.000000e+000
2.873144378770150e-008	0.000000e+000	1.000000e+000
2.902441253770150e-008	0.000000e+000	1.000000e+000
2.931738128770150e-008	0.000000e+000	1.000000e+000
2.961035003770150e-008	0.000000e+000	1.000000e+000
2.990331878770150e-008	0.000000e+000	1.000000e+000
3.019628753770150e-008	0.000000e+000	1.000000e+000
3.048925628770150e-008	0.000000e+000	1.000000e+000
3.078222503770150e-008	0.000000e+000	1.000000e+000
3.107519378770150e-008	1.401298e-045	1.000000e+000
3.136816253770150e-008	2.802597e-045	1.000000e+000
3.166113128770150e-008	7.006492e-045	1.000000e+000
3.195410003770150e-008	1.681558e-044	1.000000e+000
3.224706878770151e-008	4.484155e-044	1.000000e+000
3.254003753770151e-008	1.149065e-043	1.000000e+000
3.283300628770151e-008	2.942727e-043	1.000000e+000
3.312597503770151e-008	7.468921e-043	1.000000e+000
3.341894378770151e-008	1.886148e-042	1.000000e+000
3.371191253770151e-008	4.719573e-042	1.000000e+000
3.400488128770151e-008	1.172046e-041	1.000000e+000
3.429785003770151e-008	2.888637e-041	1.000000e+000
3.459081878770151e-008	7.066468e-041	1.000000e+000
3.488378753770151e-008	1.715876e-040	1.000000e+000
3.517675628770151e-008	4.135988e-040	1.000000e+000
3.546972503770151e-008	9.897567e-040	1.000000e+000
3.576269378770151e-008	2.351634e-039	1.000000e+000
3.605566253770151e-008	5.548060e-039	1.000000e+000
3.634863128770151e-008	1.299810e-038	1.000000e+000
3.664160003770151e-008	3.024281e-038	1.000000e+000
3.693456878770151e-008	6.988809e-038	1.000000e+000
3.722753753770151e-008	1.604198e-037	1.000000e+000
3.752050628770151e-008	3.657802e-037	1.000000e+000
3.781347503770151e-008	8.285591e-037	1.000000e+000
3.810644378770152e-008	1.864663e-036	1.000000e+000
3.839941253770152e-008	4.169486e-036	1.000000e+000
3.869238128770152e-008	9.264064e-036	1.000000e+000
3.898535003770152e-008	2.045446e-035	1.000000e+000
3.927831878770152e-008	4.488198e-035	1.000000e+000
3.957128753770152e-008	9.787755e-035	1.000000e+000
3.986425628770152e-008	2.121534e-034	1.000000e+000
4.015722503770152e-008	4.570896e-034	1.000000e+000
4.045019378770152e-008	9.789591e-034	1.000000e+000
4.074316253770152e-008	2.084333e-033	1.000000e+000
4.103613128770152e-008	4.412003e-033	1.000000e+000
4.132910003770152e-008	9.285317e-033	1.000000e+000
4.162206878770152e-008	1.943013e-032	1.000000e+000
4.191503753770152e-008	4.042946e-032	1.000000e+000
4.220800628770152e-008	8.365429e-032	1.000000e+000
4.250097503770152e-008	1.721357e-031	1.000000e+000
4.279394378770152e-008	3.522654e-031	1.000000e+000
4.308691253770152e-008	7.169828e-031	1.000000e+000
4.337988128770152e-008	1.451477e-030	1.000000e+000
4.367285003770152e-008	2.922787e-030	1.000000e+000
4.396581878770153e-008	5.854523e-030	1.000000e+000
4.425878753770153e-008	1.166582e-029	1.000000e+000
4.455175628770153e-008	2.312543e-029	1.000000e+000
4.484472503770153e-008	4.560749e-029	1.000000e+000
4.513769378770153e-008	8.949008e-029	1.000000e+000
4.543066253770153e-008	1.747135e-028	1.000000e+000
4.572363128770153e-008	3.393991e-028	1.000000e+000
4.601660003770153e-008	6.560653e-028	1.000000e+000
4.630956878770153e-008	1.261988e-027	1.000000e+000
4.660253753770153e-008	2.415758e-027	1.000000e+000
4.689550628770153e-008	4.602153e-027	1.000000e+000
4.718847503770153e-008	8.725611e-027	1.000000e+000
4.748144378770153e-008	1.646554e-026	1.000000e+000
4.777441253770153e-008	3.092566e-026	1.000000e+000
4.806738128770153e-008	5.781524e-026	1.000000e+000
4.836035003770153e-008	1.075878e-025	1.000000e+000
4.865331878770153e-008	1.992957e-025	1.000000e+000
4.894628753770153e-008	3.675052e-025	1.000000e+000
4.923925628770153e-008	6.746461e-025	1.000000e+000
4.953222503770153e-008	1.232967e-024	1.000000e+000
4.982519378770154e-008	2.243392e-024	1.000000e+000
5.011816253770154e-008	4.063993e-024	1.000000e+000
5.041113128770154e-008	7.330099e-024	1.000000e+000
5.070410003770154e-008	1.316409e-023	1.000000e+000
5.099706878770154e-008	2.354023e-023	1.000000e+000
5.129003753770154e-008	4.191636e-023	1.000000e+000
5.158300628770154e-008	7.432311e-023	1.000000e+000
5.187597503770154e-008	1.312338e-022	1.000000e+000
5.216894378770154e-008	2.307610e-022	1.000000e+000
5.246191253770154e-008	4.040990e-022	1.000000e+000
5.275488128770154e-008	7.047501e-022	1.000000e+000
5.304785003770154e-008	1.224102e-021	1.000000e+000
5.334081878770154e-008	2.117619e-021	1.000000e+000
5.363378753770154e-008	3.648703e-021	1.000000e+000
5.392675628770154e-008	6.261846e-021	1.000000e+000
5.421972503770154e-008	1.070413e-020	1.000000e+000
5.451269378770154e-008	1.822628e-020	1.000000e+000
5.480566253770154e-008	3.091389e-020	1.000000e+000
5.509863128770154e-008	5.223124e-020	1.000000e+000
5.539160003770155e-008	8.791021e-020	1.000000e+000
5.568456878770155e-008	1.473981e-019	1.000000e+000
5.597753753770155e-008	2.462065e-019	1.000000e+000
5.627050628770155e-008	4.097065e-019	1.000000e+000
5.656347503770155e-008	6.792392e-019	1.000000e+000
5.685644378770155e-008	1.121914e-018	1.000000e+000
5.714941253770155e-008	1.846266e-018	1.000000e+000
5.744238128770155e-008	3.027170e-018	1.000000e+000
5.773535003770155e-008	4.945351e-018	1.000000e+000
5.802831878770155e-008	8.049805e-018	1.000000e+000
5.832128753770155e-008	1.305603e-017	1.000000e+000
5.861425628770155e-008	2.110009e-017	1.000000e+000
5.890722503770155e-008	3.397928e-017	1.000000e+000
5.920019378770155e-008	5.452681e-017	1.000000e+000
5.949316253770155e-008	8.719290e-017	1.000000e+000
5.978613128770155e-008	1.389429e-016	1.000000e+000
6.007910003770154e-008	2.206402e-016	1.000000e+000
6.037206878770153e-008	3.491682e-016	1.000000e+000
6.066503753770153e-008	5.506745e-016	1.000000e+000
6.095800628770152e-008	8.655140e-016	1.000000e+000
6.125097503770152e-008	1.355752e-015	1.000000e+000
6.154394378770151e-008	2.116516e-015	1.000000e+000
6.183691253770150e-008	3.293110e-015	1.000000e+000
6.212988128770150e-008	5.106718e-015	1.000000e+000
6.242285003770149e-008	7.892896e-015	1.000000e+000
6.271581878770148e-008	1.215899e-014	1.000000e+000
6.300878753770148e-008	1.866949e-014	1.000000e+000
6.330175628770147e-008	2.857253e-014	1.000000e+000
6.359472503770147e-008	4.358665e-014	1.000000e+000
6.388769378770146e-008	6.627566e-014	1.000000e+000
6.418066253770145e-008	1.004517e-013	1.000000e+000
6.447363128770145e-008	1.517644e-013	1.000000e+000
6.476660003770144e-008	2.285594e-013	1.000000e+000
6.505956878770144e-008	3.431239e-013	1.000000e+000
6.535253753770143e-008	5.134904e-013	1.000000e+000
6.564550628770142e-008	7.660365e-013	1.000000e+000
6.593847503770142e-008	1.139223e-012	1.000000e+000
6.623144378770141e-008	1.688948e-012	1.000000e+000
6.652441253770141e-008	2.496192e-012	1.000000e+000
6.681738128770140e-008	3.677902e-012	1.000000e+000
6.711035003770139e-008	5.402419e-012	1.000000e+000
6.740331878770139e-008	7.911305e-012	1.000000e+000
6.769628753770138e-008	1.155009e-011	1.000000e+000
6.798925628770137e-008	1.681146e-011	1.000000e+000
6.828222503770137e-008	2.439574e-011	1.000000e+000
6.857519378770136e-008	3.529522e-011	1.000000e+000
6.886816253770136e-008	5.091157e-011	1.000000e+000
6.916113128770135e-008	7.321852e-011	1.000000e+000
6.945410003770134e-008	1.049867e-010	1.000000e+000
6.974706878770134e-008	1.500932e-010	1.000000e+000
7.004003753770133e-008	2.139469e-010	1.000000e+000
7.033300628770133e-008	3.040705e-010	1.000000e+000
7.062597503770132e-008	4.308935e-010	1.000000e+000
7.091894378770131e-008	6.088323e-010	1.000000e+000
7.121191253770131e-008	8.577521e-010	1.000000e+000
7.150488128770130e-008	1.204943e-009	1.000000e+000
7.179785003770130e-008	1.687781e-009	1.000000e+000
7.209081878770129e-008	2.357297e-009	1.000000e+000
7.238378753770128e-008	3.282958e-009	1.000000e+000
7.267675628770128e-008	4.559036e-009	1.000000e+000
7.296972503770127e-008	6.313077e-009	1.000000e+000
7.326269378770126e-008	8.717121e-009	1.000000e+000
7.355566253770126e-008	1.200253e-008	1.000000e+000
7.384863128770125e-008	1.647947e-008	1.000000e+000
7.414160003770125e-008	2.256255e-008	1.000000e+000
7.443456878770124e-008	3.080426e-008	1.000000e+000
7.472753753770123e-008	4.193863e-008	1.000000e+000
7.502050628770123e-008	5.693791e-008	1.000000e+000
7.531347503770122e-008	7.708602e-008	1.000000e+000
7.560644378770122e-008	1.040733e-007	1.000000e+000
7.589941253770121e-008	1.401186e-007	1.000000e+000
7.619238128770120e-008	1.881253e-007	1.000000e+000
7.648535003770120e-008	2.518815e-007	1.000000e+000
7.677831878770119e-008	3.363147e-007	1.000000e+000
7.707128753770119e-008	4.478141e-007	1.000000e+000
7.736425628770118e-008	5.946408e-007	1.000000e+000
7.765722503770117e-008	7.874422e-007	1.000000e+000
7.795019378770117e-008	1.039901e-006	1.000000e+000
7.824316253770116e-008	1.369545e-006	1.000000e+000
7.853613128770115e-008	1.798762e-006	1.000000e+000
7.882910003770115e-008	2.356057e-006	1.000000e+000
7.912206878770114e-008	3.077618e-006	1.000000e+000
7.941503753770114e-008	4.009236e-006	1.000000e+000
7.970800628770113e-008	5.208687e-006	1.000000e+000
8.000097503770112e-008	6.748634e-006	1.000000e+000
8.029394378770112e-008	8.720188e-006	1.000000e+000
8.058691253770111e-008	1.123723e-005	1.000000e+000
8.087988128770111e-008	1.444167e-005	1.000000e+000
8.117285003770110e-008	1.850978e-005	1.000000e+000
8.146581878770109e-008	2.365982e-005	1.000000e+000
8.175878753770109e-008	3.016122e-005	1.000000e+000
8.205175628770108e-008	3.834549e-005	1.000000e+000
8.234472503770108e-008	4.861925e-005	1.000000e+000
8.263769378770107e-008	6.147962e-005	1.000000e+000
8.293066253770106e-008	7.753243e-005	1.000000e+000
8.322363128770106e-008	9.751360e-005	1.000000e+000
8.351660003770105e-008	1.223141e-004	1.000000e+000
8.380956878770104e-008	1.530093e-004	1.000000e+000
8.410253753770104e-008	1.908925e-004	1.000000e+000
8.439550628770103e-008	2.375139e-004	1.000000e+000
8.468847503770103e-008	2.947261e-004	1.000000e+000
8.498144378770102e-008	3.647344e-004	1.000000e+000
8.527441253770101e-008	4.501560e-004	1.000000e+000
8.556738128770101e-008	5.540857e-004	1.000000e+000
8.586035003770100e-008	6.801702e-004	1.000000e+000
8.615331878770100e-008	8.326914e-004	1.000000e+000
8.644628753770099e-008	1.016659e-003	1.000000e+000
8.673925628770098e-008	1.237914e-003	1.000000e+000
8.703222503770098e-008	1.503239e-003	1.000000e+000
8.732519378770097e-008	1.820483e-003	1.000000e+000
8.761816253770097e-008	2.198693e-003	1.000000e+000
8.791113128770096e-008	2.648261e-003	1.000000e+000
8.820410003770095e-008	3.181070e-003	1.000000e+000
8.849706878770095e-008	3.810657e-003	1.000000e+000
8.879003753770094e-008	4.552384e-003	1.000000e+000
8.908300628770093e-008	5.423606e-003	1.000000e+000
8.937597503770093e-008	6.443849e-003	1.000000e+000
8.966894378770092e-008	7.634982e-003	1.000000e+000
8.996191253770092e-008	9.021398e-003	1.000000e+000
9.025488128770091e-008	1.063016e-002	1.000000e+000
9.054785003770090e-008	1.249119e-002	1.000000e+000
9.084081878770090e-008	1.463734e-002	1.000000e+000
9.113378753770089e-008	1.710457e-002	1.000000e+000
9.142675628770089e-008	1.993199e-002	1.000000e+000
9.171972503770088e-008	2.316191e-002	1.000000e+000
9.201269378770087e-008	2.683984e-002	1.000000e+000
9.230566253770087e-008	3.101441e-002	1.000000e+000
9.259863128770086e-008	3.573729e-002	1.000000e+000
9.289160003770086e-008	4.106299e-002	1.000000e+000
9.318456878770085e-008	4.704855e-002	1.000000e+000
9.347753753770084e-008	5.375325e-002	1.000000e+000
9.377050628770084e-008	6.123812e-002	1.000000e+000
9.406347503770083e-008	6.956542e-002	1.000000e+000
9.435644378770082e-008	7.879797e-002	1.000000e+000
9.464941253770082e-008	8.899841e-002	1.000000e+000
9.494238128770081e-008	1.002284e-001	1.000000e+000
9.523535003770081e-008	1.125475e-001	1.000000e+000
9.552831878770080e-008	1.260123e-001	1.000000e+000
9.582128753770079e-008	1.406751e-001	1.000000e+000
9.611425628770079e-008	1.565828e-001	1.000000e+000
9.640722503770078e-008	1.737758e-001	1.000000e+000
9.670019378770078e-008	1.922860e-001	1.000000e+000
9.699316253770077e-008	2.121361e-001	1.000000e+000
9.728613128770076e-008	2.333382e-001	1.000000e+000
9.757910003770076e-008	2.558920e-001	1.000000e+000
9.787206878770075e-008	2.797841e-001	1.000000e+000
9.816503753770075e-008	3.049866e-001	1.000000e+000
9.845800628770074e-008	3.314560e-001	1.000000e+000
9.875097503770073e-008	3.591326e-001	1.000000e+000
9.904394378770073e-008	3.879399e-001	1.000000e+000
9.933691253770072e-008	4.177840e-001	1.000000e+000
9.962988128770071e-008	4.485538e-001	1.000000e+000
9.992285003770071e-008	4.801213e-001	1.000000e+000
1.002158187877007e-007	5.123421e-001	1.000000e+000
1.005087875377007e-007	5.450563e-001	1.000000e+000
1.008017562877007e-007	5.780901e-001	1.000000e+000
1.010947250377007e-007	6.112576e-001	1.000000e+000
1.013876937877007e-007	6.443624e-001	1.000000e+000
1.016806625377007e-007	6.772012e-001	1.000000e+000
1.019736312877007e-007	7.095652e-001	1.000000e+000
1.022666000377007e-007	7.412446e-001	1.000000e+000
1.025595687877007e-007	7.720308e-001	1.000000e+000
1.028525375377007e-007	8.017210e-001	1.000000e+000
1.031455062877006e-007	8.301207e-001	1.000000e+000
1.034384750377006e-007	8.570485e-001	1.000000e+000
1.037314437877006e-007	8.823385e-001	1.000000e+000
1.040244125377006e-007	9.058446e-001	1.000000e+000
1.043173812877006e-007	9.274432e-001	1.000000e+000
1.046103500377006e-007	9.470360e-001	1.000000e+000
1.049033187877006e-007	9.645523e-001	1.000000e+000
1.051962875377006e-007	9.799507e-001	1.000000e+000
1.054892562877006e-007	9.932203e-001	1.000000e+000
1.057822250377006e-007	1.004381e+000	1.000000e+000
1.060751937877006e-007	1.013485e+000	1.000000e+000
1.063681625377006e-007	1.020611e+000	1.000000e+000
1.066611312877006e-007	1.025869e+000	1.000000e+000
1.069541000377006e-007	1.029444e+000	1.000000e+000
1.072070312500000e-007	1.031208e+000	1.000000e+000
1.075000000000000e-007	1.032193e+000	1.000000e+000
1.075292968750000e-007	1.032177e+000	9.960938e-001
1.075878906250000e-007	1.032111e+000	9.882813e-001
1.077050781250000e-007	1.031817e+000	9.726563e-001
1.079394531250000e-007	1.030744e+000	9.414063e-001
1.082324218750000e-007	1.028704e+000	9.023438e-001
1.085253906250000e-007	1.025986e+000	8.632813e-001
1.088183593750000e-007	1.022747e+000	8.242188e-001
1.091113281250000e-007	1.019185e+000	7.851563e-001
1.094042968749999e-007	1.015489e+000	7.460938e-001
1.096972656249999e-007	1.011832e+000	7.070313e-001
1.099902343749999e-007	1.008370e+000	6.679688e-001
1.102832031249999e-007	1.005235e+000	6.289063e-001
1.105761718749999e-007	1.002536e+000	5.898438e-001
1.108691406249999e-007	1.000355e+000	5.507813e-001
1.111621093749999e-007	9.987483e-001	5.117188e-001
1.114550781249999e-007	9.977455e-001	4.726563e-001
1.117480468749999e-007	9.973507e-001	4.335938e-001
1.120410156249999e-007	9.975441e-001	3.945313e-001
1.123339843749999e-007	9.982849e-001	3.554688e-001
1.126269531249999e-007	9.995139e-001	3.164063e-001
1.129199218749999e-007	1.001157e+000	2.773438e-001
1.132128906249999e-007	1.003130e+000	2.382813e-001
1.135058593749999e-007	1.005342e+000	1.992188e-001
1.137988281249999e-007	1.007699e+000	1.601563e-001
1.140917968749999e-007	1.010107e+000	1.210938e-001
1.143847656249998e-007	1.012479e+000	8.203125e-002
1.146777343749998e-007	1.014779e+000	4.296875e-002
1.147070312500000e-007	1.015001e+000	3.906250e-002
1.147656250000003e-007	1.015429e+000	3.125000e-002
1.148828125000009e-007	1.016260e+000	1.562500e-002
1.150000000000000e-007	1.017068e+000	0.000000e+000
1.150002578127844e-007	1.017070e+000	0.000000e+000
1.150007734383531e-007	1.017074e+000	0.000000e+000
1.150194832804173e-007	1.017197e+000	0.000000e+000
1.150381931224816e-007	1.017320e+000	0.000000e+000
1.150569029645458e-007	1.017441e+000	0.000000e+000
1.150756128066101e-007	1.017561e+000	0.000000e+000
1.150943226486743e-007	1.017679e+000	0.000000e+000
1.151130324907386e-007	1.017796e+000	0.000000e+000
1.151317423328028e-007	1.017911e+000	0.000000e+000
1.152637424783900e-007	1.018684e+000	0.000000e+000
1.155277427695643e-007	1.020054e+000	0.000000e+000
1.158207115195643e-007	1.021309e+000	0.000000e+000
1.161136802695643e-007	1.022245e+000	0.000000e+000
1.164066490195643e-007	1.022856e+000	0.000000e+000
1.166996177695643e-007	1.023152e+000	0.000000e+000
1.169925865195643e-007	1.023158e+000	0.000000e+000
1.172855552695643e-007	1.022906e+000	0.000000e+000
1.175785240195643e-007	1.022434e+000	0.000000e+000
1.178714927695643e-007	1.021787e+000	0.000000e+000
1.181644615195643e-007	1.021011e+000	0.000000e+000
1.184574302695643e-007	1.020153e+000	0.000000e+000
1.187132920477030e-007	1.019368e+000	0.000000e+000
1.189199087436017e-007	1.018728e+000	0.000000e+000
1.191151358051396e-007	1.018134e+000	0.000000e+000
1.193111019693897e-007	1.017561e+000	0.000000e+000
1.195379227372280e-007	1.016939e+000	0.000000e+000
1.198308914872280e-007	1.016213e+000	0.000000e+000
1.201238602372280e-007	1.015586e+000	0.000000e+000
1.204168289872280e-007	1.015071e+000	0.000000e+000
1.206755042305513e-007	1.014714e+000	0.000000e+000
1.208868073092701e-007	1.014496e+000	0.000000e+000
1.211003573007583e-007	1.014344e+000	0.000000e+000
1.212937758445629e-007	1.014261e+000	0.000000e+000
1.214961964833066e-007	1.014229e+000	0.000000e+000
1.216919180955391e-007	1.014250e+000	0.000000e+000
1.219734793600970e-007	1.014358e+000	0.000000e+000
1.222664481100970e-007	1.014546e+000	0.000000e+000
1.225206524548872e-007	1.014768e+000	0.000000e+000
1.227462360253610e-007	1.015008e+000	0.000000e+000
1.229736144603551e-007	1.015280e+000	0.000000e+000
1.231780730223442e-007	1.015546e+000	0.000000e+000
1.233793168023740e-007	1.015822e+000	0.000000e+000
1.235822442673053e-007	1.016110e+000	0.000000e+000
1.237759795859584e-007	1.016390e+000	0.000000e+000
1.239802851959376e-007	1.016685e+000	0.000000e+000
1.242541885004546e-007	1.017072e+000	0.000000e+000
1.245282872430285e-007	1.017442e+000	0.000000e+000
1.247751427602003e-007	1.017751e+000	0.000000e+000
1.250042307622913e-007	1.018009e+000	0.000000e+000
1.252132863638774e-007	1.018216e+000	0.000000e+000
1.254251382161354e-007	1.018392e+000	0.000000e+000
1.256238268295507e-007	1.018524e+000	0.000000e+000
1.258253880222890e-007	1.018620e+000	0.000000e+000
1.260315067957512e-007	1.018676e+000	0.000000e+000
1.262611670500466e-007	1.018686e+000	0.000000e+000
1.265091959909168e-007	1.018632e+000	0.000000e+000
1.268021647409168e-007	1.018489e+000	0.000000e+000
1.270267015347731e-007	1.018320e+000	0.000000e+000
1.272544555482702e-007	1.018092e+000	0.000000e+000
1.274928304905952e-007	1.017803e+000	0.000000e+000
1.277215235170188e-007	1.017483e+000	0.000000e+000
1.279298337464900e-007	1.017161e+000	0.000000e+000
1.281343331696476e-007	1.016823e+000	0.000000e+000
1.283329663029926e-007	1.016482e+000	0.000000e+000
1.286003368467300e-007	1.016017e+000	0.000000e+000
1.288456399156368e-007	1.015598e+000	0.000000e+000
1.290784200851950e-007	1.015223e+000	0.000000e+000
1.293417487844419e-007	1.014838e+000	0.000000e+000
1.295572982812979e-007	1.014565e+000	0.000000e+000
1.297750541326181e-007	1.014341e+000	0.000000e+000
1.299767182967819e-007	1.014184e+000	0.000000e+000
1.301819378034716e-007	1.014082e+000	0.000000e+000
1.303995945349254e-007	1.014038e+000	0.000000e+000
1.305986934531449e-007	1.014059e+000	0.000000e+000
1.308312942441219e-007	1.014160e+000	0.000000e+000
1.310956064827732e-007	1.014358e+000	0.000000e+000
1.313141342193716e-007	1.014586e+000	0.000000e+000
1.315368881938438e-007	1.014875e+000	0.000000e+000
1.317588466019795e-007	1.015203e+000	0.000000e+000
1.319642866568021e-007	1.015535e+000	0.000000e+000
1.321732134403201e-007	1.015887e+000	0.000000e+000
1.323735148712706e-007	1.016226e+000	0.000000e+000
1.325767839963408e-007	1.016560e+000	0.000000e+000
1.328059827662888e-007	1.016911e+000	0.000000e+000
1.330201472331647e-007	1.017200e+000	0.000000e+000
1.332360422635187e-007	1.017440e+000	0.000000e+000
1.334544819457176e-007	1.017620e+000	0.000000e+000
1.336737405035894e-007	1.017730e+000	0.000000e+000
1.338829371807075e-007	1.017761e+000	0.000000e+000
1.340949776213247e-007	1.017715e+000	0.000000e+000
1.342989119767882e-007	1.017599e+000	0.000000e+000
1.345054135406227e-007	1.017410e+000	0.000000e+000
1.347217287215477e-007	1.017143e+000	0.000000e+000
1.349227862193194e-007	1.016837e+000	0.000000e+000
1.351482231347293e-007	1.016438e+000	0.000000e+000
1.353826276156310e-007	1.015981e+000	0.000000e+000
1.355949640468417e-007	1.015543e+000	0.000000e+000
1.358228964141717e-007	1.015065e+000	0.000000e+000
1.360344486603294e-007	1.014632e+000	0.000000e+000
1.362373282067291e-007	1.014241e+000	0.000000e+000
1.364455579259309e-007	1.013880e+000	0.000000e+000
1.366698689209095e-007	1.013548e+000	0.000000e+000
1.368735476692345e-007	1.013309e+000	0.000000e+000
1.370864622335440e-007	1.013135e+000	0.000000e+000
1.372993434821278e-007	1.013043e+000	0.000000e+000
1.375144791682375e-007	1.013035e+000	0.000000e+000
1.377316540446824e-007	1.013117e+000	0.000000e+000
1.379776362621194e-007	1.013306e+000	0.000000e+000
1.381911454603340e-007	1.013547e+000	0.000000e+000
1.384077786673805e-007	1.013855e+000	0.000000e+000
1.386134100812795e-007	1.014194e+000	0.000000e+000
1.388222697128549e-007	1.014569e+000	0.000000e+000
1.390270936463591e-007	1.014952e+000	0.000000e+000
1.392329324381247e-007	1.015336e+000	0.000000e+000
1.394411353140705e-007	1.015707e+000	0.000000e+000
1.396603844230592e-007	1.016058e+000	0.000000e+000
1.399047617863228e-007	1.016387e+000	0.000000e+000
1.401331762454498e-007	1.016618e+000	0.000000e+000
1.403502060812317e-007	1.016756e+000	0.000000e+000
1.405579670598656e-007	1.016804e+000	0.000000e+000
1.407676434985443e-007	1.016766e+000	0.000000e+000
1.409865741308105e-007	1.016636e+000	0.000000e+000
1.411949216289548e-007	1.016431e+000	0.000000e+000
1.414013287113834e-007	1.016154e+000	0.000000e+000
1.416198165957213e-007	1.015794e+000	0.000000e+000
1.418303983932919e-007	1.015396e+000	0.000000e+000
1.420481479278203e-007	1.014948e+000	0.000000e+000
1.422828681518002e-007	1.014445e+000	0.000000e+000
1.424935971108535e-007	1.013996e+000	0.000000e+000
1.427086925174273e-007	1.013559e+000	0.000000e+000
1.429169165091642e-007	1.013174e+000	0.000000e+000
1.431355611875202e-007	1.012827e+000	0.000000e+000
1.433411887333389e-007	1.012565e+000	0.000000e+000
1.435427317512369e-007	1.012381e+000	0.000000e+000
1.437505208789065e-007	1.012275e+000	0.000000e+000
1.439669374308600e-007	1.012254e+000	0.000000e+000
1.441926015875467e-007	1.012329e+000	0.000000e+000
1.444046570519165e-007	1.012485e+000	0.000000e+000
1.446196661437337e-007	1.012721e+000	0.000000e+000
1.448292132870644e-007	1.013014e+000	0.000000e+000
1.450480288194725e-007	1.013371e+000	0.000000e+000
1.452557611290587e-007	1.013741e+000	0.000000e+000
1.454581018634440e-007	1.014114e+000	0.000000e+000
1.456638947385212e-007	1.014490e+000	0.000000e+000
1.458698642648515e-007	1.014843e+000	0.000000e+000
1.460894506395194e-007	1.015175e+000	0.000000e+000
1.463214756969735e-007	1.015463e+000	0.000000e+000
1.465360937634707e-007	1.015655e+000	0.000000e+000
1.467456967227430e-007	1.015761e+000	0.000000e+000
1.469576159511773e-007	1.015780e+000	0.000000e+000
1.471727281544310e-007	1.015711e+000	0.000000e+000
1.473782662881017e-007	1.015560e+000	0.000000e+000
1.475874426280061e-007	1.015328e+000	0.000000e+000
1.477905347626550e-007	1.015035e+000	0.000000e+000
1.480050502379003e-007	1.014668e+000	0.000000e+000
1.482200986644395e-007	1.014255e+000	0.000000e+000
1.484485700777805e-007	1.013790e+000	0.000000e+000
1.486820581945640e-007	1.013309e+000	0.000000e+000
1.488960365906073e-007	1.012885e+000	0.000000e+000
1.491168104330989e-007	1.012486e+000	0.000000e+000
1.493397408617323e-007	1.012138e+000	0.000000e+000
1.495496297626601e-007	1.011877e+000	0.000000e+000
1.497520070489553e-007	1.011699e+000	0.000000e+000
1.499591115324726e-007	1.011598e+000	0.000000e+000
1.501754202201141e-007	1.011582e+000	0.000000e+000
1.503938526393400e-007	1.011657e+000	0.000000e+000
1.506231738242828e-007	1.011828e+000	0.000000e+000
1.508364094463460e-007	1.012060e+000	0.000000e+000
1.510460413869797e-007	1.012349e+000	0.000000e+000
1.512684476352117e-007	1.012700e+000	0.000000e+000
1.514775563854648e-007	1.013055e+000	0.000000e+000
1.516812068922599e-007	1.013408e+000	0.000000e+000
1.518894354875417e-007	1.013756e+000	0.000000e+000
1.520948909259160e-007	1.014070e+000	0.000000e+000
1.523141090767396e-007	1.014355e+000	0.000000e+000
1.525226719425886e-007	1.014566e+000	0.000000e+000
1.527392178121152e-007	1.014706e+000	0.000000e+000
1.529662034430179e-007	1.014764e+000	0.000000e+000
1.531794563195606e-007	1.014729e+000	0.000000e+000
1.534011368586893e-007	1.014602e+000	0.000000e+000
1.536093528892464e-007	1.014403e+000	0.000000e+000
1.538210871624277e-007	1.014129e+000	0.000000e+000
1.540266269860691e-007	1.013807e+000	0.000000e+000
1.542396560530611e-007	1.013429e+000	0.000000e+000
1.544466367817027e-007	1.013037e+000	0.000000e+000
1.546788360833087e-007	1.012587e+000	0.000000e+000
1.548115286613896e-007	1.012335e+000	0.000000e+000
1.549866373808379e-007	1.012017e+000	0.000000e+000
1.551451675530051e-007	1.011754e+000	0.000000e+000
1.553500657572106e-007	1.011460e+000	0.000000e+000
1.555687157068486e-007	1.011209e+000	0.000000e+000
1.557814354599166e-007	1.011040e+000	0.000000e+000
1.559882294026397e-007	1.010955e+000	0.000000e+000
1.561976984288920e-007	1.010951e+000	0.000000e+000
1.564128755507691e-007	1.011031e+000	0.000000e+000
1.566318457294751e-007	1.011191e+000	0.000000e+000
1.568453283847096e-007	1.011415e+000	0.000000e+000
1.570614286852115e-007	1.011698e+000	0.000000e+000
1.572927270580365e-007	1.012041e+000	0.000000e+000
1.574780867262929e-007	1.012333e+000	0.000000e+000
1.576029086810174e-007	1.012534e+000	0.000000e+000
1.576826615776175e-007	1.012660e+000	0.000000e+000
1.577986764956923e-007	1.012840e+000	0.000000e+000
1.579069955081687e-007	1.012999e+000	0.000000e+000
1.580382271250673e-007	1.013179e+000	0.000000e+000
1.581848948913734e-007	1.013360e+000	0.000000e+000
1.583165868808159e-007	1.013500e+000	0.000000e+000
1.584573273877905e-007	1.013619e+000	0.000000e+000
1.586404082771372e-007	1.013723e+000	0.000000e+000
1.588647746894340e-007	1.013775e+000	0.000000e+000
1.590863388258518e-007	1.013742e+000	0.000000e+000
1.592930695955510e-007	1.013633e+000	0.000000e+000
1.595017691213643e-007	1.013446e+000	0.000000e+000
1.597332461608828e-007	1.013165e+000	0.000000e+000
1.599485340400829e-007	1.012846e+000	0.000000e+000
1.601939273886019e-007	1.012436e+000	0.000000e+000
1.604025244747438e-007	1.012068e+000	0.000000e+000
1.606139585172245e-007	1.011693e+000	0.000000e+000
1.608211180125078e-007	1.011343e+000	0.000000e+000
1.610467218208881e-007	1.011001e+000	0.000000e+000
1.612917148723450e-007	1.010692e+000	0.000000e+000
1.614902048791467e-007	1.010499e+000	0.000000e+000
1.616629096684681e-007	1.010387e+000	0.000000e+000
1.618551819125390e-007	1.010326e+000	0.000000e+000
1.620558285032497e-007	1.010333e+000	0.000000e+000
1.622941018857502e-007	1.010425e+000	0.000000e+000
1.624883187343825e-007	1.010564e+000	0.000000e+000
1.626983806985309e-007	1.010773e+000	0.000000e+000
1.628970303941737e-007	1.011014e+000	0.000000e+000
1.631231728535013e-007	1.011322e+000	0.000000e+000
1.633339320597539e-007	1.011624e+000	0.000000e+000
1.635683581665766e-007	1.011954e+000	0.000000e+000
1.637872522204437e-007	1.012237e+000	0.000000e+000
1.640376999568785e-007	1.012508e+000	0.000000e+000
1.642804176421894e-007	1.012699e+000	0.000000e+000
1.645171206112772e-007	1.012802e+000	0.000000e+000
1.647463386108479e-007	1.012814e+000	0.000000e+000
1.649764171335044e-007	1.012737e+000	0.000000e+000
1.652070286910431e-007	1.012577e+000	0.000000e+000
1.653883076641047e-007	1.012396e+000	0.000000e+000
1.655735721674450e-007	1.012163e+000	0.000000e+000
1.658350554258027e-007	1.011780e+000	0.000000e+000
1.660892036142512e-007	1.011376e+000	0.000000e+000
1.663181358818169e-007	1.011004e+000	0.000000e+000
1.665673372259456e-007	1.010617e+000	0.000000e+000
1.668127661536461e-007	1.010282e+000	0.000000e+000
1.670889124651494e-007	1.009982e+000	0.000000e+000
1.673493126371736e-007	1.009797e+000	0.000000e+000
1.676422813871736e-007	1.009717e+000	0.000000e+000
1.679352501371736e-007	1.009768e+000	0.000000e+000
1.682282188871736e-007	1.009945e+000	0.000000e+000
1.685211876371737e-007	1.010223e+000	0.000000e+000
1.688141563871737e-007	1.010568e+000	0.000000e+000
1.691071251371737e-007	1.010939e+000	0.000000e+000
1.694000938871737e-007	1.011295e+000	0.000000e+000
1.696837592877062e-007	1.011585e+000	0.000000e+000
1.699739223367710e-007	1.011791e+000	0.000000e+000
1.702668910867710e-007	1.011884e+000	0.000000e+000
1.705598598367710e-007	1.011847e+000	0.000000e+000
1.708528285867710e-007	1.011682e+000	0.000000e+000
1.711457973367710e-007	1.011402e+000	0.000000e+000
1.714387660867710e-007	1.011035e+000	0.000000e+000
1.717317348367710e-007	1.010615e+000	0.000000e+000
1.720247035867710e-007	1.010183e+000	0.000000e+000
1.723176723367710e-007	1.009782e+000	0.000000e+000
1.726106410867710e-007	1.009448e+000	0.000000e+000
1.729036098367711e-007	1.009213e+000	0.000000e+000
1.731965785867711e-007	1.009097e+000	0.000000e+000
1.734895473367711e-007	1.009107e+000	0.000000e+000
1.737825160867711e-007	1.009236e+000	0.000000e+000
1.740754848367711e-007	1.009465e+000	0.000000e+000
1.743684535867711e-007	1.009765e+000	0.000000e+000
1.746614223367711e-007	1.010097e+000	0.000000e+000
1.749543910867711e-007	1.010423e+000	0.000000e+000
1.752473598367711e-007	1.010702e+000	0.000000e+000
1.755403285867711e-007	1.010901e+000	0.000000e+000
1.758332973367711e-007	1.010994e+000	0.000000e+000
1.761262660867711e-007	1.010968e+000	0.000000e+000
1.764192348367711e-007	1.010826e+000	0.000000e+000
1.766816274088707e-007	1.010605e+000	0.000000e+000
1.769602806887858e-007	1.010292e+000	0.000000e+000
1.772521299440887e-007	1.009913e+000	0.000000e+000
1.775134726574112e-007	1.009557e+000	0.000000e+000
1.777737289659983e-007	1.009215e+000	0.000000e+000
1.780352801533537e-007	1.008915e+000	0.000000e+000
1.783282489033537e-007	1.008655e+000	0.000000e+000
1.786212176533537e-007	1.008497e+000	0.000000e+000
1.789141864033537e-007	1.008453e+000	0.000000e+000
1.792045701421264e-007	1.008522e+000	0.000000e+000
1.794975388921264e-007	1.008693e+000	0.000000e+000
1.797905076421264e-007	1.008940e+000	0.000000e+000
1.800834763921264e-007	1.009232e+000	0.000000e+000
1.803764451421264e-007	1.009532e+000	0.000000e+000
1.806694138921264e-007	1.009801e+000	0.000000e+000
1.809623826421265e-007	1.010007e+000	0.000000e+000
1.812553513921265e-007	1.010121e+000	0.000000e+000
1.815483201421265e-007	1.010129e+000	0.000000e+000
1.818412888921265e-007	1.010026e+000	0.000000e+000
1.821342576421265e-007	1.009819e+000	0.000000e+000
1.824272263921265e-007	1.009529e+000	0.000000e+000
1.826936074290536e-007	1.009217e+000	0.000000e+000
1.829865761790536e-007	1.008851e+000	0.000000e+000
1.832795449290536e-007	1.008498e+000	0.000000e+000
1.835575920944142e-007	1.008208e+000	0.000000e+000
1.838505608444142e-007	1.007978e+000	0.000000e+000
1.841435295944142e-007	1.007844e+000	0.000000e+000
1.844364983444142e-007	1.007816e+000	0.000000e+000
1.847294670944142e-007	1.007893e+000	0.000000e+000
1.850224358444142e-007	1.008059e+000	0.000000e+000
1.853154045944142e-007	1.008291e+000	0.000000e+000
1.856083733444142e-007	1.008558e+000	0.000000e+000
1.859013420944142e-007	1.008824e+000	0.000000e+000
1.861943108444142e-007	1.009058e+000	0.000000e+000
1.864416883265305e-007	1.009208e+000	0.000000e+000
1.866714638660571e-007	1.009290e+000	0.000000e+000
1.868982971998860e-007	1.009309e+000	0.000000e+000
1.871450886840880e-007	1.009254e+000	0.000000e+000
1.874380574340880e-007	1.009099e+000	0.000000e+000
1.877310261840880e-007	1.008861e+000	0.000000e+000
1.880239949340880e-007	1.008559e+000	0.000000e+000
1.883169636840880e-007	1.008223e+000	0.000000e+000
1.886099324340880e-007	1.007887e+000	0.000000e+000
1.889029011840881e-007	1.007585e+000	0.000000e+000
1.891958699340881e-007	1.007345e+000	0.000000e+000
1.894888386840881e-007	1.007189e+000	0.000000e+000
1.897818074340881e-007	1.007128e+000	0.000000e+000
1.900747761840881e-007	1.007162e+000	0.000000e+000
1.903677449340881e-007	1.007280e+000	0.000000e+000
1.906607136840881e-007	1.007461e+000	0.000000e+000
1.909536824340881e-007	1.007675e+000	0.000000e+000
1.912286443179521e-007	1.007878e+000	0.000000e+000
1.915138399706807e-007	1.008057e+000	0.000000e+000
1.918068087206807e-007	1.008180e+000	0.000000e+000
1.920997774706807e-007	1.008216e+000	0.000000e+000
1.923927462206807e-007	1.008148e+000	0.000000e+000
1.926857149706807e-007	1.007972e+000	0.000000e+000
1.929786837206807e-007	1.007692e+000	0.000000e+000
1.932716524706807e-007	1.007322e+000	0.000000e+000
1.935646212206807e-007	1.006884e+000	0.000000e+000
1.938575899706807e-007	1.006403e+000	0.000000e+000
1.941505587206807e-007	1.005906e+000	0.000000e+000
1.944435274706808e-007	1.005416e+000	0.000000e+000
1.947364962206808e-007	1.004949e+000	0.000000e+000
1.950294649706808e-007	1.004511e+000	0.000000e+000
1.953224337206808e-007	1.004097e+000	0.000000e+000
1.956154024706808e-007	1.003689e+000	0.000000e+000
1.959083712206808e-007	1.003259e+000	0.000000e+000
1.962013399706808e-007	1.002767e+000	0.000000e+000
1.964943087206808e-007	1.002169e+000	0.000000e+000
1.967872774706808e-007	1.001413e+000	0.000000e+000
1.970802462206808e-007	1.000451e+000	0.000000e+000
1.973732149706808e-007	9.992351e-001	0.000000e+000
1.976661837206808e-007	9.977238e-001	0.000000e+000
1.979591524706808e-007	9.958825e-001	0.000000e+000
1.982521212206808e-007	9.936841e-001	0.000000e+000
1.985450899706809e-007	9.911081e-001	0.000000e+000
1.988380587206809e-007	9.881389e-001	0.000000e+000
1.991310274706809e-007	9.847628e-001	0.000000e+000
1.994239962206809e-007	9.809648e-001	0.000000e+000
1.997169649706809e-007	9.767246e-001	0.000000e+000
2.000099337206809e-007	9.720143e-001	0.000000e+000
2.003029024706809e-007	9.667950e-001	0.000000e+000
2.005958712206809e-007	9.610158e-001	0.000000e+000
2.008888399706809e-007	9.546131e-001	0.000000e+000
2.011818087206809e-007	9.475121e-001	0.000000e+000
2.014747774706809e-007	9.396287e-001	0.000000e+000
2.017677462206809e-007	9.308728e-001	0.000000e+000
2.020607149706809e-007	9.211522e-001	0.000000e+000
2.023536837206809e-007	9.103774e-001	0.000000e+000
2.026466524706810e-007	8.984652e-001	0.000000e+000
2.029396212206810e-007	8.853426e-001	0.000000e+000
2.032325899706810e-007	8.709496e-001	0.000000e+000
2.035255587206810e-007	8.552413e-001	0.000000e+000
2.038185274706810e-007	8.381886e-001	0.000000e+000
2.041114962206810e-007	8.197775e-001	0.000000e+000
2.044044649706810e-007	8.000082e-001	0.000000e+000
2.046974337206810e-007	7.788934e-001	0.000000e+000
2.049904024706810e-007	7.564559e-001	0.000000e+000
2.052833712206810e-007	7.327273e-001	0.000000e+000
2.055763399706810e-007	7.077460e-001	0.000000e+000
2.058693087206810e-007	6.815571e-001	0.000000e+000
2.061622774706810e-007	6.542123e-001	0.000000e+000
2.064552462206810e-007	6.257713e-001	0.000000e+000
2.067482149706810e-007	5.963038e-001	0.000000e+000
2.070411837206811e-007	5.658923e-001	0.000000e+000
2.073341524706811e-007	5.346349e-001	0.000000e+000
2.076271212206811e-007	5.026479e-001	0.000000e+000
2.079200899706811e-007	4.700681e-001	0.000000e+000
2.082130587206811e-007	4.370538e-001	0.000000e+000
2.085060274706811e-007	4.037849e-001	0.000000e+000
2.087989962206811e-007	3.704612e-001	0.000000e+000
2.090919649706811e-007	3.372990e-001	0.000000e+000
2.093849337206811e-007	3.045275e-001	0.000000e+000
2.096779024706811e-007	2.723821e-001	0.000000e+000
2.099708712206811e-007	2.410989e-001	0.000000e+000
2.102638399706811e-007	2.109074e-001	0.000000e+000
2.105568087206811e-007	1.820245e-001	0.000000e+000
2.108497774706811e-007	1.546479e-001	0.000000e+000
2.111427462206812e-007	1.289512e-001	0.000000e+000
2.114357149706812e-007	1.050803e-001	0.000000e+000
2.117286837206812e-007	8.315066e-002	0.000000e+000
2.120216524706812e-007	6.324607e-002	0.000000e+000
2.123146212206812e-007	4.541903e-002	0.000000e+000
2.126075899706812e-007	2.969165e-002	0.000000e+000
2.129005587206812e-007	1.605757e-002	0.000000e+000
2.131935274706812e-007	4.484164e-003	0.000000e+000
2.134864962206812e-007	-5.085141e-003	0.000000e+000
2.137794649706812e-007	-1.272869e-002	0.000000e+000
2.140724337206812e-007	-1.854471e-002	0.000000e+000
2.143654024706812e-007	-2.264982e-002	0.000000e+000
2.146583712206812e-007	-2.517781e-002	0.000000e+000
2.149513399706812e-007	-2.627850e-002	0.000000e+000
2.152443087206813e-007	-2.611658e-002	0.000000e+000
2.155372774706813e-007	-2.487007e-002	0.000000e+000
2.158302462206813e-007	-2.272820e-002	0.000000e+000
2.161232149706813e-007	-1.988846e-002	0.000000e+000
2.164161837206813e-007	-1.655280e-002	0.000000e+000
2.167091524706813e-007	-1.292298e-002	0.000000e+000
2.170021212206813e-007	-9.195131e-003	0.000000e+000
2.172950899706813e-007	-5.553897e-003	0.000000e+000
2.175880587206813e-007	-2.166459e-003	0.000000e+000
2.178810274706813e-007	8.231103e-004	0.000000e+000
2.181739962206813e-007	3.298715e-003	0.000000e+000
2.184669649706813e-007	5.175910e-003	0.000000e+000
2.187599337206813e-007	6.404038e-003	0.000000e+000
2.190529024706813e-007	6.966597e-003	0.000000e+000
2.193458712206814e-007	6.879782e-003	0.000000e+000
2.196388399706814e-007	6.189252e-003	0.000000e+000
2.199318087206814e-007	4.965391e-003	0.000000e+000
2.202247774706814e-007	3.297405e-003	0.000000e+000
2.205177462206814e-007	1.286740e-003	0.000000e+000
2.208107149706814e-007	-9.596891e-004	0.000000e+000
2.211036837206814e-007	-3.335923e-003	0.000000e+000
2.213966524706814e-007	-5.742600e-003	0.000000e+000
2.216896212206814e-007	-8.091452e-003	0.000000e+000
2.219825899706814e-007	-1.030842e-002	0.000000e+000
2.222755587206814e-007	-1.233532e-002	0.000000e+000
2.225685274706814e-007	-1.413011e-002	0.000000e+000
2.228614962206814e-007	-1.566597e-002	0.000000e+000
2.231544649706814e-007	-1.692950e-002	0.000000e+000
2.234474337206815e-007	-1.791828e-002	0.000000e+000
2.237404024706815e-007	-1.863840e-002	0.000000e+000
2.240333712206815e-007	-1.910198e-002	0.000000e+000
2.243263399706815e-007	-1.932519e-002	0.000000e+000
2.246193087206815e-007	-1.932686e-002	0.000000e+000
2.249122774706815e-007	-1.912763e-002	0.000000e+000
2.252052462206815e-007	-1.874979e-002	0.000000e+000
2.254982149706815e-007	-1.821746e-002	0.000000e+000
2.257911837206815e-007	-1.755705e-002	0.000000e+000
2.260841524706815e-007	-1.679777e-002	0.000000e+000
2.263761711672418e-007	-1.597428e-002	0.000000e+000
2.266691399172418e-007	-1.511587e-002	0.000000e+000
2.269621086672419e-007	-1.426179e-002	0.000000e+000
2.272550774172419e-007	-1.344913e-002	0.000000e+000
2.275480461672419e-007	-1.271381e-002	0.000000e+000
2.278410149172419e-007	-1.208843e-002	0.000000e+000
2.281339836672419e-007	-1.159887e-002	0.000000e+000
2.284185409514098e-007	-1.127430e-002	0.000000e+000
2.287115097014098e-007	-1.110607e-002	0.000000e+000
2.290044784514098e-007	-1.110461e-002	0.000000e+000
2.292974472014098e-007	-1.126205e-002	0.000000e+000
2.295904159514098e-007	-1.155419e-002	0.000000e+000
2.298164127092379e-007	-1.185797e-002	0.000000e+000
2.299749538018171e-007	-1.211101e-002	0.000000e+000
2.301791586337546e-007	-1.247184e-002	0.000000e+000
2.304217064963139e-007	-1.292658e-002	0.000000e+000
2.307063054652418e-007	-1.347306e-002	0.000000e+000
2.309888460486180e-007	-1.400457e-002	0.000000e+000
2.312818147986180e-007	-1.451926e-002	0.000000e+000
2.315747835486180e-007	-1.497934e-002	0.000000e+000
2.318285714079849e-007	-1.532394e-002	0.000000e+000
2.320289705132770e-007	-1.555408e-002	0.000000e+000
2.322086985366141e-007	-1.572519e-002	0.000000e+000
2.324165906010172e-007	-1.588545e-002	0.000000e+000
2.326194731787570e-007	-1.600335e-002	0.000000e+000
2.329124419287570e-007	-1.611853e-002	0.000000e+000
2.331609614445853e-007	-1.617399e-002	0.000000e+000
2.333828587691332e-007	-1.618950e-002	0.000000e+000
2.336054339203853e-007	-1.617598e-002	0.000000e+000
2.338888713665936e-007	-1.612424e-002	0.000000e+000
2.341818401165936e-007	-1.603490e-002	0.000000e+000
2.344748088665936e-007	-1.590786e-002	0.000000e+000
2.347547319228946e-007	-1.575257e-002	0.000000e+000
2.349296283004786e-007	-1.563489e-002	0.000000e+000
2.351297210513509e-007	-1.547756e-002	0.000000e+000
2.353303634915791e-007	-1.529810e-002	0.000000e+000
2.355358669735642e-007	-1.509118e-002	0.000000e+000
2.357396828689867e-007	-1.486319e-002	0.000000e+000
2.359720095339370e-007	-1.457847e-002	0.000000e+000
2.362571582478241e-007	-1.420472e-002	0.000000e+000
2.365042804587066e-007	-1.386901e-002	0.000000e+000
2.367462721729540e-007	-1.354284e-002	0.000000e+000
2.370392409229541e-007	-1.317139e-002	0.000000e+000
2.372871421616289e-007	-1.289753e-002	0.000000e+000
2.375586645511938e-007	-1.266703e-002	0.000000e+000
2.378516333011938e-007	-1.251814e-002	0.000000e+000
2.381428489288824e-007	-1.249251e-002	0.000000e+000
2.384301346018365e-007	-1.259569e-002	0.000000e+000
2.386608122302910e-007	-1.278032e-002	0.000000e+000
2.389026449951208e-007	-1.307034e-002	0.000000e+000
2.391235024825392e-007	-1.341134e-002	0.000000e+000
2.393822669491308e-007	-1.388618e-002	0.000000e+000
2.396530194743828e-007	-1.443761e-002	0.000000e+000
2.399126689861064e-007	-1.499194e-002	0.000000e+000
2.401247313656179e-007	-1.544153e-002	0.000000e+000
2.403206793462906e-007	-1.583403e-002	0.000000e+000
2.405295157715117e-007	-1.620769e-002	0.000000e+000
2.407668833329147e-007	-1.655596e-002	0.000000e+000
2.410329644324495e-007	-1.683483e-002	0.000000e+000
2.412744513950324e-007	-1.697340e-002	0.000000e+000
2.414700269281114e-007	-1.699043e-002	0.000000e+000
2.416565136111872e-007	-1.691071e-002	0.000000e+000
2.419494823611872e-007	-1.663977e-002	0.000000e+000
2.421889493833267e-007	-1.630570e-002	0.000000e+000
2.424203261496307e-007	-1.588925e-002	0.000000e+000
2.425914110696346e-007	-1.553244e-002	0.000000e+000
2.428181582757569e-007	-1.501685e-002	0.000000e+000
2.430396562225262e-007	-1.449703e-002	0.000000e+000
2.433326249725262e-007	-1.382392e-002	0.000000e+000
2.436111875735609e-007	-1.324324e-002	0.000000e+000
2.439041563235609e-007	-1.274164e-002	0.000000e+000
2.441876154090578e-007	-1.239195e-002	0.000000e+000
2.444275790534229e-007	-1.221984e-002	0.000000e+000
2.446206588327695e-007	-1.218118e-002	0.000000e+000
2.448369891144248e-007	-1.224456e-002	0.000000e+000
2.450659963193193e-007	-1.241978e-002	0.000000e+000
2.453105793808722e-007	-1.271750e-002	0.000000e+000
2.455603116989232e-007	-1.312133e-002	0.000000e+000
2.458532804489232e-007	-1.368250e-002	0.000000e+000
2.460876220521817e-007	-1.417166e-002	0.000000e+000
2.462808649949661e-007	-1.458547e-002	0.000000e+000
2.464912903336113e-007	-1.502550e-002	0.000000e+000
2.466783121064518e-007	-1.539666e-002	0.000000e+000
2.467853000293084e-007	-1.559466e-002	0.000000e+000
2.468765898186724e-007	-1.575064e-002	0.000000e+000
2.469848056123740e-007	-1.591983e-002	0.000000e+000
2.471031564120262e-007	-1.608426e-002	0.000000e+000
2.472425850832565e-007	-1.624680e-002	0.000000e+000
2.474147035640652e-007	-1.640005e-002	0.000000e+000
2.476025987944409e-007	-1.650496e-002	0.000000e+000
2.478124828974381e-007	-1.654367e-002	0.000000e+000
2.480247053287196e-007	-1.650099e-002	0.000000e+000
2.482297213325083e-007	-1.638032e-002	0.000000e+000
2.484672259116364e-007	-1.615336e-002	0.000000e+000
2.487247274098541e-007	-1.583137e-002	0.000000e+000
2.488646853681345e-007	-1.562425e-002	0.000000e+000
2.490348743584669e-007	-1.534509e-002	0.000000e+000
2.492064284079557e-007	-1.504816e-002	0.000000e+000
2.494483056101387e-007	-1.461870e-002	0.000000e+000
2.496289991486765e-007	-1.429883e-002	0.000000e+000
2.497315786230725e-007	-1.412110e-002	0.000000e+000
2.498082840438875e-007	-1.399260e-002	0.000000e+000
2.499167635060334e-007	-1.381836e-002	0.000000e+000
2.500340612796621e-007	-1.364384e-002	0.000000e+000
2.502686568269194e-007	-1.333648e-002	0.000000e+000
2.504922068574829e-007	-1.309321e-002	0.000000e+000
2.506585318761272e-007	-1.295573e-002	0.000000e+000
2.508219537045065e-007	-1.286794e-002	0.000000e+000
2.510638665221613e-007	-1.281075e-002	0.000000e+000
2.512842444210265e-007	-1.282972e-002	0.000000e+000
2.515049889877953e-007	-1.292472e-002	0.000000e+000
2.517579115731718e-007	-1.310795e-002	0.000000e+000
2.519166231839046e-007	-1.326408e-002	0.000000e+000
2.521339999173360e-007	-1.352375e-002	0.000000e+000
2.523033180092575e-007	-1.375167e-002	0.000000e+000
2.524929381911023e-007	-1.402979e-002	0.000000e+000
2.527268063332287e-007	-1.438773e-002	0.000000e+000
2.530197750832287e-007	-1.483707e-002	0.000000e+000
2.532440015328161e-007	-1.516811e-002	0.000000e+000
2.533946593388422e-007	-1.537613e-002	0.000000e+000
2.535009015993683e-007	-1.551184e-002	0.000000e+000
2.535917584565548e-007	-1.561902e-002	0.000000e+000
2.536812307948684e-007	-1.571480e-002	0.000000e+000
2.538162484125223e-007	-1.584252e-002	0.000000e+000
2.539383619450289e-007	-1.594112e-002	0.000000e+000
2.540416057247092e-007	-1.600802e-002	0.000000e+000
2.541654003169575e-007	-1.606462e-002	0.000000e+000
2.543584908656801e-007	-1.610425e-002	0.000000e+000
2.546211937260594e-007	-1.607846e-002	0.000000e+000
2.548479395451037e-007	-1.597998e-002	0.000000e+000
2.550654334465424e-007	-1.581740e-002	0.000000e+000
2.552279201266462e-007	-1.565645e-002	0.000000e+000
2.553460579891766e-007	-1.551644e-002	0.000000e+000
2.554965664165767e-007	-1.531502e-002	0.000000e+000
2.556612145992789e-007	-1.507238e-002	0.000000e+000
2.559225011218911e-007	-1.465872e-002	0.000000e+000
2.561707979462648e-007	-1.425392e-002	0.000000e+000
2.564213731891380e-007	-1.385293e-002	0.000000e+000
2.566346576181378e-007	-1.353671e-002	0.000000e+000
2.568475886171666e-007	-1.326335e-002	0.000000e+000
2.570840610629855e-007	-1.302763e-002	0.000000e+000
2.573662170276909e-007	-1.284879e-002	0.000000e+000
2.576213442503259e-007	-1.279120e-002	0.000000e+000
2.578355346600886e-007	-1.283344e-002	0.000000e+000
2.580515977603877e-007	-1.296686e-002	0.000000e+000
2.583353065972781e-007	-1.325274e-002	0.000000e+000
2.585933323231992e-007	-1.360208e-002	0.000000e+000
2.588552345676237e-007	-1.402579e-002	0.000000e+000
2.590373095598397e-007	-1.434761e-002	0.000000e+000
2.591756883128971e-007	-1.460114e-002	0.000000e+000
2.593072832380978e-007	-1.484070e-002	0.000000e+000
2.595264491246991e-007	-1.522226e-002	0.000000e+000
2.597519868448737e-007	-1.557353e-002	0.000000e+000
2.600344109739960e-007	-1.593182e-002	0.000000e+000
2.602706698462068e-007	-1.614081e-002	0.000000e+000
2.605091103450743e-007	-1.624561e-002	0.000000e+000
2.607303667301647e-007	-1.624111e-002	0.000000e+000
2.609587106031419e-007	-1.612955e-002	0.000000e+000
2.612000806411099e-007	-1.590900e-002	0.000000e+000
2.613906315421131e-007	-1.566465e-002	0.000000e+000
2.615787103511587e-007	-1.536585e-002	0.000000e+000
2.618130572354840e-007	-1.494318e-002	0.000000e+000
2.620016769818664e-007	-1.457821e-002	0.000000e+000
2.621214830796707e-007	-1.433889e-002	0.000000e+000
2.621686633854123e-007	-1.424423e-002	0.000000e+000
2.622627255974173e-007	-1.405708e-002	0.000000e+000
2.623502795470367e-007	-1.388740e-002	0.000000e+000
2.625253874462753e-007	-1.356731e-002	0.000000e+000
2.627370126891830e-007	-1.321990e-002	0.000000e+000
2.629411646827161e-007	-1.294197e-002	0.000000e+000
2.631463791209044e-007	-1.273927e-002	0.000000e+000
2.633867297993690e-007	-1.260833e-002	0.000000e+000
2.636276498875401e-007	-1.259627e-002	0.000000e+000
2.638712549039400e-007	-1.271541e-002	0.000000e+000
2.641642236539400e-007	-1.299989e-002	0.000000e+000
2.643535412107361e-007	-1.325896e-002	0.000000e+000
2.645464846196230e-007	-1.358133e-002	0.000000e+000
2.647419064867194e-007	-1.394299e-002	0.000000e+000
2.649588821628585e-007	-1.436394e-002	0.000000e+000
2.651850429607844e-007	-1.479776e-002	0.000000e+000
2.654286453243310e-007	-1.523612e-002	0.000000e+000
2.655871865166780e-007	-1.548795e-002	0.000000e+000
2.657681203665231e-007	-1.572175e-002	0.000000e+000
2.659925950542478e-007	-1.593299e-002	0.000000e+000
2.661966688016950e-007	-1.603109e-002	0.000000e+000
2.664744473495665e-007	-1.601792e-002	0.000000e+000
2.667280141907562e-007	-1.587065e-002	0.000000e+000
2.669593063551087e-007	-1.561513e-002	0.000000e+000
2.672159715397603e-007	-1.522166e-002	0.000000e+000
2.674445284324710e-007	-1.480102e-002	0.000000e+000
2.676072083052494e-007	-1.446932e-002	0.000000e+000
2.677634263113605e-007	-1.413677e-002	0.000000e+000
2.680291221282131e-007	-1.357586e-002	0.000000e+000
2.682878622105342e-007	-1.306582e-002	0.000000e+000
2.685459088078005e-007	-1.262499e-002	0.000000e+000
2.687778440025457e-007	-1.231283e-002	0.000000e+000
2.690101185578725e-007	-1.209867e-002	0.000000e+000
2.692400752170772e-007	-1.198631e-002	0.000000e+000
2.694376502352568e-007	-1.197317e-002	0.000000e+000
2.696365433853909e-007	-1.203999e-002	0.000000e+000
2.698813926090474e-007	-1.220778e-002	0.000000e+000
2.701078628510128e-007	-1.242753e-002	0.000000e+000
2.703469329677572e-007	-1.270588e-002	0.000000e+000
2.706308443648850e-007	-1.305324e-002	0.000000e+000
2.708759912141112e-007	-1.333282e-002	0.000000e+000
2.711086165635067e-007	-1.354426e-002	0.000000e+000
2.713729267110084e-007	-1.369694e-002	0.000000e+000
2.715733895999383e-007	-1.372856e-002	0.000000e+000
2.717977020290621e-007	-1.366073e-002	0.000000e+000
2.719876958509339e-007	-1.351626e-002	0.000000e+000
2.721758928717615e-007	-1.328606e-002	0.000000e+000
2.723656949701975e-007	-1.296492e-002	0.000000e+000
2.726206558459435e-007	-1.241235e-002	0.000000e+000
2.728909427024976e-007	-1.170377e-002	0.000000e+000
2.731839114524976e-007	-1.082515e-002	0.000000e+000
2.734022632681360e-007	-1.011501e-002	0.000000e+000
2.736270247936790e-007	-9.354123e-003	0.000000e+000
2.738565720008011e-007	-8.573309e-003	0.000000e+000
2.741136812672385e-007	-7.717773e-003	0.000000e+000
2.743706136573291e-007	-6.901891e-003	0.000000e+000
2.746247520398204e-007	-6.146732e-003	0.000000e+000
2.748718201501848e-007	-5.466937e-003	0.000000e+000
2.751172081241281e-007	-4.841452e-003	0.000000e+000
2.753766023386663e-007	-4.219305e-003	0.000000e+000
2.756610746685833e-007	-3.554404e-003	0.000000e+000
2.759389045658522e-007	-2.886516e-003	0.000000e+000
2.762258846638670e-007	-2.137809e-003	0.000000e+000
2.764692505499689e-007	-1.415320e-003	0.000000e+000
2.767416868277342e-007	-4.661358e-004	0.000000e+000
2.770346555777342e-007	7.470269e-004	0.000000e+000
2.773276243277342e-007	2.193094e-003	0.000000e+000
2.776205930777342e-007	3.898614e-003	0.000000e+000
2.779135618277342e-007	5.873501e-003	0.000000e+000
2.782065305777342e-007	8.114365e-003	0.000000e+000
2.784994993277342e-007	1.059911e-002	0.000000e+000
2.787545644299187e-007	1.294973e-002	0.000000e+000
2.790127845368131e-007	1.549294e-002	0.000000e+000
2.792845802975189e-007	1.831401e-002	0.000000e+000
2.795606630546326e-007	2.130500e-002	0.000000e+000
2.798374680659752e-007	2.441218e-002	0.000000e+000
2.801304368159752e-007	2.780107e-002	0.000000e+000
2.804234055659752e-007	3.128373e-002	0.000000e+000
2.807163743159752e-007	3.486339e-002	0.000000e+000
2.810070416462357e-007	3.852337e-002	0.000000e+000
2.813000103962357e-007	4.234290e-002	0.000000e+000
2.815929791462357e-007	4.632092e-002	0.000000e+000
2.818859478962357e-007	5.048122e-002	0.000000e+000
2.821393599064209e-007	5.425772e-002	0.000000e+000
2.823996236539988e-007	5.833130e-002	0.000000e+000
2.826403116956832e-007	6.229543e-002	0.000000e+000
2.829332804456832e-007	6.738161e-002	0.000000e+000
2.832262491956832e-007	7.272970e-002	0.000000e+000
2.834719120105691e-007	7.743642e-002	0.000000e+000
2.837456869854415e-007	8.291517e-002	0.000000e+000
2.840386557354415e-007	8.900188e-002	0.000000e+000
2.843316244854415e-007	9.528423e-002	0.000000e+000
2.846010149918721e-007	1.012044e-001	0.000000e+000
2.848939837418721e-007	1.077505e-001	0.000000e+000
2.851869524918721e-007	1.143534e-001	0.000000e+000
2.854394387047689e-007	1.200542e-001	0.000000e+000
2.856670954785358e-007	1.251732e-001	0.000000e+000
2.858959019869616e-007	1.302731e-001	0.000000e+000
2.861197239266874e-007	1.351956e-001	0.000000e+000
2.863787985560888e-007	1.407876e-001	0.000000e+000
2.866717673060888e-007	1.469588e-001	0.000000e+000
2.869647360560888e-007	1.529452e-001	0.000000e+000
2.872577048060888e-007	1.587233e-001	0.000000e+000
2.875370916002763e-007	1.640170e-001	0.000000e+000
2.878300603502763e-007	1.693232e-001	0.000000e+000
2.881230291002763e-007	1.743644e-001	0.000000e+000
2.884159978502763e-007	1.791139e-001	0.000000e+000
2.887089666002763e-007	1.835412e-001	0.000000e+000
2.890019353502763e-007	1.876083e-001	0.000000e+000
2.892949041002763e-007	1.912692e-001	0.000000e+000
2.895878728502763e-007	1.944919e-001	0.000000e+000
2.898334424530494e-007	1.967965e-001	0.000000e+000
2.900812460845799e-007	1.986952e-001	0.000000e+000
2.903276781602429e-007	2.001106e-001	0.000000e+000
2.906195576792577e-007	2.011451e-001	0.000000e+000
2.909125264292577e-007	2.014535e-001	0.000000e+000
2.912054951792577e-007	2.009468e-001	0.000000e+000
2.914984639292577e-007	1.995750e-001	0.000000e+000
2.917914326792577e-007	1.973014e-001	0.000000e+000
2.920844014292577e-007	1.941035e-001	0.000000e+000
2.923773701792577e-007	1.899747e-001	0.000000e+000
2.926703389292577e-007	1.849236e-001	0.000000e+000
2.929633076792577e-007	1.789738e-001	0.000000e+000
2.932562764292577e-007	1.721613e-001	0.000000e+000
2.935492451792577e-007	1.645326e-001	0.000000e+000
2.938422139292577e-007	1.561413e-001	0.000000e+000
2.941351826792578e-007	1.470453e-001	0.000000e+000
2.944281514292578e-007	1.373044e-001	0.000000e+000
2.947211201792578e-007	1.269776e-001	0.000000e+000
2.950140889292578e-007	1.161224e-001	0.000000e+000
2.953070576792578e-007	1.047941e-001	0.000000e+000
2.956000264292578e-007	9.304709e-002	0.000000e+000
2.958929951792578e-007	8.093570e-002	0.000000e+000
2.961859639292578e-007	6.851712e-002	0.000000e+000
2.964789326792578e-007	5.585371e-002	0.000000e+000
2.967719014292578e-007	4.301573e-002	0.000000e+000
2.970648701792578e-007	3.008341e-002	0.000000e+000
2.973578389292578e-007	1.714836e-002	0.000000e+000
2.976508076792578e-007	4.313837e-003	0.000000e+000
2.979437764292578e-007	-8.306295e-003	0.000000e+000
2.982367451792579e-007	-2.058988e-002	0.000000e+000
2.985297139292579e-007	-3.240999e-002	0.000000e+000
2.988226826792579e-007	-4.363948e-002	0.000000e+000
2.991156514292579e-007	-5.415598e-002	0.000000e+000
2.994086201792579e-007	-6.387481e-002	0.000000e+000
2.996679492203642e-007	-7.171147e-002	0.000000e+000
2.999296193842565e-007	-7.895985e-002	0.000000e+000
3.000000000000000e-007	-8.078554e-002	0.000000e+000
