time	V(-1)	V(1)
0.000000000000000e+000	0.000000e+000	0.000000e+000
4.882812480489244e-016	0.000000e+000	9.765625e-008
9.765624960978488e-016	0.000000e+000	1.953125e-007
2.286551330149107e-012	0.000000e+000	4.573103e-004
4.572126097802116e-012	0.000000e+000	9.144252e-004
6.857700865455125e-012	0.000000e+000	1.371540e-003
9.143275633108134e-012	0.000000e+000	1.828655e-003
1.142885040076114e-011	0.000000e+000	2.285770e-003
1.371442516841415e-011	0.000000e+000	2.742885e-003
1.599999993606716e-011	0.000000e+000	3.200000e-003
3.199999987213431e-011	0.000000e+000	6.400000e-003
4.743854186629217e-011	0.000000e+000	9.487708e-003
6.110252927687477e-011	0.000000e+000	1.222051e-002
7.398508686009549e-011	0.000000e+000	1.479702e-002
8.773602691301608e-011	0.000000e+000	1.754721e-002
1.021942483524313e-010	0.000000e+000	2.043885e-002
1.198170629797411e-010	0.000000e+000	2.396341e-002
1.397913435918970e-010	0.000000e+000	2.795827e-002
1.640270740559593e-010	0.000000e+000	3.280541e-002
1.872030253149590e-010	0.000000e+000	3.744061e-002
2.080890674816307e-010	0.000000e+000	4.161781e-002
2.315954604549498e-010	0.000000e+000	4.631909e-002
2.557183990020949e-010	0.000000e+000	5.114368e-002
2.838690400293319e-010	0.000000e+000	5.677381e-002
3.142307314492586e-010	0.000000e+000	6.284615e-002
3.415507190778831e-010	0.000000e+000	6.831014e-002
3.693955654209051e-010	0.000000e+000	7.387912e-002
3.989742754312637e-010	0.000000e+000	7.979485e-002
4.311735247301817e-010	0.000000e+000	8.623470e-002
4.662974884432834e-010	0.000000e+000	9.325950e-002
5.000000000000000e-010	0.000000e+000	1.000000e-001
5.033702511556717e-010	0.000000e+000	1.000000e-001
5.101107534670150e-010	0.000000e+000	1.000000e-001
5.235917580897016e-010	0.000000e+000	1.000000e-001
5.456696016500939e-010	0.000000e+000	1.000000e-001
5.835555816329480e-010	0.000000e+000	1.000000e-001
6.178817657727088e-010	0.000000e+000	1.000000e-001
6.566182488105294e-010	0.000000e+000	1.000000e-001
6.928974450748662e-010	0.000000e+000	1.000000e-001
7.317937622755487e-010	0.000000e+000	1.000000e-001
7.720255577329074e-010	0.000000e+000	1.000000e-001
8.159468453905301e-010	0.000000e+000	1.000000e-001
8.554459713996730e-010	0.000000e+000	1.000000e-001
8.999251093914389e-010	0.000000e+000	1.000000e-001
9.420157865303579e-010	0.000000e+000	1.000000e-001
9.901291391467773e-010	0.000000e+000	1.000000e-001
1.038608630932216e-009	0.000000e+000	1.000000e-001
1.082979098449796e-009	0.000000e+000	1.000000e-001
1.131678243073560e-009	0.000000e+000	1.000000e-001
1.180506368073560e-009	0.000000e+000	1.000000e-001
1.229334493073560e-009	0.000000e+000	1.000000e-001
1.276928956672799e-009	0.000000e+000	1.000000e-001
1.325757081672799e-009	0.000000e+000	1.000000e-001
1.374585206672799e-009	0.000000e+000	1.000000e-001
1.423413331672799e-009	0.000000e+000	1.000000e-001
1.451171875000000e-009	0.000000e+000	1.000000e-001
1.500000000000000e-009	0.000000e+000	1.000000e-001
1.504882812500000e-009	0.000000e+000	9.902344e-002
1.514648437500000e-009	0.000000e+000	9.707031e-002
1.534179687500000e-009	0.000000e+000	9.316406e-002
1.571758066237037e-009	0.000000e+000	8.564839e-002
1.620586191237037e-009	0.000000e+000	7.588276e-002
1.669414316237037e-009	0.000000e+000	6.611714e-002
1.718242441237037e-009	0.000000e+000	5.635151e-002
1.767070566237037e-009	0.000000e+000	4.658589e-002
1.815898691237037e-009	0.000000e+000	3.682026e-002
1.864726816237037e-009	0.000000e+000	2.705464e-002
1.913554941237037e-009	0.000000e+000	1.728901e-002
1.951171875000000e-009	0.000000e+000	9.765625e-003
2.000000000000000e-009	0.000000e+000	0.000000e+000
2.000220000000000e-009	0.000000e+000	0.000000e+000
2.000660000000000e-009	0.000000e+000	0.000000e+000
2.006820000000000e-009	0.000000e+000	0.000000e+000
2.013860000000000e-009	0.000000e+000	0.000000e+000
2.027940000000000e-009	0.000000e+000	0.000000e+000
2.056100000000000e-009	0.000000e+000	0.000000e+000
2.104928125000000e-009	0.000000e+000	0.000000e+000
2.153756250000000e-009	0.000000e+000	0.000000e+000
2.196456270186177e-009	0.000000e+000	0.000000e+000
2.240895441761159e-009	0.000000e+000	0.000000e+000
2.287178778573629e-009	0.000000e+000	0.000000e+000
2.332818323021285e-009	0.000000e+000	0.000000e+000
2.378867636435150e-009	0.000000e+000	0.000000e+000
2.424092959732603e-009	0.000000e+000	0.000000e+000
2.468415358532786e-009	0.000000e+000	0.000000e+000
2.510855771169545e-009	0.000000e+000	0.000000e+000
2.551531859822194e-009	0.000000e+000	0.000000e+000
2.590209042077042e-009	0.000000e+000	0.000000e+000
2.619584894537158e-009	0.000000e+000	0.000000e+000
2.635333663575246e-009	0.000000e+000	0.000000e+000
2.652284130738110e-009	0.000000e+000	0.000000e+000
2.669777878272420e-009	0.000000e+000	0.000000e+000
2.695511084002619e-009	0.000000e+000	0.000000e+000
2.725413358516877e-009	0.000000e+000	0.000000e+000
2.763741666808027e-009	0.000000e+000	0.000000e+000
2.796538403257347e-009	0.000000e+000	0.000000e+000
2.825499383966397e-009	0.000000e+000	0.000000e+000
2.853664092982749e-009	0.000000e+000	0.000000e+000
2.888728023305718e-009	0.000000e+000	0.000000e+000
2.929773642294619e-009	0.000000e+000	0.000000e+000
2.973114375866104e-009	0.000000e+000	0.000000e+000
3.009663912906128e-009	0.000000e+000	0.000000e+000
3.034890599574782e-009	0.000000e+000	0.000000e+000
3.059612188965949e-009	0.000000e+000	0.000000e+000
3.083106199127127e-009	0.000000e+000	0.000000e+000
3.121234846455583e-009	0.000000e+000	0.000000e+000
3.163473826429800e-009	0.000000e+000	0.000000e+000
3.204339536784946e-009	0.000000e+000	0.000000e+000
3.249865330361460e-009	0.000000e+000	0.000000e+000
3.289666060654652e-009	0.000000e+000	0.000000e+000
3.316519166956840e-009	0.000000e+000	0.000000e+000
3.343401458757429e-009	0.000000e+000	0.000000e+000
3.372580970133362e-009	0.000000e+000	0.000000e+000
3.405361888672637e-009	0.000000e+000	0.000000e+000
3.450003876312440e-009	0.000000e+000	0.000000e+000
3.492498153880853e-009	0.000000e+000	0.000000e+000
3.532111973827608e-009	0.000000e+000	0.000000e+000
3.560450171347113e-009	0.000000e+000	0.000000e+000
3.592075686232434e-009	0.000000e+000	0.000000e+000
3.616994686993245e-009	0.000000e+000	0.000000e+000
3.651275958536336e-009	0.000000e+000	0.000000e+000
3.683001861064377e-009	0.000000e+000	0.000000e+000
3.731829986064377e-009	0.000000e+000	0.000000e+000
3.775105156710198e-009	0.000000e+000	0.000000e+000
3.805042480262184e-009	0.000000e+000	0.000000e+000
3.834335897835482e-009	0.000000e+000	0.000000e+000
3.866728877974676e-009	0.000000e+000	0.000000e+000
3.892858823280595e-009	0.000000e+000	0.000000e+000
3.920734167272959e-009	0.000000e+000	0.000000e+000
3.954756351277484e-009	0.000000e+000	0.000000e+000
3.989599912049478e-009	0.000000e+000	0.000000e+000
4.024833039846555e-009	0.000000e+000	0.000000e+000
4.059889946207648e-009	0.000000e+000	0.000000e+000
4.094577800645595e-009	0.000000e+000	0.000000e+000
4.128252154301676e-009	0.000000e+000	0.000000e+000
4.155495990969149e-009	0.000000e+000	0.000000e+000
4.182027125484239e-009	0.000000e+000	0.000000e+000
4.210891550441177e-009	0.000000e+000	0.000000e+000
4.246607191711412e-009	0.000000e+000	0.000000e+000
4.278879687512157e-009	0.000000e+000	0.000000e+000
4.304532008559865e-009	0.000000e+000	0.000000e+000
4.334652333391675e-009	0.000000e+000	0.000000e+000
4.369060558111700e-009	0.000000e+000	0.000000e+000
4.399331474911715e-009	0.000000e+000	0.000000e+000
4.431068868911175e-009	0.000000e+000	0.000000e+000
4.461431433632553e-009	0.000000e+000	0.000000e+000
4.491861889470249e-009	0.000000e+000	0.000000e+000
4.525072100602013e-009	0.000000e+000	0.000000e+000
4.564159230490796e-009	0.000000e+000	0.000000e+000
4.593092315946455e-009	0.000000e+000	0.000000e+000
4.625402935228789e-009	0.000000e+000	0.000000e+000
4.658021554137123e-009	0.000000e+000	0.000000e+000
4.688912779343408e-009	0.000000e+000	0.000000e+000
4.722734770265686e-009	0.000000e+000	0.000000e+000
4.757543100445497e-009	0.000000e+000	0.000000e+000
4.791828636996826e-009	1.401298e-045	0.000000e+000
4.824735018115112e-009	1.401298e-045	0.000000e+000
4.861257444068129e-009	4.203895e-045	0.000000e+000
4.889032488836537e-009	8.407791e-045	0.000000e+000
4.915794686127936e-009	1.401298e-044	0.000000e+000
4.941918057585626e-009	2.242078e-044	0.000000e+000
4.972908195810951e-009	4.624285e-044	0.000000e+000
5.012876682507939e-009	1.121039e-043	0.000000e+000
5.055679810408433e-009	2.718519e-043	0.000000e+000
5.095723275170853e-009	6.249791e-043	0.000000e+000
5.136959219702665e-009	1.359260e-042	0.000000e+000
5.163884945092034e-009	2.260294e-042	0.000000e+000
5.190424201157811e-009	3.824144e-042	0.000000e+000
5.217443414798324e-009	6.961651e-042	0.000000e+000
5.260649295803665e-009	1.749241e-041	0.000000e+000
5.302608165385201e-009	4.038542e-041	0.000000e+000
5.344247200165843e-009	9.051968e-041	0.000000e+000
5.382294506496791e-009	1.871995e-040	0.000000e+000
5.418405492811361e-009	3.634268e-040	0.000000e+000
5.447135666522545e-009	6.153228e-040	0.000000e+000
5.474128745386921e-009	1.079367e-039	0.000000e+000
5.516715296675549e-009	2.516981e-039	0.000000e+000
5.555169774292416e-009	5.155214e-039	0.000000e+000
5.592685256767169e-009	1.047934e-038	0.000000e+000
5.631226665029737e-009	2.193501e-038	0.000000e+000
5.672568692736600e-009	4.528558e-038	0.000000e+000
5.701247120287473e-009	7.501182e-038	0.000000e+000
5.731186441566208e-009	1.302794e-037	0.000000e+000
5.763207294675288e-009	2.406538e-037	0.000000e+000
5.803313334232750e-009	5.080993e-037	0.000000e+000
5.842373240425390e-009	1.029653e-036	0.000000e+000
5.881831347512030e-009	2.093673e-036	0.000000e+000
5.921092616049406e-009	4.052787e-036	0.000000e+000
5.949918412366310e-009	6.558527e-036	0.000000e+000
5.976759198849885e-009	1.058431e-035	0.000000e+000
6.009905985628129e-009	1.914477e-035	0.000000e+000
6.044195822221253e-009	3.531350e-035	0.000000e+000
6.083008763595229e-009	7.117307e-035	0.000000e+000
6.126128536417368e-009	1.497012e-034	0.000000e+000
6.165741371331320e-009	2.790157e-034	0.000000e+000
6.191079760326283e-009	4.272037e-034	0.000000e+000
6.225607475494222e-009	7.694495e-034	0.000000e+000
6.256953163819976e-009	1.281675e-033	0.000000e+000
6.285936497829464e-009	2.127860e-033	0.000000e+000
6.326627429729769e-009	4.370984e-033	0.000000e+000
6.371071807890284e-009	9.108083e-033	0.000000e+000
6.411702269507434e-009	1.697587e-032	0.000000e+000
6.440690040461128e-009	2.667830e-032	0.000000e+000
6.470321226209023e-009	4.271684e-032	0.000000e+000
6.497741401274926e-009	6.572098e-032	0.000000e+000
6.523943742621559e-009	9.980570e-032	0.000000e+000
6.552482662759872e-009	1.613715e-031	0.000000e+000
6.592003320290694e-009	2.971242e-031	0.000000e+000
6.617615307508647e-009	4.396314e-031	0.000000e+000
6.647762641999221e-009	7.041727e-031	0.000000e+000
6.675424896901814e-009	1.078997e-030	0.000000e+000
6.704075054031022e-009	1.696978e-030	0.000000e+000
6.737245470122664e-009	2.876346e-030	0.000000e+000
6.774002667039232e-009	5.022406e-030	0.000000e+000
6.805242646097853e-009	8.007505e-030	0.000000e+000
6.835895543748650e-009	1.281352e-029	0.000000e+000
6.869809144502865e-009	2.141784e-029	0.000000e+000
6.902271493322193e-009	3.515522e-029	0.000000e+000
6.939299253502397e-009	6.045668e-029	0.000000e+000
6.968113280015073e-009	9.151953e-029	0.000000e+000
6.996189189321411e-009	1.380902e-028	0.000000e+000
7.023979352692321e-009	2.069216e-028	0.000000e+000
7.050697457048379e-009	3.093823e-028	0.000000e+000
7.085543284967941e-009	5.175080e-028	0.000000e+000
7.117480533764468e-009	8.295836e-028	0.000000e+000
7.155593054879463e-009	1.465212e-027	0.000000e+000
7.196324750728358e-009	2.580798e-027	0.000000e+000
7.226599044184390e-009	3.903413e-027	0.000000e+000
7.254621908757179e-009	5.776762e-027	0.000000e+000
7.282231321534145e-009	8.478453e-027	0.000000e+000
7.307707795644607e-009	1.208406e-026	0.000000e+000
7.333892249061756e-009	1.751756e-026	0.000000e+000
7.364317306499766e-009	2.716976e-026	0.000000e+000
7.400783056766120e-009	4.640437e-026	0.000000e+000
7.445809771987327e-009	8.450017e-026	0.000000e+000
7.473996220436880e-009	1.230621e-025	0.000000e+000
7.507477260239493e-009	1.980520e-025	0.000000e+000
7.547752903768062e-009	3.430486e-025	0.000000e+000
7.584019477025755e-009	5.547223e-025	0.000000e+000
7.618691981080604e-009	8.769593e-025	0.000000e+000
7.651232309816142e-009	1.388413e-024	0.000000e+000
7.699096121829994e-009	2.577550e-024	0.000000e+000
7.727062829320560e-009	3.691165e-024	0.000000e+000
7.762716100801796e-009	5.977066e-024	0.000000e+000
7.801587017982103e-009	9.737847e-024	0.000000e+000
7.828381044167411e-009	1.357416e-023	0.000000e+000
7.854007847363951e-009	1.880372e-023	0.000000e+000
7.879191569529746e-009	2.653222e-023	0.000000e+000
7.922660525360165e-009	4.752115e-023	0.000000e+000
7.964879786345371e-009	7.969299e-023	0.000000e+000
7.997658216621349e-009	1.189524e-022	0.000000e+000
8.029447008003709e-009	1.782841e-022	0.000000e+000
8.067176690444541e-009	2.840083e-022	0.000000e+000
8.098075006512848e-009	4.122986e-022	0.000000e+000
8.127610627713376e-009	5.907523e-022	0.000000e+000
8.156251169488318e-009	8.556430e-022	0.000000e+000
8.200914805078584e-009	1.474835e-021	0.000000e+000
8.232192182106799e-009	2.130370e-021	0.000000e+000
8.264972097009690e-009	3.190850e-021	0.000000e+000
8.303723769189434e-009	5.115892e-021	0.000000e+000
8.342671748375260e-009	7.978336e-021	0.000000e+000
8.368602139761885e-009	1.070685e-020	0.000000e+000
8.393092632306716e-009	1.426519e-020	0.000000e+000
8.419029284725338e-009	1.963705e-020	0.000000e+000
8.459546555742137e-009	3.159253e-020	0.000000e+000
8.489917569361947e-009	4.489236e-020	0.000000e+000
8.527083443949804e-009	6.982867e-020	0.000000e+000
8.567908749413593e-009	1.116217e-019	0.000000e+000
8.605877488577134e-009	1.690471e-019	0.000000e+000
8.632867918204139e-009	2.271233e-019	0.000000e+000
8.658531610549725e-009	3.046609e-019	0.000000e+000
8.691384130874164e-009	4.444897e-019	0.000000e+000
8.726937779077817e-009	6.620372e-019	0.000000e+000
8.761838459692168e-009	9.727488e-019	0.000000e+000
8.795385400282291e-009	1.405569e-018	0.000000e+000
8.828553417284621e-009	2.030772e-018	0.000000e+000
8.865860558409030e-009	3.025799e-018	0.000000e+000
8.893204510358912e-009	4.039253e-018	0.000000e+000
8.920546327480067e-009	5.439750e-018	0.000000e+000
8.951902775966408e-009	7.635866e-018	0.000000e+000
8.983071782089338e-009	1.056923e-017	0.000000e+000
9.006819289977208e-009	1.355440e-017	0.000000e+000
9.032706072651839e-009	1.805576e-017	0.000000e+000
9.072744998996815e-009	2.800298e-017	0.000000e+000
9.114305388118966e-009	4.258913e-017	0.000000e+000
9.141040014852713e-009	5.606442e-017	0.000000e+000
9.175404298263762e-009	8.004304e-017	0.000000e+000
9.204340581829673e-009	1.076658e-016	0.000000e+000
9.236486352961721e-009	1.493636e-016	0.000000e+000
9.264572438605376e-009	1.981284e-016	0.000000e+000
9.292206514779484e-009	2.642502e-016	0.000000e+000
9.330412354670872e-009	3.941102e-016	0.000000e+000
9.372701579623588e-009	5.948270e-016	0.000000e+000
9.400262064192214e-009	7.771452e-016	0.000000e+000
9.430203791534605e-009	1.046008e-015	0.000000e+000
9.459525834464725e-009	1.398558e-015	0.000000e+000
9.491784294698082e-009	1.916711e-015	0.000000e+000
9.520715142988563e-009	2.534977e-015	0.000000e+000
9.549475319540581e-009	3.373211e-015	0.000000e+000
9.587363728212560e-009	4.922745e-015	0.000000e+000
9.629717043609103e-009	7.318033e-015	0.000000e+000
9.658390195937230e-009	9.590790e-015	0.000000e+000
9.693916602135088e-009	1.350587e-014	0.000000e+000
9.730330310961792e-009	1.893040e-014	0.000000e+000
9.759877081716397e-009	2.487205e-014	0.000000e+000
9.790206877836983e-009	3.309154e-014	0.000000e+000
9.824610019402851e-009	4.603345e-014	0.000000e+000
9.869126118876645e-009	6.976698e-014	0.000000e+000
9.910319481517885e-009	1.008482e-013	0.000000e+000
9.944965306923745e-009	1.375675e-013	0.000000e+000
9.979828551877564e-009	1.873123e-013	0.000000e+000
1.000732376017707e-008	2.386774e-013	0.000000e+000
1.003471127699464e-008	3.044363e-013	0.000000e+000
1.006160981066542e-008	3.888292e-013	0.000000e+000
1.009964068141713e-008	5.493176e-013	0.000000e+000
1.014026158224735e-008	7.801150e-013	0.000000e+000
1.017189529158723e-008	1.026792e-012	0.000000e+000
1.020951558503151e-008	1.423996e-012	0.000000e+000
1.024398416005938e-008	1.901034e-012	0.000000e+000
1.027018406131623e-008	2.371248e-012	0.000000e+000
1.029821223308521e-008	3.012439e-012	0.000000e+000
1.032721096989985e-008	3.872670e-012	0.000000e+000
1.036592593633508e-008	5.408490e-012	0.000000e+000
1.040728337714252e-008	7.571163e-012	0.000000e+000
1.043394844541282e-008	9.427683e-012	0.000000e+000
1.046873629991736e-008	1.264197e-011	0.000000e+000
1.050663540589589e-008	1.718937e-011	0.000000e+000
1.053677339313715e-008	2.192977e-011	0.000000e+000
1.056999458161170e-008	2.873025e-011	0.000000e+000
1.060284866073672e-008	3.765067e-011	0.000000e+000
1.064612049974290e-008	5.345019e-011	0.000000e+000
1.068615445985463e-008	7.325839e-011	0.000000e+000
1.072491531008169e-008	9.884162e-011	0.000000e+000
1.075579055448219e-008	1.256071e-010	0.000000e+000
1.079003995943788e-008	1.635239e-010	0.000000e+000
1.081760440483433e-008	2.018311e-010	0.000000e+000
1.084604042444473e-008	2.525625e-010	0.000000e+000
1.088692691794093e-008	3.460094e-010	0.000000e+000
1.092138957323201e-008	4.463773e-010	0.000000e+000
1.094906960723051e-008	5.486081e-010	0.000000e+000
1.097795291030071e-008	6.821386e-010	0.000000e+000
1.101026524368261e-008	8.677344e-010	0.000000e+000
1.104051117018904e-008	1.081740e-009	0.000000e+000
1.106555347161017e-008	1.298349e-009	0.000000e+000
1.109128841847807e-008	1.566950e-009	0.000000e+000
1.111657491705063e-008	1.889267e-009	0.000000e+000
1.115126220227087e-008	2.426686e-009	0.000000e+000
1.117641368167709e-008	2.905031e-009	0.000000e+000
1.120727897357679e-008	3.629133e-009	0.000000e+000
1.123790238191226e-008	4.507710e-009	0.000000e+000
1.126691284299893e-008	5.552788e-009	0.000000e+000
1.130659283550230e-008	7.328382e-009	0.000000e+000
1.133477276656816e-008	8.880919e-009	0.000000e+000
1.136125578228686e-008	1.066395e-008	0.000000e+000
1.138836736202174e-008	1.286205e-008	0.000000e+000
1.141743474601082e-008	1.570466e-008	0.000000e+000
1.144692975290308e-008	1.919818e-008	0.000000e+000
1.147667015157911e-008	2.350937e-008	0.000000e+000
1.151038147131398e-008	2.951851e-008	0.000000e+000
1.154343494314821e-008	3.675732e-008	0.000000e+000
1.157392145511847e-008	4.490283e-008	0.000000e+000
1.160148345117574e-008	5.384140e-008	0.000000e+000
1.163208763989290e-008	6.576916e-008	0.000000e+000
1.165979665624829e-008	7.857370e-008	0.000000e+000
1.168279698430930e-008	9.120532e-008	0.000000e+000
1.171190335455233e-008	1.102570e-007	0.000000e+000
1.174408392403999e-008	1.358661e-007	0.000000e+000
1.178316955460812e-008	1.746085e-007	0.000000e+000
1.182355981548866e-008	2.239436e-007	0.000000e+000
1.185035233263053e-008	2.639469e-007	0.000000e+000
1.187913845991784e-008	3.157649e-007	0.000000e+000
1.190984285870896e-008	3.815105e-007	0.000000e+000
1.193987798708566e-008	4.584478e-007	0.000000e+000
1.197141963440068e-008	5.556318e-007	0.000000e+000
1.200481073821637e-008	6.797189e-007	0.000000e+000
1.203827903404316e-008	8.316509e-007	0.000000e+000
1.207732770588058e-008	1.045517e-006	0.000000e+000
1.210405881371315e-008	1.220848e-006	0.000000e+000
1.213297540824572e-008	1.447280e-006	0.000000e+000
1.216550902320940e-008	1.748419e-006	0.000000e+000
1.219671874721084e-008	2.090986e-006	0.000000e+000
1.222717193292277e-008	2.488552e-006	0.000000e+000
1.225950658528194e-008	2.996149e-006	0.000000e+000
1.229952437662370e-008	3.760962e-006	0.000000e+000
1.234082185239656e-008	4.710407e-006	0.000000e+000
1.236689124242086e-008	5.428315e-006	0.000000e+000
1.239771905839630e-008	6.430698e-006	0.000000e+000
1.242825033840152e-008	7.589254e-006	0.000000e+000
1.245924767326601e-008	8.970409e-006	0.000000e+000
1.249155997640764e-008	1.065832e-005	0.000000e+000
1.252246715617514e-008	1.257128e-005	0.000000e+000
1.256126848913863e-008	1.546288e-005	0.000000e+000
1.260564113273448e-008	1.940938e-005	0.000000e+000
1.263492476611248e-008	2.249116e-005	0.000000e+000
1.266196176381728e-008	2.579365e-005	0.000000e+000
1.268707418264140e-008	2.931955e-005	0.000000e+000
1.272106796673636e-008	3.482046e-005	0.000000e+000
1.275362704005958e-008	4.095492e-005	0.000000e+000
1.278970094008453e-008	4.898679e-005	0.000000e+000
1.282950242696954e-008	5.949679e-005	0.000000e+000
1.286830240252326e-008	7.157188e-005	0.000000e+000
1.289896277844989e-008	8.270582e-005	0.000000e+000
1.292847072464454e-008	9.501158e-005	0.000000e+000
1.295553256026406e-008	1.078301e-004	0.000000e+000
1.298431272248537e-008	1.233288e-004	0.000000e+000
1.301646812326463e-008	1.431459e-004	0.000000e+000
1.305256249989919e-008	1.688119e-004	0.000000e+000
1.308890889124675e-008	1.989380e-004	0.000000e+000
1.312896845035718e-008	2.375007e-004	0.000000e+000
1.316121282681362e-008	2.733217e-004	0.000000e+000
1.319311731913461e-008	3.137742e-004	0.000000e+000
1.322117840338319e-008	3.537817e-004	0.000000e+000
1.324713644030444e-008	3.951481e-004	0.000000e+000
1.327444020029401e-008	4.440399e-004	0.000000e+000
1.331161001914688e-008	5.190498e-004	0.000000e+000
1.334450608590798e-008	5.934169e-004	0.000000e+000
1.336699590967819e-008	6.502947e-004	0.000000e+000
1.339475183392826e-008	7.282774e-004	0.000000e+000
1.342521917329369e-008	8.232275e-004	0.000000e+000
1.345680246605145e-008	9.334504e-004	0.000000e+000
1.349145660992184e-008	1.068443e-003	0.000000e+000
1.351835835248441e-008	1.184699e-003	0.000000e+000
1.354382418904972e-008	1.307219e-003	0.000000e+000
1.358036837730048e-008	1.501487e-003	0.000000e+000
1.360814372330600e-008	1.664523e-003	0.000000e+000
1.363589033298818e-008	1.844416e-003	0.000000e+000
1.366435103737640e-008	2.046862e-003	0.000000e+000
1.369363867677265e-008	2.275964e-003	0.000000e+000
1.372584722602652e-008	2.553191e-003	0.000000e+000
1.375638971774850e-008	2.842601e-003	0.000000e+000
1.378757154087918e-008	3.167101e-003	0.000000e+000
1.381629774388638e-008	3.494997e-003	0.000000e+000
1.384858001719057e-008	3.896280e-003	0.000000e+000
1.387224305042383e-008	4.214974e-003	0.000000e+000
1.389808650537184e-008	4.591873e-003	0.000000e+000
1.392792499749199e-008	5.061386e-003	0.000000e+000
1.395657247274534e-008	5.549668e-003	0.000000e+000
1.398796137214328e-008	6.128512e-003	0.000000e+000
1.401487491703044e-008	6.663701e-003	0.000000e+000
1.404195213447874e-008	7.242293e-003	0.000000e+000
1.406774196358098e-008	7.834822e-003	0.000000e+000
1.410174601941778e-008	8.671580e-003	0.000000e+000
1.412542961232126e-008	9.296454e-003	0.000000e+000
1.415639628310269e-008	1.017479e-002	0.000000e+000
1.418975196987700e-008	1.118875e-002	0.000000e+000
1.422124256872089e-008	1.221702e-002	0.000000e+000
1.425266564599366e-008	1.331577e-002	0.000000e+000
1.428188660632843e-008	1.440530e-002	0.000000e+000
1.431100775373968e-008	1.556079e-002	0.000000e+000
1.434225378312499e-008	1.687959e-002	0.000000e+000
1.437672519727712e-008	1.842459e-002	0.000000e+000
1.440691659838264e-008	1.985918e-002	0.000000e+000
1.443734400173991e-008	2.138610e-002	0.000000e+000
1.446504866804073e-008	2.284740e-002	0.000000e+000
1.449325983660624e-008	2.441199e-002	0.000000e+000
1.452934814006722e-008	2.650797e-002	0.000000e+000
1.455521860846347e-008	2.808071e-002	0.000000e+000
1.458757682620336e-008	3.013823e-002	0.000000e+000
1.462052441354378e-008	3.231547e-002	0.000000e+000
1.464491671267838e-008	3.398980e-002	0.000000e+000
1.467654115380761e-008	3.623674e-002	0.000000e+000
1.470531063712961e-008	3.834929e-002	0.000000e+000
1.474261958943181e-008	4.118175e-002	0.000000e+000
1.478009903271090e-008	4.411185e-002	0.000000e+000
1.480872250511111e-008	4.640970e-002	0.000000e+000
1.484033445099739e-008	4.900451e-002	0.000000e+000
1.487473901450223e-008	5.187869e-002	0.000000e+000
1.490655181997804e-008	5.457480e-002	0.000000e+000
1.493885343062410e-008	5.734121e-002	0.000000e+000
1.497316713234365e-008	6.029745e-002	0.000000e+000
1.500599160745065e-008	6.312923e-002	0.000000e+000
1.503741059827408e-008	6.583101e-002	0.000000e+000
1.506617003866031e-008	6.828482e-002	0.000000e+000
1.509498320122232e-008	7.071403e-002	0.000000e+000
1.512163913974784e-008	7.292426e-002	0.000000e+000
1.515107355944838e-008	7.531428e-002	0.000000e+000
1.517708188669488e-008	7.737303e-002	0.000000e+000
1.520283982830916e-008	7.934958e-002	0.000000e+000
1.523021371901826e-008	8.136661e-002	0.000000e+000
1.526699317085368e-008	8.393577e-002	0.000000e+000
1.530379356037008e-008	8.634599e-002	0.000000e+000
1.533101260865563e-008	8.798699e-002	0.000000e+000
1.536643015803569e-008	8.993217e-002	0.000000e+000
1.539436025436571e-008	9.131139e-002	0.000000e+000
1.542352272201658e-008	9.257385e-002	0.000000e+000
1.545367084222961e-008	9.368778e-002	0.000000e+000
1.548539263823162e-008	9.462828e-002	0.000000e+000
1.552316973184009e-008	9.543266e-002	0.000000e+000
1.556308742604155e-008	9.593353e-002	0.000000e+000
1.559338443783995e-008	9.603358e-002	0.000000e+000
1.562741953901336e-008	9.584638e-002	0.000000e+000
1.565454196906976e-008	9.547437e-002	0.000000e+000
1.568291047968367e-008	9.484795e-002	0.000000e+000
1.571388379440909e-008	9.391462e-002	0.000000e+000
1.574266090298532e-008	9.279590e-002	0.000000e+000
1.577989966948883e-008	9.102476e-002	0.000000e+000
1.580845888781057e-008	8.942699e-002	0.000000e+000
1.583707038738047e-008	8.758856e-002	0.000000e+000
1.586762922142057e-008	8.539435e-002	0.000000e+000
1.589737135291234e-008	8.304188e-002	0.000000e+000
1.592671130294658e-008	8.051910e-002	0.000000e+000
1.595436898756530e-008	7.795904e-002	0.000000e+000
1.598717432379568e-008	7.471380e-002	0.000000e+000
1.602259392684511e-008	7.100638e-002	0.000000e+000
1.605058604852753e-008	6.793667e-002	0.000000e+000
1.607331723485641e-008	6.534959e-002	0.000000e+000
1.609915346028459e-008	6.232271e-002	0.000000e+000
1.612824873410137e-008	5.883019e-002	0.000000e+000
1.616077737871899e-008	5.484588e-002	0.000000e+000
1.619052631634805e-008	5.114776e-002	0.000000e+000
1.621888602770910e-008	4.759060e-002	0.000000e+000
1.624843694114255e-008	4.387325e-002	0.000000e+000
1.627942111768862e-008	3.998538e-002	0.000000e+000
1.630682887240800e-008	3.657236e-002	0.000000e+000
1.633346807831688e-008	3.329588e-002	0.000000e+000
1.636038462725010e-008	3.004475e-002	0.000000e+000
1.639348158492823e-008	2.614561e-002	0.000000e+000
1.642789008610417e-008	2.222190e-002	0.000000e+000
1.646112214240564e-008	1.857537e-002	0.000000e+000
1.648732513114965e-008	1.581899e-002	0.000000e+000
1.651265824757536e-008	1.328270e-002	0.000000e+000
1.654867765843537e-008	9.861495e-003	0.000000e+000
1.657520985757923e-008	7.491229e-003	0.000000e+000
1.660602676974642e-008	4.920995e-003	0.000000e+000
1.663284633932711e-008	2.839196e-003	0.000000e+000
1.666200759621672e-008	7.563352e-004	0.000000e+000
1.669463104498444e-008	-1.370754e-003	0.000000e+000
1.672504391831336e-008	-3.163794e-003	0.000000e+000
1.675251458789444e-008	-4.616492e-003	0.000000e+000
1.677970429400810e-008	-5.890919e-003	0.000000e+000
1.681374378459611e-008	-7.298784e-003	0.000000e+000
1.683727527741811e-008	-8.145891e-003	0.000000e+000
1.686594253412398e-008	-9.027909e-003	0.000000e+000
1.689525327878337e-008	-9.792350e-003	0.000000e+000
1.692335741259452e-008	-1.039149e-002	0.000000e+000
1.695579418263466e-008	-1.093534e-002	0.000000e+000
1.698793143579816e-008	-1.133984e-002	0.000000e+000
1.701700137126394e-008	-1.159372e-002	0.000000e+000
1.704632344610195e-008	-1.174759e-002	0.000000e+000
1.707978285111849e-008	-1.182341e-002	0.000000e+000
1.710612775137242e-008	-1.181536e-002	0.000000e+000
1.713117955827304e-008	-1.174829e-002	0.000000e+000
1.716609205317721e-008	-1.158254e-002	0.000000e+000
1.719981054255227e-008	-1.136020e-002	0.000000e+000
1.722817757000343e-008	-1.112506e-002	0.000000e+000
1.725910831325344e-008	-1.082554e-002	0.000000e+000
1.728645353691856e-008	-1.052836e-002	0.000000e+000
1.731609680809518e-008	-1.017383e-002	0.000000e+000
1.734679323161400e-008	-9.776326e-003	0.000000e+000
1.737610185796146e-008	-9.368864e-003	0.000000e+000
1.740550741647178e-008	-8.933480e-003	0.000000e+000
1.743258087506972e-008	-8.507550e-003	0.000000e+000
1.746693004101992e-008	-7.934941e-003	0.000000e+000
1.749616806928900e-008	-7.418832e-003	0.000000e+000
1.752769579476451e-008	-6.829862e-003	0.000000e+000
1.755675155540306e-008	-6.257935e-003	0.000000e+000
1.758403461911536e-008	-5.693455e-003	0.000000e+000
1.761096874304897e-008	-5.108939e-003	0.000000e+000
1.764184434876805e-008	-4.407314e-003	0.000000e+000
1.767296170941564e-008	-3.667861e-003	0.000000e+000
1.770621493126756e-008	-2.843035e-003	0.000000e+000
1.774265851627180e-008	-1.905346e-003	0.000000e+000
1.777411376689393e-008	-1.072132e-003	0.000000e+000
1.780692762701636e-008	-1.856313e-004	0.000000e+000
1.783767023530590e-008	6.518587e-004	0.000000e+000
1.787326914671697e-008	1.617987e-003	0.000000e+000
1.790773255882969e-008	2.536456e-003	0.000000e+000
1.793979583113034e-008	3.362210e-003	0.000000e+000
1.797057302031545e-008	4.112483e-003	0.000000e+000
1.800615720448373e-008	4.917658e-003	0.000000e+000
1.803485945877989e-008	5.503683e-003	0.000000e+000
1.806682542978385e-008	6.074665e-003	0.000000e+000
1.809470260402434e-008	6.495184e-003	0.000000e+000
1.812223752888032e-008	6.828091e-003	0.000000e+000
1.814740624345669e-008	7.054810e-003	0.000000e+000
1.817257471293367e-008	7.186005e-003	0.000000e+000
1.821489086471145e-008	7.225817e-003	0.000000e+000
1.825052328207829e-008	7.093568e-003	0.000000e+000
1.828211392807675e-008	6.819131e-003	0.000000e+000
1.831443102119747e-008	6.385871e-003	0.000000e+000
1.835021021086757e-008	5.749843e-003	0.000000e+000
1.837981918536610e-008	5.103602e-003	0.000000e+000
1.840907288600139e-008	4.360294e-003	0.000000e+000
1.843638422577203e-008	3.582852e-003	0.000000e+000
1.846883820679027e-008	2.574406e-003	0.000000e+000
1.849905554510962e-008	1.574426e-003	0.000000e+000
1.852442036833880e-008	6.976059e-004	0.000000e+000
1.855263795351841e-008	-3.006985e-004	0.000000e+000
1.858944297477438e-008	-1.607045e-003	0.000000e+000
1.861924908716907e-008	-2.644508e-003	0.000000e+000
1.865292853782414e-008	-3.767485e-003	0.000000e+000
1.868258055364625e-008	-4.691390e-003	0.000000e+000
1.871156187666212e-008	-5.513747e-003	0.000000e+000
1.873824554293715e-008	-6.187672e-003	0.000000e+000
1.876200402759068e-008	-6.707765e-003	0.000000e+000
1.878473219046484e-008	-7.118586e-003	0.000000e+000
1.881467668714149e-008	-7.533495e-003	0.000000e+000
1.884320617246376e-008	-7.777610e-003	0.000000e+000
1.888506372816830e-008	-7.884652e-003	0.000000e+000
1.891889408849840e-008	-7.758693e-003	0.000000e+000
1.895248372511061e-008	-7.415297e-003	0.000000e+000
1.898733296978587e-008	-6.853783e-003	0.000000e+000
1.902144127982963e-008	-6.130611e-003	0.000000e+000
1.904477133976211e-008	-5.535435e-003	0.000000e+000
1.907027331370663e-008	-4.795773e-003	0.000000e+000
1.909607060529129e-008	-3.972251e-003	0.000000e+000
1.913512743451788e-008	-2.628586e-003	0.000000e+000
1.917210172961421e-008	-1.295814e-003	0.000000e+000
1.920567184216095e-008	-6.603712e-005	0.000000e+000
1.924419925386686e-008	1.319312e-003	0.000000e+000
1.927652140336705e-008	2.427999e-003	0.000000e+000
1.930080223173248e-008	3.203826e-003	0.000000e+000
1.932376936734761e-008	3.866791e-003	0.000000e+000
1.935718388358307e-008	4.694676e-003	0.000000e+000
1.939741256989640e-008	5.482477e-003	0.000000e+000
1.943398535065112e-008	5.991298e-003	0.000000e+000
1.945639731185209e-008	6.171965e-003	0.000000e+000
1.948423611852775e-008	6.242711e-003	0.000000e+000
1.951232185971116e-008	6.159208e-003	0.000000e+000
1.954758976825535e-008	5.829132e-003	0.000000e+000
1.959158746335787e-008	5.128808e-003	0.000000e+000
1.963204994729902e-008	4.228187e-003	0.000000e+000
1.967240129559683e-008	3.119859e-003	0.000000e+000
1.970137100827866e-008	2.216021e-003	0.000000e+000
1.973662005829969e-008	1.030573e-003	0.000000e+000
1.977334540879078e-008	-2.428642e-004	0.000000e+000
1.980832174725505e-008	-1.450162e-003	0.000000e+000
1.984282189119938e-008	-2.590554e-003	0.000000e+000
1.987764915103747e-008	-3.655985e-003	0.000000e+000
1.990495340487838e-008	-4.402554e-003	0.000000e+000
1.993198264483120e-008	-5.032392e-003	0.000000e+000
1.996520845984497e-008	-5.654921e-003	0.000000e+000
1.999602643271874e-008	-6.065422e-003	0.000000e+000
2.003140648929546e-008	-6.312156e-003	0.000000e+000
2.007088975898223e-008	-6.314277e-003	0.000000e+000
2.011224023696797e-008	-6.027221e-003	0.000000e+000
2.014627281009043e-008	-5.571075e-003	0.000000e+000
2.017725331306004e-008	-4.984607e-003	0.000000e+000
2.020777495240961e-008	-4.266217e-003	0.000000e+000
2.024704893912447e-008	-3.201463e-003	0.000000e+000
2.027360645286181e-008	-2.412742e-003	0.000000e+000
2.030216302938660e-008	-1.517185e-003	0.000000e+000
2.033092075170472e-008	-6.030973e-004	0.000000e+000
2.037447345910650e-008	7.481259e-004	0.000000e+000
2.041632105603243e-008	1.953183e-003	0.000000e+000
2.045526435445897e-008	2.926129e-003	0.000000e+000
2.049567214517828e-008	3.744119e-003	0.000000e+000
2.052715638341219e-008	4.216975e-003	0.000000e+000
2.055653188220360e-008	4.499735e-003	0.000000e+000
2.058559522338256e-008	4.620045e-003	0.000000e+000
2.062045423631486e-008	4.562068e-003	0.000000e+000
2.065761541941289e-008	4.277442e-003	0.000000e+000
2.069524891661074e-008	3.772729e-003	0.000000e+000
2.072771788123815e-008	3.172695e-003	0.000000e+000
2.076176162363871e-008	2.402866e-003	0.000000e+000
2.079624112281910e-008	1.519218e-003	0.000000e+000
2.082924895630840e-008	6.079135e-004	0.000000e+000
2.087401020503085e-008	-6.619848e-004	0.000000e+000
2.090519918086429e-008	-1.532021e-003	0.000000e+000
2.093310521047859e-008	-2.269919e-003	0.000000e+000
2.096037814898836e-008	-2.927109e-003	0.000000e+000
2.099329574904210e-008	-3.622578e-003	0.000000e+000
2.102050687491831e-008	-4.102762e-003	0.000000e+000
2.104572886398882e-008	-4.442983e-003	0.000000e+000
2.107842239840250e-008	-4.737842e-003	0.000000e+000
2.110931164695513e-008	-4.857873e-003	0.000000e+000
2.114736884017151e-008	-4.794404e-003	0.000000e+000
2.118174569210654e-008	-4.554120e-003	0.000000e+000
2.121219125575143e-008	-4.189901e-003	0.000000e+000
2.124279914946873e-008	-3.692868e-003	0.000000e+000
2.127712973337066e-008	-3.017555e-003	0.000000e+000
2.130473314163461e-008	-2.402830e-003	0.000000e+000
2.132883280899581e-008	-1.822884e-003	0.000000e+000
2.135201496067082e-008	-1.242181e-003	0.000000e+000
2.137806655250651e-008	-5.802768e-004	0.000000e+000
2.140196498562105e-008	2.169887e-005	0.000000e+000
2.142548623075583e-008	5.910030e-004	0.000000e+000
2.146151691175873e-008	1.399071e-003	0.000000e+000
2.149446647261255e-008	2.053157e-003	0.000000e+000
2.152357833340383e-008	2.531896e-003	0.000000e+000
2.155470237878247e-008	2.920556e-003	0.000000e+000
2.158802878774863e-008	3.201425e-003	0.000000e+000
2.161204464524147e-008	3.297757e-003	0.000000e+000
2.164433389816948e-008	3.280797e-003	0.000000e+000
2.167657030770967e-008	3.114751e-003	0.000000e+000
2.171553886950978e-008	2.731172e-003	0.000000e+000
2.174985647556328e-008	2.249789e-003	0.000000e+000
2.178290401771900e-008	1.674110e-003	0.000000e+000
2.180864585005789e-008	1.163862e-003	0.000000e+000
2.183780228202221e-008	5.391883e-004	0.000000e+000
2.187422963042734e-008	-2.674533e-004	0.000000e+000
2.190956813445794e-008	-1.045684e-003	0.000000e+000
2.193828973637110e-008	-1.651309e-003	0.000000e+000
2.196391359085317e-008	-2.148744e-003	0.000000e+000
2.199310502888687e-008	-2.649628e-003	0.000000e+000
2.202271765018893e-008	-3.060281e-003	0.000000e+000
2.206791304481938e-008	-3.508234e-003	0.000000e+000
2.210052517670553e-008	-3.692640e-003	0.000000e+000
2.212717998586552e-008	-3.730489e-003	0.000000e+000
2.215050615889759e-008	-3.681338e-003	0.000000e+000
2.217292310865259e-008	-3.557909e-003	0.000000e+000
2.220519351660088e-008	-3.274079e-003	0.000000e+000
2.223519315551939e-008	-2.909459e-003	0.000000e+000
2.227597873372500e-008	-2.289217e-003	0.000000e+000
2.230663662682611e-008	-1.753374e-003	0.000000e+000
2.233689862252612e-008	-1.178914e-003	0.000000e+000
2.235957663199160e-008	-7.344682e-004	0.000000e+000
2.238407567105266e-008	-2.551441e-004	0.000000e+000
2.241575093473578e-008	3.394020e-004	0.000000e+000
2.245430220518710e-008	9.935407e-004	0.000000e+000
2.249876054029060e-008	1.629632e-003	0.000000e+000
2.253069463234111e-008	1.980523e-003	0.000000e+000
2.256016771232885e-008	2.192917e-003	0.000000e+000
2.259541076223698e-008	2.310864e-003	0.000000e+000
2.263053556693057e-008	2.288623e-003	0.000000e+000
2.266368624237665e-008	2.135029e-003	0.000000e+000
2.269735464609648e-008	1.857971e-003	0.000000e+000
2.272791183660448e-008	1.510303e-003	0.000000e+000
2.276407844511342e-008	1.003738e-003	0.000000e+000
2.280283315175154e-008	3.886683e-004	0.000000e+000
2.283641388027032e-008	-1.796991e-004	0.000000e+000
2.286955943206650e-008	-7.405810e-004	0.000000e+000
2.291838755706650e-008	-1.517721e-003	0.000000e+000
2.295457455930826e-008	-2.021838e-003	0.000000e+000
2.298965769698159e-008	-2.411393e-003	0.000000e+000
2.302620834216000e-008	-2.694540e-003	0.000000e+000
2.306540392925105e-008	-2.855331e-003	0.000000e+000
2.309797085358663e-008	-2.867319e-003	0.000000e+000
2.313004301616868e-008	-2.768183e-003	0.000000e+000
2.315681110211773e-008	-2.607692e-003	0.000000e+000
2.318042899454906e-008	-2.406692e-003	0.000000e+000
2.320691978358314e-008	-2.126830e-003	0.000000e+000
2.323123444055223e-008	-1.828220e-003	0.000000e+000
2.325875454026626e-008	-1.451500e-003	0.000000e+000
2.328900305979376e-008	-1.008609e-003	0.000000e+000
2.332183406687366e-008	-5.143615e-004	0.000000e+000
2.335633533401184e-008	-4.865944e-006	0.000000e+000
2.339257287499676e-008	4.898997e-004	0.000000e+000
2.343208517836904e-008	9.514933e-004	0.000000e+000
2.347220208836708e-008	1.312719e-003	0.000000e+000
2.350859014590090e-008	1.530672e-003	0.000000e+000
2.353708511094436e-008	1.612311e-003	0.000000e+000
2.356768953667504e-008	1.605561e-003	0.000000e+000
2.360143157694773e-008	1.502400e-003	0.000000e+000
2.362927773332139e-008	1.343815e-003	0.000000e+000
2.365610704320159e-008	1.127433e-003	0.000000e+000
2.368681893292646e-008	8.184889e-004	0.000000e+000
2.372200626107257e-008	4.080589e-004	0.000000e+000
2.375621243699336e-008	-2.829705e-005	0.000000e+000
2.378753735016208e-008	-4.395467e-004	0.000000e+000
2.383636547516208e-008	-1.055633e-003	0.000000e+000
2.388170301272260e-008	-1.559321e-003	0.000000e+000
2.392455254615354e-008	-1.937784e-003	0.000000e+000
2.395779340609804e-008	-2.142145e-003	0.000000e+000
2.398979831414107e-008	-2.250135e-003	0.000000e+000
2.402029954992744e-008	-2.273824e-003	0.000000e+000
2.404687145620786e-008	-2.223414e-003	0.000000e+000
2.408439827620466e-008	-2.054237e-003	0.000000e+000
2.412054034887715e-008	-1.810268e-003	0.000000e+000
2.414395316027383e-008	-1.606232e-003	0.000000e+000
2.417396773006521e-008	-1.301332e-003	0.000000e+000
2.420300672267854e-008	-9.793786e-004	0.000000e+000
2.424112351874235e-008	-5.380242e-004	0.000000e+000
2.427648293218681e-008	-1.321517e-004	0.000000e+000
2.430717296552157e-008	1.972023e-004	0.000000e+000
2.434427212762815e-008	5.470477e-004	0.000000e+000
2.437731026657511e-008	8.013959e-004	0.000000e+000
2.440763011236726e-008	9.719711e-004	0.000000e+000
2.443790740825050e-008	1.073214e-003	0.000000e+000
2.447178240155835e-008	1.105369e-003	0.000000e+000
2.450425612738419e-008	1.059551e-003	0.000000e+000
2.453237745243229e-008	9.565440e-004	0.000000e+000
2.456222307600623e-008	7.884245e-004	0.000000e+000
2.459080776471575e-008	5.791503e-004	0.000000e+000
2.462411500758894e-008	2.889296e-004	0.000000e+000
2.465701065250984e-008	-2.948813e-005	0.000000e+000
2.468675936312151e-008	-3.319470e-004	0.000000e+000
2.472819046458031e-008	-7.496875e-004	0.000000e+000
2.476424405410822e-008	-1.088019e-003	0.000000e+000
2.479910275196094e-008	-1.369889e-003	0.000000e+000
2.483628621782029e-008	-1.606726e-003	0.000000e+000
2.486935319797924e-008	-1.750836e-003	0.000000e+000
2.490133912421010e-008	-1.822436e-003	0.000000e+000
2.492990432369362e-008	-1.826010e-003	0.000000e+000
2.496119533500065e-008	-1.766761e-003	0.000000e+000
2.498991971096801e-008	-1.657718e-003	0.000000e+000
2.502246521361072e-008	-1.477148e-003	0.000000e+000
2.505489549304291e-008	-1.249900e-003	0.000000e+000
2.508712110055497e-008	-9.865365e-004	0.000000e+000
2.513352800749817e-008	-5.762646e-004	0.000000e+000
2.517060747960548e-008	-2.462535e-004	0.000000e+000
2.520660544929294e-008	5.473012e-005	0.000000e+000
2.524296108132339e-008	3.211541e-004	0.000000e+000
2.527370777759432e-008	5.030924e-004	0.000000e+000
2.530572017579942e-008	6.399151e-004	0.000000e+000
2.533595730310322e-008	7.145665e-004	0.000000e+000
2.536908421594988e-008	7.324266e-004	0.000000e+000
2.540226018614671e-008	6.887680e-004	0.000000e+000
2.542931676036546e-008	6.055457e-004	0.000000e+000
2.545926929927419e-008	4.674127e-004	0.000000e+000
2.548774950712441e-008	2.999810e-004	0.000000e+000
2.551819204441329e-008	8.933990e-005	0.000000e+000
2.555146541622459e-008	-1.643939e-004	0.000000e+000
2.558482438328295e-008	-4.299275e-004	0.000000e+000
2.561417824211177e-008	-6.620890e-004	0.000000e+000
2.564144448224073e-008	-8.659458e-004	0.000000e+000
2.567286832406472e-008	-1.076589e-003	0.000000e+000
2.570460431710562e-008	-1.250929e-003	0.000000e+000
2.574615077372645e-008	-1.416290e-003	0.000000e+000
2.577816590618690e-008	-1.489538e-003	0.000000e+000
2.580761003582394e-008	-1.505660e-003	0.000000e+000
2.583540242788037e-008	-1.476267e-003	0.000000e+000
2.586565426659914e-008	-1.397937e-003	0.000000e+000
2.589795286877344e-008	-1.270329e-003	0.000000e+000
2.592441276628142e-008	-1.134445e-003	0.000000e+000
2.595426413230552e-008	-9.528662e-004	0.000000e+000
2.598682454198209e-008	-7.341290e-004	0.000000e+000
2.602287190390763e-008	-4.813984e-004	0.000000e+000
2.606295510336397e-008	-2.063332e-004	0.000000e+000
2.610098157897296e-008	3.226409e-005	0.000000e+000
2.613318188809057e-008	2.020595e-004	0.000000e+000
2.616866235763670e-008	3.438887e-004	0.000000e+000
2.620181522488278e-008	4.284667e-004	0.000000e+000
2.623405142285813e-008	4.611651e-004	0.000000e+000
2.626396048202235e-008	4.471706e-004	0.000000e+000
2.629176488322578e-008	3.957548e-004	0.000000e+000
2.631976152868784e-008	3.082555e-004	0.000000e+000
2.635266160507893e-008	1.675364e-004	0.000000e+000
2.638866789990032e-008	-1.961746e-005	0.000000e+000
2.641444890665284e-008	-1.706851e-004	0.000000e+000
2.644515944812247e-008	-3.612706e-004	0.000000e+000
2.648423495172481e-008	-6.029096e-004	0.000000e+000
2.651852026062885e-008	-8.020710e-004	0.000000e+000
2.655170291804258e-008	-9.716494e-004	0.000000e+000
2.658224131280384e-008	-1.099536e-003	0.000000e+000
2.661051992820162e-008	-1.186871e-003	0.000000e+000
2.664110353491815e-008	-1.244312e-003	0.000000e+000
2.667158729146019e-008	-1.263818e-003	0.000000e+000
2.669815851541151e-008	-1.246793e-003	0.000000e+000
2.672965286878495e-008	-1.188136e-003	0.000000e+000
2.675923811238025e-008	-1.100873e-003	0.000000e+000
2.678638057858919e-008	-9.941149e-004	0.000000e+000
2.681908480117808e-008	-8.399405e-004	0.000000e+000
2.685195845986187e-008	-6.672950e-004	0.000000e+000
2.688340211996079e-008	-4.933623e-004	0.000000e+000
2.691185198448764e-008	-3.370382e-004	0.000000e+000
2.694833767129712e-008	-1.488723e-004	0.000000e+000
2.698173156246661e-008	2.629177e-006	0.000000e+000
2.701307303696904e-008	1.178151e-004	0.000000e+000
2.704346513711872e-008	1.973962e-004	0.000000e+000
2.707836265814529e-008	2.484721e-004	0.000000e+000
2.710862187054493e-008	2.561058e-004	0.000000e+000
2.713960067124935e-008	2.267196e-004	0.000000e+000
2.716945692353534e-008	1.644958e-004	0.000000e+000
2.720582989073730e-008	5.176284e-005	0.000000e+000
2.723730218939530e-008	-7.121184e-005	0.000000e+000
2.726388657275249e-008	-1.910347e-004	0.000000e+000
2.729444477772647e-008	-3.389340e-004	0.000000e+000
2.733186591062829e-008	-5.227151e-004	0.000000e+000
2.736287070312583e-008	-6.684854e-004	0.000000e+000
2.739738565962273e-008	-8.146428e-004	0.000000e+000
2.742801900300308e-008	-9.238202e-004	0.000000e+000
2.745665522328916e-008	-9.999617e-004	0.000000e+000
2.749470470346122e-008	-1.063351e-003	0.000000e+000
2.752333350068455e-008	-1.080648e-003	0.000000e+000
2.755324730739034e-008	-1.066629e-003	0.000000e+000
2.758136419450937e-008	-1.026534e-003	0.000000e+000
2.760986081675488e-008	-9.600142e-004	0.000000e+000
2.764336061603656e-008	-8.557094e-004	0.000000e+000
2.767300121229576e-008	-7.450514e-004	0.000000e+000
2.770201375715849e-008	-6.241387e-004	0.000000e+000
2.773113611627390e-008	-4.967492e-004	0.000000e+000
2.776229016656832e-008	-3.607208e-004	0.000000e+000
2.779254146195136e-008	-2.351045e-004	0.000000e+000
2.782040166295410e-008	-1.307230e-004	0.000000e+000
2.784901436490304e-008	-4.101645e-005	0.000000e+000
2.788444098003513e-008	4.180721e-005	0.000000e+000
2.792010005610402e-008	9.300584e-005	0.000000e+000
2.794755642303547e-008	1.063446e-004	0.000000e+000
2.797417929977273e-008	9.533313e-005	0.000000e+000
2.800076540813547e-008	6.200679e-005	0.000000e+000
2.803302239260176e-008	-4.632944e-006	0.000000e+000
2.806780494752382e-008	-1.010420e-004	0.000000e+000
2.809531477746906e-008	-1.927353e-004	0.000000e+000
2.812139881158516e-008	-2.894180e-004	0.000000e+000
2.814550828322082e-008	-3.831876e-004	0.000000e+000
2.817499792374101e-008	-4.980341e-004	0.000000e+000
2.821213252078162e-008	-6.355009e-004	0.000000e+000
2.824564918418019e-008	-7.462551e-004	0.000000e+000
2.827612108510230e-008	-8.298520e-004	0.000000e+000
2.830334152231876e-008	-8.859499e-004	0.000000e+000
2.833428995985802e-008	-9.256307e-004	0.000000e+000
2.836725683331147e-008	-9.404147e-004	0.000000e+000
2.839803179688344e-008	-9.283714e-004	0.000000e+000
2.842473663346676e-008	-8.964391e-004	0.000000e+000
2.845524345292999e-008	-8.388379e-004	0.000000e+000
2.848060363961517e-008	-7.761716e-004	0.000000e+000
2.850942872103079e-008	-6.909362e-004	0.000000e+000
2.854160407852520e-008	-5.850297e-004	0.000000e+000
2.857524831615895e-008	-4.684764e-004	0.000000e+000
2.860822893812720e-008	-3.551474e-004	0.000000e+000
2.864186246598385e-008	-2.485453e-004	0.000000e+000
2.868230937324009e-008	-1.400521e-004	0.000000e+000
2.871913934710319e-008	-6.496381e-005	0.000000e+000
2.874840096049940e-008	-2.772527e-005	0.000000e+000
2.878119593232665e-008	-1.106471e-005	0.000000e+000
2.880860847491414e-008	-1.773674e-005	0.000000e+000
2.884002078381210e-008	-4.804283e-005	0.000000e+000
2.886799731753747e-008	-9.269226e-005	0.000000e+000
2.889500464763634e-008	-1.508622e-004	0.000000e+000
2.892432351283369e-008	-2.270263e-004	0.000000e+000
2.895666605593589e-008	-3.213240e-004	0.000000e+000
2.898813405202099e-008	-4.182534e-004	0.000000e+000
2.902475427862724e-008	-5.301719e-004	0.000000e+000
2.906150563569890e-008	-6.347628e-004	0.000000e+000
2.909059325111785e-008	-7.063471e-004	0.000000e+000
2.912220172580813e-008	-7.680826e-004	0.000000e+000
2.915260246137445e-008	-8.097707e-004	0.000000e+000
2.918180009471149e-008	-8.313090e-004	0.000000e+000
2.920932076641863e-008	-8.335218e-004	0.000000e+000
2.923996481342800e-008	-8.156670e-004	0.000000e+000
2.927280570370871e-008	-7.761699e-004	0.000000e+000
2.930139070953466e-008	-7.257335e-004	0.000000e+000
2.933194912994420e-008	-6.578548e-004	0.000000e+000
2.936100825119378e-008	-5.838886e-004	0.000000e+000
2.939228792207898e-008	-4.982068e-004	0.000000e+000
2.942308028987682e-008	-4.125189e-004	0.000000e+000
2.945416213859201e-008	-3.291946e-004	0.000000e+000
2.948368223167864e-008	-2.571174e-004	0.000000e+000
2.951268254316288e-008	-1.973652e-004	0.000000e+000
2.954756157738028e-008	-1.431224e-004	0.000000e+000
2.958249407690019e-008	-1.084588e-004	0.000000e+000
2.960770294893804e-008	-9.861886e-005	0.000000e+000
2.963532763680670e-008	-1.045070e-004	0.000000e+000
2.966777611117830e-008	-1.296254e-004	0.000000e+000
2.969815023984198e-008	-1.696081e-004	0.000000e+000
2.973052250018574e-008	-2.277685e-004	0.000000e+000
2.976324733780140e-008	-2.983043e-004	0.000000e+000
2.979143373186201e-008	-3.656534e-004	0.000000e+000
2.982162239289139e-008	-4.406800e-004	0.000000e+000
2.985516344970551e-008	-5.224787e-004	0.000000e+000
2.988644977910184e-008	-5.927543e-004	0.000000e+000
2.992079070284451e-008	-6.592960e-004	0.000000e+000
2.994843795482035e-008	-7.018517e-004	0.000000e+000
2.997611465918825e-008	-7.311454e-004	0.000000e+000
3.000873449887658e-008	-7.483228e-004	0.000000e+000
3.004272482766134e-008	-7.476390e-004	0.000000e+000
3.006956796731412e-008	-7.327477e-004	0.000000e+000
3.009634442578259e-008	-7.046716e-004	0.000000e+000
3.012803521135173e-008	-6.584382e-004	0.000000e+000
3.015556646917428e-008	-6.088326e-004	0.000000e+000
3.018575838936600e-008	-5.468052e-004	0.000000e+000
3.020918533584375e-008	-4.953120e-004	0.000000e+000
3.023311869422661e-008	-4.414417e-004	0.000000e+000
3.026012267562422e-008	-3.820245e-004	0.000000e+000
3.029269969677061e-008	-3.157464e-004	0.000000e+000
3.032883954945688e-008	-2.521940e-004	0.000000e+000
3.035873538986121e-008	-2.107176e-004	0.000000e+000
3.038693485575434e-008	-1.836905e-004	0.000000e+000
3.041493559577917e-008	-1.701120e-004	0.000000e+000
3.044954299432000e-008	-1.699376e-004	0.000000e+000
3.047670841877400e-008	-1.823824e-004	0.000000e+000
3.050226252888346e-008	-2.052584e-004	0.000000e+000
3.053075713660951e-008	-2.410109e-004	0.000000e+000
3.055672703564717e-008	-2.812964e-004	0.000000e+000
3.058212795389805e-008	-3.265333e-004	0.000000e+000
3.060684358248223e-008	-3.742220e-004	0.000000e+000
3.063054235149610e-008	-4.216805e-004	0.000000e+000
3.065742702775538e-008	-4.750561e-004	0.000000e+000
3.069432578229039e-008	-5.442257e-004	0.000000e+000
3.072417111141132e-008	-5.939403e-004	0.000000e+000
3.075221705560895e-008	-6.319128e-004	0.000000e+000
3.078591090324193e-008	-6.648552e-004	0.000000e+000
3.081771035095307e-008	-6.825117e-004	0.000000e+000
3.084688793663343e-008	-6.855447e-004	0.000000e+000
3.087641476993657e-008	-6.752831e-004	0.000000e+000
3.091046356461912e-008	-6.484273e-004	0.000000e+000
3.094872273824335e-008	-6.037487e-004	0.000000e+000
3.097411375854641e-008	-5.663718e-004	0.000000e+000
3.100364855539770e-008	-5.166340e-004	0.000000e+000
3.103707076226357e-008	-4.570490e-004	0.000000e+000
3.106545893592633e-008	-4.062015e-004	0.000000e+000
3.109469796592787e-008	-3.563720e-004	0.000000e+000
3.112502570115147e-008	-3.101455e-004	0.000000e+000
3.115661724638431e-008	-2.702469e-004	0.000000e+000
3.118703780432159e-008	-2.418873e-004	0.000000e+000
3.121797041556294e-008	-2.241664e-004	0.000000e+000
3.124291493599364e-008	-2.191190e-004	0.000000e+000
3.126998444911186e-008	-2.239228e-004	0.000000e+000
3.130195634450902e-008	-2.408979e-004	0.000000e+000
3.132900009670442e-008	-2.642919e-004	0.000000e+000
3.135800773365501e-008	-2.979222e-004	0.000000e+000
3.138820495396867e-008	-3.397301e-004	0.000000e+000
3.141994764986961e-008	-3.885187e-004	0.000000e+000
3.144413764181053e-008	-4.274758e-004	0.000000e+000
3.146855057162659e-008	-4.667957e-004	0.000000e+000
3.149455072685186e-008	-5.068436e-004	0.000000e+000
3.152221212336233e-008	-5.456328e-004	0.000000e+000
3.155127389304574e-008	-5.804414e-004	0.000000e+000
3.158015881685027e-008	-6.072720e-004	0.000000e+000
3.161083397312203e-008	-6.259962e-004	0.000000e+000
3.164117432790099e-008	-6.340223e-004	0.000000e+000
3.167024188330545e-008	-6.312110e-004	0.000000e+000
3.170143099253392e-008	-6.170712e-004	0.000000e+000
3.173463852378653e-008	-5.910994e-004	0.000000e+000
3.176682045940984e-008	-5.569443e-004	0.000000e+000
3.179588609422870e-008	-5.199264e-004	0.000000e+000
3.182730240751704e-008	-4.757810e-004	0.000000e+000
3.185824864562595e-008	-4.308890e-004	0.000000e+000
3.189128928213545e-008	-3.844152e-004	0.000000e+000
3.192689314234955e-008	-3.392405e-004	0.000000e+000
3.196167105536806e-008	-3.028956e-004	0.000000e+000
3.199518575906026e-008	-2.770583e-004	0.000000e+000
3.202141150829432e-008	-2.649169e-004	0.000000e+000
3.205165240148718e-008	-2.606313e-004	0.000000e+000
3.208265760214947e-008	-2.662507e-004	0.000000e+000
3.211584347688226e-008	-2.829729e-004	0.000000e+000
3.214859581822922e-008	-3.088008e-004	0.000000e+000
3.217733633437214e-008	-3.380671e-004	0.000000e+000
3.220528130071928e-008	-3.711024e-004	0.000000e+000
3.223521661058320e-008	-4.093038e-004	0.000000e+000
3.226255723880747e-008	-4.449457e-004	0.000000e+000
3.229250509584490e-008	-4.829720e-004	0.000000e+000
3.231802326336123e-008	-5.128910e-004	0.000000e+000
3.234709836573673e-008	-5.423582e-004	0.000000e+000
3.237908641747296e-008	-5.682572e-004	0.000000e+000
3.240635902449204e-008	-5.835675e-004	0.000000e+000
3.243553105465407e-008	-5.919244e-004	0.000000e+000
3.246510030676542e-008	-5.917064e-004	0.000000e+000
3.250020316675482e-008	-5.807547e-004	0.000000e+000
3.253499840178914e-008	-5.601732e-004	0.000000e+000
3.256336813754469e-008	-5.365614e-004	0.000000e+000
3.259350222116198e-008	-5.059821e-004	0.000000e+000
3.262776552746636e-008	-4.673433e-004	0.000000e+000
3.265840546712443e-008	-4.313350e-004	0.000000e+000
3.268762929109212e-008	-3.976479e-004	0.000000e+000
3.271969768045124e-008	-3.638125e-004	0.000000e+000
3.275576753938277e-008	-3.317388e-004	0.000000e+000
3.278978329355775e-008	-3.089626e-004	0.000000e+000
3.281963871100606e-008	-2.965791e-004	0.000000e+000
3.284930454770783e-008	-2.922397e-004	0.000000e+000
3.288068181408710e-008	-2.959155e-004	0.000000e+000
3.291000054204440e-008	-3.065992e-004	0.000000e+000
3.293683071968258e-008	-3.223108e-004	0.000000e+000
3.296444610563176e-008	-3.438044e-004	0.000000e+000
3.300226566326410e-008	-3.788040e-004	0.000000e+000
3.303131707770834e-008	-4.084106e-004	0.000000e+000
3.306554120365694e-008	-4.444086e-004	0.000000e+000
3.309852348628070e-008	-4.777139e-004	0.000000e+000
3.313124292341238e-008	-5.071988e-004	0.000000e+000
3.316492886355753e-008	-5.324410e-004	0.000000e+000
3.318904639570681e-008	-5.459129e-004	0.000000e+000
3.321885721755368e-008	-5.562966e-004	0.000000e+000
3.324688845205441e-008	-5.597763e-004	0.000000e+000
3.327911040164332e-008	-5.560158e-004	0.000000e+000
3.331080392432967e-008	-5.449497e-004	0.000000e+000
3.334191089761196e-008	-5.274548e-004	0.000000e+000
3.337256193414080e-008	-5.047935e-004	0.000000e+000
3.340690264276809e-008	-4.750092e-004	0.000000e+000
3.343751105760533e-008	-4.462460e-004	0.000000e+000
3.346522243717387e-008	-4.197607e-004	0.000000e+000
3.349696362106547e-008	-3.907611e-004	0.000000e+000
3.352955624009207e-008	-3.640449e-004	0.000000e+000
3.355955305598622e-008	-3.435261e-004	0.000000e+000
3.358617922593414e-008	-3.298285e-004	0.000000e+000
3.361562442290697e-008	-3.207296e-004	0.000000e+000
3.365341283652265e-008	-3.175263e-004	0.000000e+000
3.368625809723693e-008	-3.222266e-004	0.000000e+000
3.371441995103149e-008	-3.323775e-004	0.000000e+000
3.374482186718627e-008	-3.489608e-004	0.000000e+000
3.377959318369997e-008	-3.730343e-004	0.000000e+000
3.381197585743558e-008	-3.988074e-004	0.000000e+000
3.383841645050074e-008	-4.212901e-004	0.000000e+000
3.386926434871678e-008	-4.474539e-004	0.000000e+000
3.390718197508449e-008	-4.775091e-004	0.000000e+000
3.393908836048311e-008	-4.997246e-004	0.000000e+000
3.396191344231014e-008	-5.126202e-004	0.000000e+000
3.398886237674901e-008	-5.235539e-004	0.000000e+000
3.402312869265888e-008	-5.312869e-004	0.000000e+000
3.405569867137160e-008	-5.320637e-004	0.000000e+000
3.408711971525620e-008	-5.265711e-004	0.000000e+000
3.411275720272086e-008	-5.176008e-004	0.000000e+000
3.413912958305589e-008	-5.042320e-004	0.000000e+000
3.417596961805250e-008	-4.808078e-004	0.000000e+000
3.421314231259621e-008	-4.538002e-004	0.000000e+000
3.423678306712236e-008	-4.354955e-004	0.000000e+000
3.426797977394514e-008	-4.114137e-004	0.000000e+000
3.430138391461034e-008	-3.873644e-004	0.000000e+000
3.433447564668045e-008	-3.668235e-004	0.000000e+000
3.436849545730021e-008	-3.504436e-004	0.000000e+000
3.440067585894333e-008	-3.405309e-004	0.000000e+000
3.443635391674664e-008	-3.364599e-004	0.000000e+000
3.447107561852735e-008	-3.393122e-004	0.000000e+000
3.450336702046752e-008	-3.480617e-004	0.000000e+000
3.453696153327869e-008	-3.626138e-004	0.000000e+000
3.456895692613862e-008	-3.805245e-004	0.000000e+000
3.460035648294220e-008	-4.008397e-004	0.000000e+000
3.462894267693835e-008	-4.206100e-004	0.000000e+000
3.465554159873959e-008	-4.391484e-004	0.000000e+000
3.468378141227971e-008	-4.579091e-004	0.000000e+000
3.471483505036193e-008	-4.764388e-004	0.000000e+000
3.474468867572156e-008	-4.910895e-004	0.000000e+000
3.477893345125500e-008	-5.031300e-004	0.000000e+000
3.481280914061589e-008	-5.094356e-004	0.000000e+000
3.484822070084121e-008	-5.098346e-004	0.000000e+000
3.487790117420978e-008	-5.052136e-004	0.000000e+000
3.490676163458608e-008	-4.964707e-004	0.000000e+000
3.493311417622835e-008	-4.851734e-004	0.000000e+000
3.496863997461008e-008	-4.663740e-004	0.000000e+000
3.499838375503578e-008	-4.485974e-004	0.000000e+000
3.502786897378023e-008	-4.299477e-004	0.000000e+000
3.506277674676451e-008	-4.081850e-004	0.000000e+000
3.509785774415723e-008	-3.878931e-004	0.000000e+000
3.512345547751201e-008	-3.751262e-004	0.000000e+000
3.515310706663813e-008	-3.635567e-004	0.000000e+000
3.518655688003804e-008	-3.549294e-004	0.000000e+000
3.522192829071258e-008	-3.512967e-004	0.000000e+000
3.525683827181940e-008	-3.532414e-004	0.000000e+000
3.528574689817944e-008	-3.591031e-004	0.000000e+000
3.531419905999440e-008	-3.685207e-004	0.000000e+000
3.534605236033250e-008	-3.823330e-004	0.000000e+000
3.537773762862577e-008	-3.984926e-004	0.000000e+000
3.540758744248878e-008	-4.150929e-004	0.000000e+000
3.543766942609464e-008	-4.321595e-004	0.000000e+000
3.546927618814202e-008	-4.492837e-004	0.000000e+000
3.550389341753562e-008	-4.660679e-004	0.000000e+000
3.553217971073478e-008	-4.773694e-004	0.000000e+000
3.556135361762532e-008	-4.855175e-004	0.000000e+000
3.560407916643080e-008	-4.914895e-004	0.000000e+000
3.564039118062026e-008	-4.911160e-004	0.000000e+000
3.567180646700716e-008	-4.859888e-004	0.000000e+000
3.570689837689917e-008	-4.757942e-004	0.000000e+000
3.573735500398245e-008	-4.639013e-004	0.000000e+000
3.576639953249331e-008	-4.504281e-004	0.000000e+000
3.579380517253010e-008	-4.365541e-004	0.000000e+000
3.582092248078878e-008	-4.225090e-004	0.000000e+000
3.586199816291212e-008	-4.019323e-004	0.000000e+000
3.588965080742624e-008	-3.894887e-004	0.000000e+000
3.592320763261567e-008	-3.770534e-004	0.000000e+000
3.595480360104041e-008	-3.685516e-004	0.000000e+000
3.598890326416173e-008	-3.637348e-004	0.000000e+000
3.602907630589360e-008	-3.636885e-004	0.000000e+000
3.606748747723029e-008	-3.690122e-004	0.000000e+000
3.610209404299192e-008	-3.781470e-004	0.000000e+000
3.613546807755424e-008	-3.901707e-004	0.000000e+000
3.616746232185806e-008	-4.037570e-004	0.000000e+000
3.620025788087804e-008	-4.187298e-004	0.000000e+000
3.623964478795857e-008	-4.366729e-004	0.000000e+000
3.626990766623837e-008	-4.493789e-004	0.000000e+000
3.630446161832302e-008	-4.615468e-004	0.000000e+000
3.634102694578943e-008	-4.710612e-004	0.000000e+000
3.637508277908038e-008	-4.763040e-004	0.000000e+000
3.640267087702846e-008	-4.776247e-004	0.000000e+000
3.642584877618220e-008	-4.763838e-004	0.000000e+000
3.645443839814105e-008	-4.721843e-004	0.000000e+000
3.648357586464409e-008	-4.653864e-004	0.000000e+000
3.651362609594656e-008	-4.560442e-004	0.000000e+000
3.654241889067387e-008	-4.452736e-004	0.000000e+000
3.659124701567387e-008	-4.251596e-004	0.000000e+000
3.662840996446076e-008	-4.097410e-004	0.000000e+000
3.666328857454395e-008	-3.962984e-004	0.000000e+000
3.669495412633622e-008	-3.858047e-004	0.000000e+000
3.671984635954169e-008	-3.793880e-004	0.000000e+000
3.675217497039843e-008	-3.738681e-004	0.000000e+000
3.678503177326009e-008	-3.714933e-004	0.000000e+000
3.681994931819995e-008	-3.727337e-004	0.000000e+000
3.685415588148095e-008	-3.776732e-004	0.000000e+000
3.689592940351487e-008	-3.879577e-004	0.000000e+000
3.694475752851487e-008	-4.037654e-004	0.000000e+000
3.699078315791232e-008	-4.206139e-004	0.000000e+000
3.702231369669390e-008	-4.322716e-004	0.000000e+000
3.705214994850484e-008	-4.423686e-004	0.000000e+000
3.708969628286625e-008	-4.529766e-004	0.000000e+000
3.712376006559122e-008	-4.598715e-004	0.000000e+000
3.716245905913460e-008	-4.640540e-004	0.000000e+000
3.719379594433379e-008	-4.642982e-004	0.000000e+000
3.722868319057092e-008	-4.609060e-004	0.000000e+000
3.727201034541620e-008	-4.525470e-004	0.000000e+000
3.731403564598401e-008	-4.411802e-004	0.000000e+000
3.734408670657053e-008	-4.314649e-004	0.000000e+000
3.738057793888616e-008	-4.188550e-004	0.000000e+000
3.741644419705775e-008	-4.066988e-004	0.000000e+000
3.744761950587525e-008	-3.970235e-004	0.000000e+000
3.747583750454117e-008	-3.896377e-004	0.000000e+000
3.750815182051410e-008	-3.832307e-004	0.000000e+000
3.754042595139611e-008	-3.793048e-004	0.000000e+000
3.757451928490633e-008	-3.780901e-004	0.000000e+000
3.760800088213715e-008	-3.799141e-004	0.000000e+000
3.764600503637195e-008	-3.851456e-004	0.000000e+000
3.767586539440094e-008	-3.913157e-004	0.000000e+000
3.770393946822949e-008	-3.986233e-004	0.000000e+000
3.773706915114784e-008	-4.083410e-004	0.000000e+000
3.776736208574075e-008	-4.176538e-004	0.000000e+000
3.780139981999414e-008	-4.279207e-004	0.000000e+000
3.783510071970727e-008	-4.371224e-004	0.000000e+000
3.787147866881331e-008	-4.452124e-004	0.000000e+000
3.790896225498780e-008	-4.509418e-004	0.000000e+000
3.794636590135586e-008	-4.534881e-004	0.000000e+000
3.798648647137334e-008	-4.525307e-004	0.000000e+000
3.802738192462572e-008	-4.481592e-004	0.000000e+000
3.805380135977172e-008	-4.434325e-004	0.000000e+000
3.808963313697976e-008	-4.350624e-004	0.000000e+000
3.812233305475767e-008	-4.263331e-004	0.000000e+000
3.815534178333134e-008	-4.169941e-004	0.000000e+000
3.819503857201428e-008	-4.060181e-004	0.000000e+000
3.822983578626020e-008	-3.973906e-004	0.000000e+000
3.826474596462954e-008	-3.904749e-004	0.000000e+000
3.830346973285894e-008	-3.852003e-004	0.000000e+000
3.833425326226429e-008	-3.831183e-004	0.000000e+000
3.836360320135955e-008	-3.832789e-004	0.000000e+000
3.840006923274883e-008	-3.860123e-004	0.000000e+000
3.843539084511886e-008	-3.908728e-004	0.000000e+000
3.846560056705129e-008	-3.966475e-004	0.000000e+000
3.849985346888765e-008	-4.044423e-004	0.000000e+000
3.852334872596548e-008	-4.102549e-004	0.000000e+000
3.855382642343117e-008	-4.179580e-004	0.000000e+000
3.858730655094939e-008	-4.260468e-004	0.000000e+000
3.861990778259564e-008	-4.330045e-004	0.000000e+000
3.865605355886106e-008	-4.390805e-004	0.000000e+000
3.869340162033572e-008	-4.431800e-004	0.000000e+000
3.872811671676498e-008	-4.446859e-004	0.000000e+000
3.876131239817222e-008	-4.438401e-004	0.000000e+000
3.879696212757879e-008	-4.406395e-004	0.000000e+000
3.883045862328403e-008	-4.357312e-004	0.000000e+000
3.886641247098772e-008	-4.288277e-004	0.000000e+000
3.890241798234917e-008	-4.208693e-004	0.000000e+000
3.893120071806775e-008	-4.141298e-004	0.000000e+000
3.895564236664927e-008	-4.084529e-004	0.000000e+000
3.898516812022817e-008	-4.020646e-004	0.000000e+000
3.901907147078833e-008	-3.957223e-004	0.000000e+000
3.905308234909768e-008	-3.907066e-004	0.000000e+000
3.907951787524132e-008	-3.881262e-004	0.000000e+000
3.911315208580293e-008	-3.867417e-004	0.000000e+000
3.914955799282226e-008	-3.873803e-004	0.000000e+000
3.918517062807491e-008	-3.901233e-004	0.000000e+000
3.922024421249559e-008	-3.946690e-004	0.000000e+000
3.925551558729095e-008	-4.006386e-004	0.000000e+000
3.928512242199978e-008	-4.063901e-004	0.000000e+000
3.930766094277768e-008	-4.110371e-004	0.000000e+000
3.933337014298416e-008	-4.163490e-004	0.000000e+000
3.936089156221622e-008	-4.217490e-004	0.000000e+000
3.939243027449231e-008	-4.272112e-004	0.000000e+000
3.942945274158810e-008	-4.324078e-004	0.000000e+000
3.945667589657434e-008	-4.350299e-004	0.000000e+000
3.949165617965087e-008	-4.366320e-004	0.000000e+000
3.952477577098786e-008	-4.363563e-004	0.000000e+000
3.956377174773193e-008	-4.338376e-004	0.000000e+000
3.960104957255807e-008	-4.296291e-004	0.000000e+000
3.962900476140826e-008	-4.253952e-004	0.000000e+000
3.965767509800445e-008	-4.202966e-004	0.000000e+000
3.969636170862556e-008	-4.129213e-004	0.000000e+000
3.973141836625222e-008	-4.062979e-004	0.000000e+000
3.977242735084337e-008	-3.992663e-004	0.000000e+000
3.981112789463337e-008	-3.937926e-004	0.000000e+000
3.983929992702677e-008	-3.909655e-004	0.000000e+000
3.987429630100808e-008	-3.891051e-004	0.000000e+000
3.991111870907257e-008	-3.889400e-004	0.000000e+000
3.994505869862539e-008	-3.904419e-004	0.000000e+000
3.997594411343100e-008	-3.931684e-004	0.000000e+000
4.001047330995161e-008	-3.974450e-004	0.000000e+000
4.004513817236145e-008	-4.026157e-004	0.000000e+000
4.008003129211059e-008	-4.082891e-004	0.000000e+000
4.012091195215238e-008	-4.148483e-004	0.000000e+000
4.016466115769870e-008	-4.211556e-004	0.000000e+000
4.019481122859198e-008	-4.245933e-004	0.000000e+000
4.023101770672957e-008	-4.273231e-004	0.000000e+000
4.026470315484991e-008	-4.284704e-004	0.000000e+000
4.029468532193153e-008	-4.281531e-004	0.000000e+000
4.032801309430384e-008	-4.263910e-004	0.000000e+000
4.035884432479528e-008	-4.235321e-004	0.000000e+000
4.039842625149364e-008	-4.184863e-004	0.000000e+000
4.043521967632926e-008	-4.128802e-004	0.000000e+000
4.046976889845011e-008	-4.071392e-004	0.000000e+000
4.050541621892126e-008	-4.012310e-004	0.000000e+000
4.054559327721224e-008	-3.951088e-004	0.000000e+000
4.058135454603588e-008	-3.905758e-004	0.000000e+000
4.061925643519150e-008	-3.870839e-004	0.000000e+000
4.065491424536661e-008	-3.852804e-004	0.000000e+000
4.069762792857166e-008	-3.850021e-004	0.000000e+000
4.073662856025482e-008	-3.863705e-004	0.000000e+000
4.077590972055747e-008	-3.891275e-004	0.000000e+000
4.081210098754871e-008	-3.925186e-004	0.000000e+000
4.084817411562509e-008	-3.963115e-004	0.000000e+000
4.088179093249671e-008	-3.998133e-004	0.000000e+000
4.091588334449569e-008	-4.029927e-004	0.000000e+000
4.094291052152829e-008	-4.049787e-004	0.000000e+000
4.097343468433724e-008	-4.064338e-004	0.000000e+000
4.100142708993344e-008	-4.068569e-004	0.000000e+000
4.103796506633489e-008	-4.059891e-004	0.000000e+000
4.107441636775989e-008	-4.035618e-004	0.000000e+000
4.111241324206305e-008	-3.993701e-004	0.000000e+000
4.114681925887506e-008	-3.942290e-004	0.000000e+000
4.118128497801102e-008	-3.879802e-004	0.000000e+000
4.121392576588427e-008	-3.813176e-004	0.000000e+000
4.124711531260126e-008	-3.740785e-004	0.000000e+000
4.128182525568253e-008	-3.663506e-004	0.000000e+000
4.132052617393006e-008	-3.579358e-004	0.000000e+000
4.136169677130413e-008	-3.495919e-004	0.000000e+000
4.140369089521689e-008	-3.420077e-004	0.000000e+000
4.144314276372885e-008	-3.358620e-004	0.000000e+000
4.147654207715549e-008	-3.314447e-004	0.000000e+000
4.150970104398313e-008	-3.276946e-004	0.000000e+000
4.154504690739011e-008	-3.241429e-004	0.000000e+000
4.157710351635476e-008	-3.210866e-004	0.000000e+000
4.161087818321170e-008	-3.177316e-004	0.000000e+000
4.164793554315548e-008	-3.135370e-004	0.000000e+000
4.168141127493127e-008	-3.089030e-004	0.000000e+000
4.171931359843876e-008	-3.022707e-004	0.000000e+000
4.175807049370009e-008	-2.935732e-004	0.000000e+000
4.180429160404581e-008	-2.804271e-004	0.000000e+000
4.184705753260080e-008	-2.654170e-004	0.000000e+000
4.188986013404184e-008	-2.475833e-004	0.000000e+000
4.192424092503997e-008	-2.312575e-004	0.000000e+000
4.195771884197464e-008	-2.137066e-004	0.000000e+000
4.198904017050675e-008	-1.960007e-004	0.000000e+000
4.202611991162060e-008	-1.737286e-004	0.000000e+000
4.206489513251753e-008	-1.493232e-004	0.000000e+000
4.210121364611727e-008	-1.256536e-004	0.000000e+000
4.213187314025406e-008	-1.051761e-004	0.000000e+000
4.216435653736144e-008	-8.309215e-005	0.000000e+000
4.219799562615338e-008	-5.985451e-005	0.000000e+000
4.224121880030930e-008	-2.947877e-005	0.000000e+000
4.227583052743768e-008	-4.602072e-006	0.000000e+000
4.231440789073304e-008	2.399340e-005	0.000000e+000
4.235362929165932e-008	5.418625e-005	0.000000e+000
4.238578145054420e-008	8.008198e-005	0.000000e+000
4.241583009215370e-008	1.055292e-004	0.000000e+000
4.244605988922839e-008	1.325581e-004	0.000000e+000
4.247895184893466e-008	1.637265e-004	0.000000e+000
4.251031297130339e-008	1.953720e-004	0.000000e+000
4.254500599159745e-008	2.326788e-004	0.000000e+000
4.257591709114654e-008	2.681043e-004	0.000000e+000
4.261109365986873e-008	3.110079e-004	0.000000e+000
4.264570996177035e-008	3.557112e-004	0.000000e+000
4.267837168198432e-008	4.002514e-004	0.000000e+000
4.271632017248021e-008	4.545534e-004	0.000000e+000
4.275173011169915e-008	5.073399e-004	0.000000e+000
4.278498669283344e-008	5.586453e-004	0.000000e+000
4.281721323974364e-008	6.097265e-004	0.000000e+000
4.285288160036840e-008	6.674831e-004	0.000000e+000
4.289131821865220e-008	7.307637e-004	0.000000e+000
4.293576836917725e-008	8.048089e-004	0.000000e+000
4.297201916476251e-008	8.656334e-004	0.000000e+000
4.301254063630542e-008	9.338790e-004	0.000000e+000
4.304412048129910e-008	9.871321e-004	0.000000e+000
4.307822718358846e-008	1.044657e-003	0.000000e+000
4.311141377284737e-008	1.100614e-003	0.000000e+000
4.314836930048373e-008	1.162900e-003	0.000000e+000
4.318272267821596e-008	1.220770e-003	0.000000e+000
4.322645237942882e-008	1.294366e-003	0.000000e+000
4.326050806233414e-008	1.351553e-003	0.000000e+000
4.330065467645101e-008	1.418647e-003	0.000000e+000
4.334029870294935e-008	1.484343e-003	0.000000e+000
4.337574163273636e-008	1.542277e-003	0.000000e+000
4.340974014399943e-008	1.596764e-003	0.000000e+000
4.344212249822119e-008	1.647272e-003	0.000000e+000
4.347568646263279e-008	1.697791e-003	0.000000e+000
4.350702511782863e-008	1.742819e-003	0.000000e+000
4.353968548661111e-008	1.786996e-003	0.000000e+000
4.357319663331716e-008	1.828994e-003	0.000000e+000
4.360565582989000e-008	1.865979e-003	0.000000e+000
4.363579869564703e-008	1.896421e-003	0.000000e+000
4.366839850551736e-008	1.924323e-003	0.000000e+000
4.370905147714053e-008	1.951967e-003	0.000000e+000
4.374642051125411e-008	1.969632e-003	0.000000e+000
4.378788889646905e-008	1.979195e-003	0.000000e+000
4.383347655895559e-008	1.977858e-003	0.000000e+000
4.387544494220680e-008	1.965123e-003	0.000000e+000
4.391373341020181e-008	1.943013e-003	0.000000e+000
4.394905269475763e-008	1.913030e-003	0.000000e+000
4.398823152945107e-008	1.869233e-003	0.000000e+000
4.402517058766755e-008	1.817965e-003	0.000000e+000
4.406102608281509e-008	1.758664e-003	0.000000e+000
4.409162498306105e-008	1.700290e-003	0.000000e+000
4.412188130340931e-008	1.635019e-003	0.000000e+000
4.415430222719186e-008	1.556923e-003	0.000000e+000
4.418881949646482e-008	1.464610e-003	0.000000e+000
4.422421618498656e-008	1.359907e-003	0.000000e+000
4.426102331548631e-008	1.239663e-003	0.000000e+000
4.430330937271693e-008	1.087453e-003	0.000000e+000
4.434715266528170e-008	9.153238e-004	0.000000e+000
4.437839842443075e-008	7.827785e-004	0.000000e+000
4.441010517482304e-008	6.388830e-004	0.000000e+000
4.444414487110612e-008	4.753355e-004	0.000000e+000
4.447602377250675e-008	3.135696e-004	0.000000e+000
4.451295196650631e-008	1.160810e-004	0.000000e+000
4.455282093316178e-008	-1.072713e-004	0.000000e+000
4.458492138638461e-008	-2.946076e-004	0.000000e+000
4.461581449821706e-008	-4.812268e-004	0.000000e+000
4.464843953238275e-008	-6.838002e-004	0.000000e+000
4.467971767348223e-008	-8.825106e-004	0.000000e+000
4.471212990052365e-008	-1.092418e-003	0.000000e+000
4.475224574443730e-008	-1.356001e-003	0.000000e+000
4.479388701774848e-008	-1.632028e-003	0.000000e+000
4.482988712472817e-008	-1.871290e-003	0.000000e+000
4.486431381292801e-008	-2.099125e-003	0.000000e+000
4.490273128545149e-008	-2.350820e-003	0.000000e+000
4.493413161337797e-008	-2.553355e-003	0.000000e+000
4.496529467017565e-008	-2.750150e-003	0.000000e+000
4.499799523248360e-008	-2.951384e-003	0.000000e+000
4.502901423734112e-008	-3.136361e-003	0.000000e+000
4.505948240925020e-008	-3.311162e-003	0.000000e+000
4.509338420831512e-008	-3.496933e-003	0.000000e+000
4.512614101195494e-008	-3.666633e-003	0.000000e+000
4.516143098497988e-008	-3.837152e-003	0.000000e+000
4.519856875092097e-008	-4.001713e-003	0.000000e+000
4.523800100917832e-008	-4.158650e-003	0.000000e+000
4.527520642319657e-008	-4.289031e-003	0.000000e+000
4.530669677055102e-008	-4.383560e-003	0.000000e+000
4.534126933169945e-008	-4.469519e-003	0.000000e+000
4.537525430409928e-008	-4.535445e-003	0.000000e+000
4.541239212213346e-008	-4.585383e-003	0.000000e+000
4.544907615412503e-008	-4.612118e-003	0.000000e+000
4.548248976954912e-008	-4.615588e-003	0.000000e+000
4.551368682138348e-008	-4.599819e-003	0.000000e+000
4.554368638675542e-008	-4.566126e-003	0.000000e+000
4.557942580334552e-008	-4.502624e-003	0.000000e+000
4.561875332432239e-008	-4.404701e-003	0.000000e+000
4.566189156082710e-008	-4.264885e-003	0.000000e+000
4.570081270660146e-008	-4.110928e-003	0.000000e+000
4.573124093772631e-008	-3.970289e-003	0.000000e+000
4.576428581653167e-008	-3.798180e-003	0.000000e+000
4.579480873036091e-008	-3.622921e-003	0.000000e+000
4.582803685890905e-008	-3.415099e-003	0.000000e+000
4.586055477216528e-008	-3.196403e-003	0.000000e+000
4.589193628915095e-008	-2.971892e-003	0.000000e+000
4.592075124966823e-008	-2.754659e-003	0.000000e+000
4.595321394093995e-008	-2.498906e-003	0.000000e+000
4.598496954823219e-008	-2.239390e-003	0.000000e+000
4.601652751828347e-008	-1.973214e-003	0.000000e+000
4.605513227130901e-008	-1.639443e-003	0.000000e+000
4.609208114607393e-008	-1.314361e-003	0.000000e+000
4.612767662235141e-008	-9.980149e-004	0.000000e+000
4.616529489437161e-008	-6.631124e-004	0.000000e+000
4.620072231109562e-008	-3.497053e-004	0.000000e+000
4.623637815387154e-008	-3.862071e-005	0.000000e+000
4.626965948070619e-008	2.455207e-004	0.000000e+000
4.630465934668649e-008	5.359894e-004	0.000000e+000
4.633481262931457e-008	7.772165e-004	0.000000e+000
4.637010997375922e-008	1.047533e-003	0.000000e+000
4.639962444766989e-008	1.262479e-003	0.000000e+000
4.642854009792097e-008	1.460870e-003	0.000000e+000
4.645933448156760e-008	1.658340e-003	0.000000e+000
4.648987398722483e-008	1.838805e-003	0.000000e+000
4.652320905232240e-008	2.016120e-003	0.000000e+000
4.656286196634510e-008	2.200522e-003	0.000000e+000
4.660194700710086e-008	2.353560e-003	0.000000e+000
4.663832149546190e-008	2.466320e-003	0.000000e+000
4.668062489901923e-008	2.563556e-003	0.000000e+000
4.671270666956949e-008	2.611437e-003	0.000000e+000
4.674952852434209e-008	2.637218e-003	0.000000e+000
4.678233160841958e-008	2.636171e-003	0.000000e+000
4.681413940670287e-008	2.612273e-003	0.000000e+000
4.684580316919764e-008	2.567327e-003	0.000000e+000
4.687625572586292e-008	2.505118e-003	0.000000e+000
4.690461181017346e-008	2.430349e-003	0.000000e+000
4.693606122219619e-008	2.329859e-003	0.000000e+000
4.696704667130654e-008	2.214044e-003	0.000000e+000
4.700311513619675e-008	2.060566e-003	0.000000e+000
4.703635820119774e-008	1.903005e-003	0.000000e+000
4.707489593677407e-008	1.703547e-003	0.000000e+000
4.711017483235490e-008	1.508351e-003	0.000000e+000
4.714363138854770e-008	1.313616e-003	0.000000e+000
4.717703185535783e-008	1.112362e-003	0.000000e+000
4.721050029783315e-008	9.062429e-004	0.000000e+000
4.724705142388818e-008	6.788375e-004	0.000000e+000
4.728169773819060e-008	4.635750e-004	0.000000e+000
4.731572566049759e-008	2.545592e-004	0.000000e+000
4.734409345784549e-008	8.387176e-005	0.000000e+000
4.737286564677294e-008	-8.424624e-005	0.000000e+000
4.740353998140648e-008	-2.565832e-004	0.000000e+000
4.743738590883733e-008	-4.373473e-004	0.000000e+000
4.746946630159714e-008	-5.981574e-004	0.000000e+000
4.750096345321263e-008	-7.445052e-004	0.000000e+000
4.753085136218320e-008	-8.714416e-004	0.000000e+000
4.756296404569253e-008	-9.941711e-004	0.000000e+000
4.759336829218222e-008	-1.095355e-003	0.000000e+000
4.763534095934005e-008	-1.211287e-003	0.000000e+000
4.767736407195286e-008	-1.303105e-003	0.000000e+000
4.770713950857995e-008	-1.350904e-003	0.000000e+000
4.773498036562499e-008	-1.380791e-003	0.000000e+000
4.776372428832368e-008	-1.398094e-003	0.000000e+000
4.779120873301241e-008	-1.401453e-003	0.000000e+000
4.782445031177077e-008	-1.389596e-003	0.000000e+000
4.785458712793857e-008	-1.364557e-003	0.000000e+000
4.788628006884121e-008	-1.323091e-003	0.000000e+000
4.792051760518218e-008	-1.262684e-003	0.000000e+000
4.795643465809571e-008	-1.183442e-003	0.000000e+000
4.799401683989614e-008	-1.085368e-003	0.000000e+000
4.802780841614973e-008	-9.854110e-004	0.000000e+000
4.806072407219613e-008	-8.784358e-004	0.000000e+000
4.809681540156630e-008	-7.527102e-004	0.000000e+000
4.813824851728745e-008	-6.012774e-004	0.000000e+000
4.817234791343862e-008	-4.730203e-004	0.000000e+000
4.820033922479356e-008	-3.664697e-004	0.000000e+000
4.823023243361044e-008	-2.529262e-004	0.000000e+000
4.825731199074901e-008	-1.514248e-004	0.000000e+000
4.828563377976250e-008	-4.780041e-005	0.000000e+000
4.831642553316924e-008	6.064349e-005	0.000000e+000
4.835340674604559e-008	1.839572e-004	0.000000e+000
4.838970126713898e-008	2.961754e-004	0.000000e+000
4.842778122530720e-008	4.031296e-004	0.000000e+000
4.846143961957144e-008	4.871298e-004	0.000000e+000
4.849716972349770e-008	5.643260e-004	0.000000e+000
4.853273759295964e-008	6.285098e-004	0.000000e+000
4.857214475678654e-008	6.846144e-004	0.000000e+000
4.861194872639946e-008	7.264545e-004	0.000000e+000
4.864329220404929e-008	7.480859e-004	0.000000e+000
4.867566070965354e-008	7.598391e-004	0.000000e+000
4.870461364354266e-008	7.619563e-004	0.000000e+000
4.873395507499122e-008	7.558958e-004	0.000000e+000
4.876687397734219e-008	7.399972e-004	0.000000e+000
4.880655108583365e-008	7.098458e-004	0.000000e+000
4.884759867893513e-008	6.678858e-004	0.000000e+000
4.888455212043292e-008	6.215467e-004	0.000000e+000
4.891858014098275e-008	5.724945e-004	0.000000e+000
4.895140340417060e-008	5.205018e-004	0.000000e+000
4.898221647280304e-008	4.683746e-004	0.000000e+000
4.901544860626624e-008	4.095763e-004	0.000000e+000
4.904859981339087e-008	3.493289e-004	0.000000e+000
4.907609931063109e-008	2.987436e-004	0.000000e+000
4.910401486014516e-008	2.474425e-004	0.000000e+000
4.913311499728484e-008	1.946641e-004	0.000000e+000
4.916394923983769e-008	1.401118e-004	0.000000e+000
4.919389561235941e-008	8.919890e-005	0.000000e+000
4.922985512849031e-008	3.131204e-005	0.000000e+000
4.926241916106310e-008	-1.734021e-005	0.000000e+000
4.930058549197600e-008	-6.904479e-005	0.000000e+000
4.933828504620198e-008	-1.143965e-004	0.000000e+000
4.937238338676627e-008	-1.496338e-004	0.000000e+000
4.941212445980854e-008	-1.841154e-004	0.000000e+000
4.944226649383518e-008	-2.054214e-004	0.000000e+000
4.947484394366666e-008	-2.233508e-004	0.000000e+000
4.950757090491485e-008	-2.368343e-004	0.000000e+000
4.953632500587764e-008	-2.449309e-004	0.000000e+000
4.956603004029438e-008	-2.497726e-004	0.000000e+000
4.959608190853506e-008	-2.515026e-004	0.000000e+000
4.962618604499298e-008	-2.502769e-004	0.000000e+000
4.966099942336490e-008	-2.458193e-004	0.000000e+000
4.969370600850538e-008	-2.391808e-004	0.000000e+000
4.972692621666515e-008	-2.303413e-004	0.000000e+000
4.976280916662523e-008	-2.190831e-004	0.000000e+000
4.979513320748209e-008	-2.077974e-004	0.000000e+000
4.983286040465464e-008	-1.937099e-004	0.000000e+000
4.986818792180532e-008	-1.800253e-004	0.000000e+000
4.989691477704565e-008	-1.686844e-004	0.000000e+000
4.992803818744056e-008	-1.563057e-004	0.000000e+000
4.995789114270755e-008	-1.444018e-004	0.000000e+000
4.999217554168703e-008	-1.307093e-004	0.000000e+000
5.000000000000000e-008	-1.275791e-004	0.000000e+000
