time	V(-1)	V(1)
0.000000000000000e+000	0.000000e+000	0.000000e+000
2.929687488293547e-015	0.000000e+000	3.906250e-007
5.859374976587093e-015	0.000000e+000	7.812500e-007
6.862165151151572e-012	0.000000e+000	9.149554e-004
1.371847092732656e-011	0.000000e+000	1.829129e-003
2.057477670350154e-011	0.000000e+000	2.743304e-003
2.743108247967653e-011	0.000000e+000	3.657478e-003
3.428738825585152e-011	0.000000e+000	4.571652e-003
4.114369403202650e-011	0.000000e+000	5.485826e-003
4.799999980820147e-011	0.000000e+000	6.400000e-003
9.599999961640293e-011	0.000000e+000	1.280000e-002
1.405262344329126e-010	0.000000e+000	1.873683e-002
1.785059116298708e-010	0.000000e+000	2.380079e-002
2.136788455617211e-010	0.000000e+000	2.849051e-002
2.527557424724231e-010	0.000000e+000	3.370076e-002
2.933345759765085e-010	0.000000e+000	3.911128e-002
3.430691828226491e-010	0.000000e+000	4.574256e-002
3.984225591551467e-010	0.000000e+000	5.312301e-002
4.652177047774925e-010	0.000000e+000	6.202903e-002
5.410583380817362e-010	0.000000e+000	7.214111e-002
6.315786877276929e-010	0.000000e+000	8.421049e-002
7.091269117124042e-010	0.000000e+000	9.455025e-002
7.847220122059452e-010	0.000000e+000	1.046296e-001
8.661217263367356e-010	0.000000e+000	1.154829e-001
9.546936759995205e-010	0.000000e+000	1.272925e-001
1.052790516676659e-009	0.000000e+000	1.403721e-001
1.160799101946564e-009	0.000000e+000	1.547732e-001
1.280738081661964e-009	0.000000e+000	1.707651e-001
1.413498624721887e-009	0.000000e+000	1.884665e-001
1.533162657991335e-009	0.000000e+000	2.044217e-001
1.651207382551157e-009	0.000000e+000	2.201610e-001
1.778437817313175e-009	0.000000e+000	2.371250e-001
1.913227716743336e-009	0.000000e+000	2.550970e-001
2.060435016874990e-009	0.000000e+000	2.747247e-001
2.218522987712806e-009	0.000000e+000	2.958031e-001
2.359634470958143e-009	0.000000e+000	3.146179e-001
2.507589179811450e-009	0.000000e+000	3.343452e-001
2.659730413391205e-009	0.000000e+000	3.546307e-001
2.824137567500453e-009	0.000000e+000	3.765517e-001
2.997250482815756e-009	0.000000e+000	3.996334e-001
3.184406470073660e-009	0.000000e+000	4.245875e-001
3.355800880419798e-009	0.000000e+000	4.474401e-001
3.531881182923903e-009	0.000000e+000	4.709175e-001
3.714135767029218e-009	0.000000e+000	4.952181e-001
3.907768123884371e-009	0.000000e+000	5.210357e-001
4.111847064043411e-009	0.000000e+000	5.482463e-001
4.319496568197997e-009	0.000000e+000	5.759329e-001
4.507673618742228e-009	0.000000e+000	6.010231e-001
4.718423381749337e-009	0.000000e+000	6.291231e-001
4.926307868349820e-009	0.000000e+000	6.568410e-001
5.155929559347762e-009	0.000000e+000	6.874573e-001
5.373443570145619e-009	0.000000e+000	7.164592e-001
5.588346700420950e-009	0.000000e+000	7.451129e-001
5.814190418954913e-009	0.000000e+000	7.752254e-001
6.047413066063950e-009	0.000000e+000	8.063217e-001
6.265236679570395e-009	0.000000e+000	8.353649e-001
6.504175623831078e-009	0.000000e+000	8.672234e-001
6.730766896625684e-009	0.000000e+000	8.974356e-001
6.981652121198541e-009	0.000000e+000	9.308869e-001
7.231214893620990e-009	0.000000e+000	9.641620e-001
7.264262920500520e-009	0.000000e+000	9.685684e-001
7.330358974259580e-009	0.000000e+000	9.773812e-001
7.367807892481879e-009	0.000000e+000	9.823744e-001
7.425102163555401e-009	0.000000e+000	9.900136e-001
7.499999999999999e-009	0.000000e+000	1.000000e+000
7.507489783644459e-009	0.000000e+000	1.000000e+000
7.522469350933378e-009	0.000000e+000	1.000000e+000
7.552428485511218e-009	0.000000e+000	1.000000e+000
7.612346754666896e-009	0.000000e+000	1.000000e+000
7.732183292978252e-009	0.000000e+000	1.000000e+000
7.971856369600966e-009	0.000000e+000	1.000000e+000
8.205457041848764e-009	0.000000e+000	1.000000e+000
8.439765899353689e-009	0.000000e+000	1.000000e+000
8.714109066734493e-009	0.000000e+000	1.000000e+000
8.963849425791099e-009	0.000000e+000	1.000000e+000
9.249470070665510e-009	0.000000e+000	1.000000e+000
9.524979631448530e-009	0.000000e+000	1.000000e+000
9.817948381448530e-009	0.000000e+000	1.000000e+000
1.008574524311839e-008	0.000000e+000	1.000000e+000
1.037871399311839e-008	0.000000e+000	1.000000e+000
1.067113056582232e-008	0.000000e+000	1.000000e+000
1.096409931582232e-008	0.000000e+000	1.000000e+000
1.125174146713749e-008	0.000000e+000	1.000000e+000
1.154471021713749e-008	0.000000e+000	1.000000e+000
1.183767896713749e-008	0.000000e+000	1.000000e+000
1.213064771713749e-008	0.000000e+000	1.000000e+000
1.242361646713749e-008	0.000000e+000	1.000000e+000
1.271658521713749e-008	0.000000e+000	1.000000e+000
1.300955396713749e-008	0.000000e+000	1.000000e+000
1.330252271713749e-008	0.000000e+000	1.000000e+000
1.359549146713749e-008	0.000000e+000	1.000000e+000
1.388846021713749e-008	0.000000e+000	1.000000e+000
1.418142896713749e-008	0.000000e+000	1.000000e+000
1.447439771713749e-008	0.000000e+000	1.000000e+000
1.476736646713749e-008	0.000000e+000	1.000000e+000
1.506033521713749e-008	0.000000e+000	1.000000e+000
1.535330396713749e-008	0.000000e+000	1.000000e+000
1.564627271713749e-008	0.000000e+000	1.000000e+000
1.593924146713749e-008	0.000000e+000	1.000000e+000
1.623221021713749e-008	0.000000e+000	1.000000e+000
1.652517896713749e-008	0.000000e+000	1.000000e+000
1.681814771713749e-008	0.000000e+000	1.000000e+000
1.711111646713749e-008	0.000000e+000	1.000000e+000
1.740408521713749e-008	0.000000e+000	1.000000e+000
1.769705396713749e-008	0.000000e+000	1.000000e+000
1.799002271713750e-008	0.000000e+000	1.000000e+000
1.828299146713750e-008	0.000000e+000	1.000000e+000
1.857596021713750e-008	0.000000e+000	1.000000e+000
1.886892896713750e-008	0.000000e+000	1.000000e+000
1.916189771713750e-008	0.000000e+000	1.000000e+000
1.945486646713750e-008	0.000000e+000	1.000000e+000
1.974783521713750e-008	0.000000e+000	1.000000e+000
2.004080396713750e-008	0.000000e+000	1.000000e+000
2.033377271713750e-008	0.000000e+000	1.000000e+000
2.062674146713750e-008	0.000000e+000	1.000000e+000
2.091971021713750e-008	0.000000e+000	1.000000e+000
2.121267896713750e-008	0.000000e+000	1.000000e+000
2.150564771713750e-008	0.000000e+000	1.000000e+000
2.179861646713750e-008	0.000000e+000	1.000000e+000
2.209158521713750e-008	0.000000e+000	1.000000e+000
2.238455396713750e-008	0.000000e+000	1.000000e+000
2.267752271713750e-008	0.000000e+000	1.000000e+000
2.297049146713750e-008	0.000000e+000	1.000000e+000
2.326346021713750e-008	0.000000e+000	1.000000e+000
2.355642896713750e-008	0.000000e+000	1.000000e+000
2.384939771713751e-008	0.000000e+000	1.000000e+000
2.414236646713751e-008	0.000000e+000	1.000000e+000
2.443533521713751e-008	0.000000e+000	1.000000e+000
2.472830396713751e-008	0.000000e+000	1.000000e+000
2.502127271713751e-008	0.000000e+000	1.000000e+000
2.531424146713751e-008	0.000000e+000	1.000000e+000
2.560721021713751e-008	0.000000e+000	1.000000e+000
2.590017896713751e-008	0.000000e+000	1.000000e+000
2.619314771713751e-008	0.000000e+000	1.000000e+000
2.648611646713751e-008	0.000000e+000	1.000000e+000
2.677908521713751e-008	0.000000e+000	1.000000e+000
2.707205396713751e-008	0.000000e+000	1.000000e+000
2.736502271713751e-008	0.000000e+000	1.000000e+000
2.765799146713751e-008	0.000000e+000	1.000000e+000
2.795096021713751e-008	0.000000e+000	1.000000e+000
2.824392896713751e-008	0.000000e+000	1.000000e+000
2.853689771713751e-008	0.000000e+000	1.000000e+000
2.882986646713751e-008	0.000000e+000	1.000000e+000
2.912283521713751e-008	0.000000e+000	1.000000e+000
2.941580396713751e-008	0.000000e+000	1.000000e+000
2.970877271713752e-008	0.000000e+000	1.000000e+000
3.000174146713751e-008	0.000000e+000	1.000000e+000
3.029471021713751e-008	1.401298e-045	1.000000e+000
3.058767896713751e-008	4.203895e-045	1.000000e+000
3.088064771713751e-008	1.121039e-044	1.000000e+000
3.117361646713751e-008	3.082857e-044	1.000000e+000
3.146658521713752e-008	8.267661e-044	1.000000e+000
3.175955396713752e-008	2.172013e-043	1.000000e+000
3.205252271713752e-008	5.689272e-043	1.000000e+000
3.234549146713752e-008	1.474166e-042	1.000000e+000
3.263846021713752e-008	3.787710e-042	1.000000e+000
3.293142896713752e-008	9.653545e-042	1.000000e+000
3.322439771713752e-008	2.440642e-041	1.000000e+000
3.351736646713752e-008	6.121432e-041	1.000000e+000
3.381033521713752e-008	1.523310e-040	1.000000e+000
3.410330396713752e-008	3.761491e-040	1.000000e+000
3.439627271713752e-008	9.217349e-040	1.000000e+000
3.468924146713752e-008	2.241654e-039	1.000000e+000
3.498221021713752e-008	5.411149e-039	1.000000e+000
3.527517896713752e-008	1.296609e-038	1.000000e+000
3.556814771713752e-008	3.084375e-038	1.000000e+000
3.586111646713752e-008	7.284542e-038	1.000000e+000
3.615408521713752e-008	1.708253e-037	1.000000e+000
3.644705396713752e-008	3.977900e-037	1.000000e+000
3.674002271713752e-008	9.199063e-037	1.000000e+000
3.703299146713752e-008	2.112793e-036	1.000000e+000
3.732596021713753e-008	4.819792e-036	1.000000e+000
3.761892896713753e-008	1.092174e-035	1.000000e+000
3.791189771713753e-008	2.458561e-035	1.000000e+000
3.820486646713753e-008	5.498295e-035	1.000000e+000
3.849783521713753e-008	1.221701e-034	1.000000e+000
3.879080396713753e-008	2.697263e-034	1.000000e+000
3.908377271713753e-008	5.917433e-034	1.000000e+000
3.937674146713753e-008	1.290106e-033	1.000000e+000
3.966971021713753e-008	2.795300e-033	1.000000e+000
3.996267896713753e-008	6.019658e-033	1.000000e+000
4.025564771713753e-008	1.288498e-032	1.000000e+000
4.054861646713753e-008	2.741521e-032	1.000000e+000
4.084158521713753e-008	5.798596e-032	1.000000e+000
4.113455396713753e-008	1.219282e-031	1.000000e+000
4.142752271713753e-008	2.548953e-031	1.000000e+000
4.172049146713753e-008	5.298112e-031	1.000000e+000
4.201346021713753e-008	1.094984e-030	1.000000e+000
4.230642896713753e-008	2.250327e-030	1.000000e+000
4.259939771713753e-008	4.598963e-030	1.000000e+000
4.289236646713753e-008	9.347035e-030	1.000000e+000
4.318533521713754e-008	1.889344e-029	1.000000e+000
4.347830396713754e-008	3.798343e-029	1.000000e+000
4.377127271713754e-008	7.595316e-029	1.000000e+000
4.406424146713754e-008	1.510735e-028	1.000000e+000
4.435721021713754e-008	2.989118e-028	1.000000e+000
4.465017896713754e-008	5.883442e-028	1.000000e+000
4.494314771713754e-008	1.152059e-027	1.000000e+000
4.523611646713754e-008	2.244361e-027	1.000000e+000
4.552908521713754e-008	4.350171e-027	1.000000e+000
4.582205396713754e-008	8.389481e-027	1.000000e+000
4.611502271713754e-008	1.609898e-026	1.000000e+000
4.640799146713754e-008	3.074083e-026	1.000000e+000
4.670096021713754e-008	5.841244e-026	1.000000e+000
4.699392896713754e-008	1.104552e-025	1.000000e+000
4.728689771713754e-008	2.078625e-025	1.000000e+000
4.757986646713754e-008	3.893080e-025	1.000000e+000
4.787283521713754e-008	7.256964e-025	1.000000e+000
4.816580396713754e-008	1.346413e-024	1.000000e+000
4.845877271713754e-008	2.486456e-024	1.000000e+000
4.875174146713754e-008	4.570654e-024	1.000000e+000
4.904471021713755e-008	8.363495e-024	1.000000e+000
4.933767896713755e-008	1.523439e-023	1.000000e+000
4.963064771713755e-008	2.762524e-023	1.000000e+000
4.992361646713755e-008	4.987078e-023	1.000000e+000
5.021658521713755e-008	8.963154e-023	1.000000e+000
5.050955396713755e-008	1.603855e-022	1.000000e+000
5.080252271713755e-008	2.857417e-022	1.000000e+000
5.109549146713755e-008	5.068750e-022	1.000000e+000
5.138846021713755e-008	8.952851e-022	1.000000e+000
5.168142896713755e-008	1.574595e-021	1.000000e+000
5.197439771713755e-008	2.757640e-021	1.000000e+000
5.226736646713755e-008	4.809288e-021	1.000000e+000
5.256033521713755e-008	8.352413e-021	1.000000e+000
5.285330396713755e-008	1.444588e-020	1.000000e+000
5.314627271713755e-008	2.488229e-020	1.000000e+000
5.343924146713755e-008	4.268381e-020	1.000000e+000
5.373221021713755e-008	7.292480e-020	1.000000e+000
5.402517896713755e-008	1.240906e-019	1.000000e+000
5.431814771713755e-008	2.103129e-019	1.000000e+000
5.461111646713755e-008	3.550327e-019	1.000000e+000
5.490408521713756e-008	5.969777e-019	1.000000e+000
5.519705396713756e-008	9.998766e-019	1.000000e+000
5.549002271713756e-008	1.668187e-018	1.000000e+000
5.578299146713756e-008	2.772452e-018	1.000000e+000
5.607596021713756e-008	4.590028e-018	1.000000e+000
5.636892896713756e-008	7.570235e-018	1.000000e+000
5.666189771713756e-008	1.243818e-017	1.000000e+000
5.695486646713756e-008	2.035954e-017	1.000000e+000
5.724783521713756e-008	3.320113e-017	1.000000e+000
5.754080396713756e-008	5.394137e-017	1.000000e+000
5.783377271713756e-008	8.731421e-017	1.000000e+000
5.812674146713756e-008	1.408158e-016	1.000000e+000
5.841971021713756e-008	2.262722e-016	1.000000e+000
5.871267896713756e-008	3.622709e-016	1.000000e+000
5.900564771713756e-008	5.779198e-016	1.000000e+000
5.929861646713756e-008	9.186341e-016	1.000000e+000
5.959158521713756e-008	1.455015e-015	1.000000e+000
5.988455396713756e-008	2.296417e-015	1.000000e+000
6.017752271713756e-008	3.611614e-015	1.000000e+000
6.047049146713755e-008	5.660146e-015	1.000000e+000
6.076346021713755e-008	8.839710e-015	1.000000e+000
6.105642896713754e-008	1.375753e-014	1.000000e+000
6.134939771713753e-008	2.133749e-014	1.000000e+000
6.164236646713753e-008	3.298027e-014	1.000000e+000
6.193533521713752e-008	5.080203e-014	1.000000e+000
6.222830396713752e-008	7.798866e-014	1.000000e+000
6.252127271713751e-008	1.193199e-013	1.000000e+000
6.281424146713750e-008	1.819419e-013	1.000000e+000
6.310721021713750e-008	2.765019e-013	1.000000e+000
6.340017896713749e-008	4.188091e-013	1.000000e+000
6.369314771713748e-008	6.322573e-013	1.000000e+000
6.398611646713748e-008	9.513450e-013	1.000000e+000
6.427908521713747e-008	1.426775e-012	1.000000e+000
6.457205396713747e-008	2.132812e-012	1.000000e+000
6.486502271713746e-008	3.177868e-012	1.000000e+000
6.515799146713745e-008	4.719670e-012	1.000000e+000
6.545096021713745e-008	6.986927e-012	1.000000e+000
6.574392896713744e-008	1.031016e-011	1.000000e+000
6.603689771713744e-008	1.516546e-011	1.000000e+000
6.632986646713743e-008	2.223629e-011	1.000000e+000
6.662283521713742e-008	3.250060e-011	1.000000e+000
6.691580396713742e-008	4.735309e-011	1.000000e+000
6.720877271713741e-008	6.877628e-011	1.000000e+000
6.750174146713741e-008	9.957900e-011	1.000000e+000
6.779471021713740e-008	1.437278e-010	1.000000e+000
6.808767896713739e-008	2.068060e-010	1.000000e+000
6.838064771713739e-008	2.966468e-010	1.000000e+000
6.867361646713738e-008	4.242044e-010	1.000000e+000
6.896658521713737e-008	6.047484e-010	1.000000e+000
6.925955396713737e-008	8.594938e-010	1.000000e+000
6.955252271713736e-008	1.217822e-009	1.000000e+000
6.984549146713736e-008	1.720294e-009	1.000000e+000
7.013846021713735e-008	2.422722e-009	1.000000e+000
7.043142896713734e-008	3.401657e-009	1.000000e+000
7.072439771713734e-008	4.761763e-009	1.000000e+000
7.101736646713733e-008	6.645680e-009	1.000000e+000
7.131033521713733e-008	9.247182e-009	1.000000e+000
7.160330396713732e-008	1.282866e-008	1.000000e+000
7.189627271713731e-008	1.774431e-008	1.000000e+000
7.218924146713731e-008	2.447070e-008	1.000000e+000
7.248221021713730e-008	3.364701e-008	1.000000e+000
7.277517896713729e-008	4.612779e-008	1.000000e+000
7.306814771713729e-008	6.305193e-008	1.000000e+000
7.336111646713728e-008	8.593236e-008	1.000000e+000
7.365408521713728e-008	1.167726e-007	1.000000e+000
7.394705396713727e-008	1.582171e-007	1.000000e+000
7.424002271713726e-008	2.137458e-007	1.000000e+000
7.453299146713726e-008	2.879227e-007	1.000000e+000
7.482596021713725e-008	3.867151e-007	1.000000e+000
7.511892896713725e-008	5.178997e-007	1.000000e+000
7.541189771713724e-008	6.915792e-007	1.000000e+000
7.570486646713723e-008	9.208358e-007	1.000000e+000
7.599783521713723e-008	1.222556e-006	1.000000e+000
7.629080396713722e-008	1.618465e-006	1.000000e+000
7.658377271713722e-008	2.136429e-006	1.000000e+000
7.687674146713721e-008	2.812066e-006	1.000000e+000
7.716971021713720e-008	3.690767e-006	1.000000e+000
7.746267896713720e-008	4.830177e-006	1.000000e+000
7.775564771713719e-008	6.303280e-006	1.000000e+000
7.804861646713718e-008	8.202167e-006	1.000000e+000
7.834158521713718e-008	1.064266e-005	1.000000e+000
7.863455396713717e-008	1.376997e-005	1.000000e+000
7.892752271713717e-008	1.776551e-005	1.000000e+000
7.922049146713716e-008	2.285522e-005	1.000000e+000
7.951346021713715e-008	2.931952e-005	1.000000e+000
7.980642896713715e-008	3.750533e-005	1.000000e+000
8.009939771713714e-008	4.784033e-005	1.000000e+000
8.039236646713714e-008	6.085007e-005	1.000000e+000
8.068533521713713e-008	7.717810e-005	1.000000e+000
8.097830396713712e-008	9.760979e-005	1.000000e+000
8.127127271713712e-008	1.231003e-004	1.000000e+000
8.156424146713711e-008	1.548073e-004	1.000000e+000
8.185721021713711e-008	1.941288e-004	1.000000e+000
8.215017896713710e-008	2.427475e-004	1.000000e+000
8.244314771713709e-008	3.026811e-004	1.000000e+000
8.273611646713709e-008	3.763408e-004	1.000000e+000
8.302908521713708e-008	4.665970e-004	1.000000e+000
8.332205396713707e-008	5.768550e-004	1.000000e+000
8.361502271713707e-008	7.111390e-004	1.000000e+000
8.390799146713706e-008	8.741874e-004	1.000000e+000
8.420096021713706e-008	1.071558e-003	1.000000e+000
8.449392896713705e-008	1.309744e-003	1.000000e+000
8.478689771713704e-008	1.596305e-003	1.000000e+000
8.507986646713704e-008	1.940002e-003	1.000000e+000
8.537283521713703e-008	2.350952e-003	1.000000e+000
8.566580396713703e-008	2.840789e-003	1.000000e+000
8.595877271713702e-008	3.422832e-003	1.000000e+000
8.625174146713701e-008	4.112272e-003	1.000000e+000
8.654471021713701e-008	4.926352e-003	1.000000e+000
8.683767896713700e-008	5.884561e-003	1.000000e+000
8.713064771713700e-008	7.008825e-003	1.000000e+000
8.742361646713699e-008	8.323699e-003	1.000000e+000
8.771658521713698e-008	9.856545e-003	1.000000e+000
8.800955396713698e-008	1.163771e-002	1.000000e+000
8.830252271713697e-008	1.370066e-002	1.000000e+000
8.859549146713696e-008	1.608213e-002	1.000000e+000
8.888846021713696e-008	1.882221e-002	1.000000e+000
8.918142896713695e-008	2.196439e-002	1.000000e+000
8.947439771713695e-008	2.555556e-002	1.000000e+000
8.976736646713694e-008	2.964599e-002	1.000000e+000
9.006033521713693e-008	3.428916e-002	1.000000e+000
9.035330396713693e-008	3.954159e-002	1.000000e+000
9.064627271713692e-008	4.546256e-002	1.000000e+000
9.093924146713692e-008	5.211370e-002	1.000000e+000
9.123221021713691e-008	5.955851e-002	1.000000e+000
9.152517896713690e-008	6.786179e-002	1.000000e+000
9.181814771713690e-008	7.708891e-002	1.000000e+000
9.211111646713689e-008	8.730499e-002	1.000000e+000
9.240408521713689e-008	9.857397e-002	1.000000e+000
9.269705396713688e-008	1.109575e-001	1.000000e+000
9.299002271713687e-008	1.245139e-001	1.000000e+000
9.328299146713687e-008	1.392967e-001	1.000000e+000
9.357596021713686e-008	1.553535e-001	1.000000e+000
9.386892896713685e-008	1.727244e-001	1.000000e+000
9.416189771713685e-008	1.914407e-001	1.000000e+000
9.445486646713684e-008	2.115233e-001	1.000000e+000
9.474783521713684e-008	2.329813e-001	1.000000e+000
9.504080396713683e-008	2.558106e-001	1.000000e+000
9.533377271713682e-008	2.799927e-001	1.000000e+000
9.562674146713682e-008	3.054932e-001	1.000000e+000
9.591971021713681e-008	3.322613e-001	1.000000e+000
9.621267896713681e-008	3.602286e-001	1.000000e+000
9.650564771713680e-008	3.893088e-001	1.000000e+000
9.679861646713679e-008	4.193973e-001	1.000000e+000
9.709158521713679e-008	4.503717e-001	1.000000e+000
9.738455396713678e-008	4.820918e-001	1.000000e+000
9.767752271713678e-008	5.144010e-001	1.000000e+000
9.797049146713677e-008	5.471271e-001	1.000000e+000
9.826346021713676e-008	5.800845e-001	1.000000e+000
9.855642896713676e-008	6.130762e-001	1.000000e+000
9.884939771713675e-008	6.458961e-001	1.000000e+000
9.914236646713674e-008	6.783322e-001	1.000000e+000
9.943533521713674e-008	7.101700e-001	1.000000e+000
9.972830396713673e-008	7.411956e-001	1.000000e+000
1.000212727171367e-007	7.711995e-001	1.000000e+000
1.003142414671367e-007	7.999807e-001	1.000000e+000
1.006072102171367e-007	8.273504e-001	1.000000e+000
1.009001789671367e-007	8.531356e-001	1.000000e+000
1.011931477171367e-007	8.771833e-001	1.000000e+000
1.014861164671367e-007	8.993628e-001	1.000000e+000
1.017790852171367e-007	9.195697e-001	1.000000e+000
1.020720539671367e-007	9.377277e-001	1.000000e+000
1.023650227171367e-007	9.537905e-001	1.000000e+000
1.026579914671367e-007	9.677433e-001	1.000000e+000
1.029509602171367e-007	9.796029e-001	1.000000e+000
1.032439289671367e-007	9.894177e-001	1.000000e+000
1.035368977171367e-007	9.972663e-001	1.000000e+000
1.038298664671367e-007	1.003256e+000	1.000000e+000
1.041228352171366e-007	1.007520e+000	1.000000e+000
1.044158039671366e-007	1.010214e+000	1.000000e+000
1.047087727171366e-007	1.011513e+000	1.000000e+000
1.050017414671366e-007	1.011605e+000	1.000000e+000
1.052947102171366e-007	1.010689e+000	1.000000e+000
1.055876789671366e-007	1.008968e+000	1.000000e+000
1.058806477171366e-007	1.006644e+000	1.000000e+000
1.061736164671366e-007	1.003915e+000	1.000000e+000
1.064665852171366e-007	1.000967e+000	1.000000e+000
1.067595539671366e-007	9.979724e-001	1.000000e+000
1.070525227171366e-007	9.950528e-001	1.000000e+000
1.072070312500000e-007	9.936160e-001	1.000000e+000
1.075000000000000e-007	9.910739e-001	1.000000e+000
1.075292968750000e-007	9.908478e-001	9.960938e-001
1.075878906250000e-007	9.904085e-001	9.882813e-001
1.077050781250000e-007	9.895967e-001	9.726563e-001
1.079394531250000e-007	9.882045e-001	9.414063e-001
1.082324218750000e-007	9.868696e-001	9.023438e-001
1.085253906250000e-007	9.860334e-001	8.632813e-001
1.088183593750000e-007	9.857264e-001	8.242188e-001
1.091113281250000e-007	9.859330e-001	7.851563e-001
1.094042968749999e-007	9.866174e-001	7.460938e-001
1.096972656249999e-007	9.877272e-001	7.070313e-001
1.099902343749999e-007	9.891967e-001	6.679688e-001
1.102832031249999e-007	9.909505e-001	6.289063e-001
1.105761718749999e-007	9.929081e-001	5.898438e-001
1.108691406249999e-007	9.949870e-001	5.507813e-001
1.111621093749999e-007	9.971066e-001	5.117188e-001
1.114550781249999e-007	9.991913e-001	4.726563e-001
1.117480468749999e-007	1.001173e+000	4.335938e-001
1.120410156249999e-007	1.002996e+000	3.945313e-001
1.123339843749999e-007	1.004611e+000	3.554688e-001
1.126269531249999e-007	1.005986e+000	3.164063e-001
1.129199218749999e-007	1.007100e+000	2.773438e-001
1.132128906249999e-007	1.007942e+000	2.382813e-001
1.135058593749999e-007	1.008516e+000	1.992188e-001
1.137988281249999e-007	1.008833e+000	1.601563e-001
1.140917968749999e-007	1.008913e+000	1.210938e-001
1.143847656249998e-007	1.008784e+000	8.203125e-002
1.146777343749998e-007	1.008508e+000	4.296875e-002
1.147070312500000e-007	1.008471e+000	3.906250e-002
1.147656250000003e-007	1.008384e+000	3.125000e-002
1.148828125000009e-007	1.008196e+000	1.562500e-002
1.150000000000000e-007	1.007996e+000	0.000000e+000
1.150002578127844e-007	1.007995e+000	0.000000e+000
1.150007734383531e-007	1.007994e+000	0.000000e+000
1.150100546985897e-007	1.007977e+000	0.000000e+000
1.150193359588262e-007	1.007960e+000	0.000000e+000
1.150286172190628e-007	1.007943e+000	0.000000e+000
1.150378984792994e-007	1.007925e+000	0.000000e+000
1.150471797395361e-007	1.007908e+000	0.000000e+000
1.150564609997726e-007	1.007890e+000	0.000000e+000
1.150657422600092e-007	1.007872e+000	0.000000e+000
1.151317423328028e-007	1.007743e+000	0.000000e+000
1.152637424783900e-007	1.007469e+000	0.000000e+000
1.155277427695643e-007	1.006886e+000	0.000000e+000
1.158207115195643e-007	1.006206e+000	0.000000e+000
1.161136802695643e-007	1.005511e+000	0.000000e+000
1.164066490195643e-007	1.004825e+000	0.000000e+000
1.166996177695643e-007	1.004170e+000	0.000000e+000
1.169925865195643e-007	1.003565e+000	0.000000e+000
1.172855552695643e-007	1.003023e+000	0.000000e+000
1.175642236900539e-007	1.002579e+000	0.000000e+000
1.178571924400539e-007	1.002195e+000	0.000000e+000
1.181501611900539e-007	1.001901e+000	0.000000e+000
1.184431299400539e-007	1.001695e+000	0.000000e+000
1.186754538911697e-007	1.001597e+000	0.000000e+000
1.188576828054026e-007	1.001567e+000	0.000000e+000
1.190673396639467e-007	1.001579e+000	0.000000e+000
1.192596935033887e-007	1.001635e+000	0.000000e+000
1.195384578925017e-007	1.001787e+000	0.000000e+000
1.198314266425017e-007	1.002022e+000	0.000000e+000
1.201243953925017e-007	1.002332e+000	0.000000e+000
1.204173641425017e-007	1.002705e+000	0.000000e+000
1.206237149375499e-007	1.003000e+000	0.000000e+000
1.208270911184754e-007	1.003314e+000	0.000000e+000
1.210307952240842e-007	1.003643e+000	0.000000e+000
1.212386869211829e-007	1.003985e+000	0.000000e+000
1.214286016314351e-007	1.004298e+000	0.000000e+000
1.216864263578438e-007	1.004709e+000	0.000000e+000
1.219793951078438e-007	1.005143e+000	0.000000e+000
1.222305523492109e-007	1.005475e+000	0.000000e+000
1.224473016807355e-007	1.005715e+000	0.000000e+000
1.226660451307181e-007	1.005906e+000	0.000000e+000
1.228754855042785e-007	1.006034e+000	0.000000e+000
1.230713572453565e-007	1.006101e+000	0.000000e+000
1.232688775411042e-007	1.006112e+000	0.000000e+000
1.234625383916796e-007	1.006065e+000	0.000000e+000
1.236648994870018e-007	1.005952e+000	0.000000e+000
1.239274207641811e-007	1.005719e+000	0.000000e+000
1.241636217552001e-007	1.005432e+000	0.000000e+000
1.244020674624776e-007	1.005070e+000	0.000000e+000
1.246383861553750e-007	1.004654e+000	0.000000e+000
1.248419898970548e-007	1.004259e+000	0.000000e+000
1.250484158857449e-007	1.003833e+000	0.000000e+000
1.252405838717839e-007	1.003426e+000	0.000000e+000
1.254351531806199e-007	1.003013e+000	0.000000e+000
1.256327106118308e-007	1.002607e+000	0.000000e+000
1.258667941496504e-007	1.002156e+000	0.000000e+000
1.261041930371812e-007	1.001750e+000	0.000000e+000
1.263615609865399e-007	1.001382e+000	0.000000e+000
1.265731753281628e-007	1.001151e+000	0.000000e+000
1.267890928880829e-007	1.000994e+000	0.000000e+000
1.270019854092520e-007	1.000920e+000	0.000000e+000
1.271992816498206e-007	1.000926e+000	0.000000e+000
1.273992555188604e-007	1.001006e+000	0.000000e+000
1.275908038397924e-007	1.001150e+000	0.000000e+000
1.277844681931206e-007	1.001362e+000	0.000000e+000
1.280237183794948e-007	1.001700e+000	0.000000e+000
1.282701984183181e-007	1.002115e+000	0.000000e+000
1.285023767339766e-007	1.002553e+000	0.000000e+000
1.287212504723236e-007	1.002992e+000	0.000000e+000
1.289198521158946e-007	1.003395e+000	0.000000e+000
1.291343767927227e-007	1.003819e+000	0.000000e+000
1.293356137988116e-007	1.004191e+000	0.000000e+000
1.295294795093424e-007	1.004510e+000	0.000000e+000
1.297255531155625e-007	1.004783e+000	0.000000e+000
1.299340410242079e-007	1.005006e+000	0.000000e+000
1.301370477707676e-007	1.005147e+000	0.000000e+000
1.303608686363097e-007	1.005204e+000	0.000000e+000
1.306229443244524e-007	1.005150e+000	0.000000e+000
1.308353534345688e-007	1.005006e+000	0.000000e+000
1.310510119458460e-007	1.004766e+000	0.000000e+000
1.312510774252347e-007	1.004469e+000	0.000000e+000
1.314487277371159e-007	1.004112e+000	0.000000e+000
1.316477365412949e-007	1.003703e+000	0.000000e+000
1.318589047680497e-007	1.003230e+000	0.000000e+000
1.320534003615910e-007	1.002773e+000	0.000000e+000
1.322890984906037e-007	1.002215e+000	0.000000e+000
1.325064136647264e-007	1.001717e+000	0.000000e+000
1.327383365636672e-007	1.001225e+000	0.000000e+000
1.329483629208649e-007	1.000833e+000	0.000000e+000
1.331460032596479e-007	1.000528e+000	0.000000e+000
1.333495067243341e-007	1.000288e+000	0.000000e+000
1.335513645086825e-007	1.000131e+000	0.000000e+000
1.337479261855619e-007	1.000062e+000	0.000000e+000
1.339462053414515e-007	1.000079e+000	0.000000e+000
1.341481439234108e-007	1.000183e+000	0.000000e+000
1.343473616433985e-007	1.000367e+000	0.000000e+000
1.345642456940347e-007	1.000651e+000	0.000000e+000
1.347956130183803e-007	1.001028e+000	0.000000e+000
1.350010594369581e-007	1.001414e+000	0.000000e+000
1.352120432369639e-007	1.001845e+000	0.000000e+000
1.354271264905954e-007	1.002297e+000	0.000000e+000
1.356275904749620e-007	1.002712e+000	0.000000e+000
1.358300307292110e-007	1.003106e+000	0.000000e+000
1.360251071417874e-007	1.003447e+000	0.000000e+000
1.362226375698646e-007	1.003736e+000	0.000000e+000
1.364417602744451e-007	1.003980e+000	0.000000e+000
1.366487592112068e-007	1.004126e+000	0.000000e+000
1.368539803437310e-007	1.004179e+000	0.000000e+000
1.370635567666814e-007	1.004134e+000	0.000000e+000
1.373036821016309e-007	1.003966e+000	0.000000e+000
1.375249164674755e-007	1.003712e+000	0.000000e+000
1.377326778311403e-007	1.003389e+000	0.000000e+000
1.379289968837452e-007	1.003022e+000	0.000000e+000
1.381282411016362e-007	1.002602e+000	0.000000e+000
1.383227783087771e-007	1.002161e+000	0.000000e+000
1.385236148608034e-007	1.001692e+000	0.000000e+000
1.387346599372508e-007	1.001204e+000	0.000000e+000
1.389473705674201e-007	1.000737e+000	0.000000e+000
1.391506709836363e-007	1.000333e+000	0.000000e+000
1.393542876304463e-007	9.999863e-001	0.000000e+000
1.395594734616082e-007	9.997085e-001	0.000000e+000
1.397594762117047e-007	9.995176e-001	0.000000e+000
1.399618194504012e-007	9.994114e-001	0.000000e+000
1.401588786880517e-007	9.993952e-001	0.000000e+000
1.403579616358747e-007	9.994674e-001	0.000000e+000
1.405717838004725e-007	9.996357e-001	0.000000e+000
1.407764307271769e-007	9.998758e-001	0.000000e+000
1.409845524847279e-007	1.000190e+000	0.000000e+000
1.412067786118421e-007	1.000581e+000	0.000000e+000
1.414146487587916e-007	1.000981e+000	0.000000e+000
1.416141802928023e-007	1.001379e+000	0.000000e+000
1.418182898994143e-007	1.001780e+000	0.000000e+000
1.420361635887074e-007	1.002180e+000	0.000000e+000
1.422374456187047e-007	1.002505e+000	0.000000e+000
1.424410392165028e-007	1.002775e+000	0.000000e+000
1.426381332749573e-007	1.002967e+000	0.000000e+000
1.428433500838515e-007	1.003084e+000	0.000000e+000
1.430546220813448e-007	1.003110e+000	0.000000e+000
1.432765971326383e-007	1.003035e+000	0.000000e+000
1.434817429535312e-007	1.002874e+000	0.000000e+000
1.436909079462454e-007	1.002621e+000	0.000000e+000
1.439170441299809e-007	1.002266e+000	0.000000e+000
1.441211544910087e-007	1.001886e+000	0.000000e+000
1.443257782504169e-007	1.001464e+000	0.000000e+000
1.445371119599749e-007	1.001005e+000	0.000000e+000
1.447350736046957e-007	1.000573e+000	0.000000e+000
1.449497080732532e-007	1.000123e+000	0.000000e+000
1.451576031662846e-007	9.997250e-001	0.000000e+000
1.453634387325975e-007	9.993851e-001	0.000000e+000
1.455717108038384e-007	9.991105e-001	0.000000e+000
1.457771869534641e-007	9.989200e-001	0.000000e+000
1.459910665142082e-007	9.988129e-001	0.000000e+000
1.461935496245728e-007	9.987996e-001	0.000000e+000
1.463907094750857e-007	9.988710e-001	0.000000e+000
1.465906722546164e-007	9.990222e-001	0.000000e+000
1.467867778073972e-007	9.992393e-001	0.000000e+000
1.469855839522497e-007	9.995192e-001	0.000000e+000
1.472108657656345e-007	9.998875e-001	0.000000e+000
1.474181447732492e-007	1.000256e+000	0.000000e+000
1.476231732588441e-007	1.000630e+000	0.000000e+000
1.478441302070345e-007	1.001021e+000	0.000000e+000
1.480481562958848e-007	1.001353e+000	0.000000e+000
1.482461378941120e-007	1.001629e+000	0.000000e+000
1.484479751047637e-007	1.001850e+000	0.000000e+000
1.486453750633875e-007	1.001998e+000	0.000000e+000
1.488458887338353e-007	1.002071e+000	0.000000e+000
1.490415608536755e-007	1.002061e+000	0.000000e+000
1.492526564430707e-007	1.001960e+000	0.000000e+000
1.494830737898414e-007	1.001753e+000	0.000000e+000
1.496967697847125e-007	1.001481e+000	0.000000e+000
1.499073235257879e-007	1.001145e+000	0.000000e+000
1.501317864129977e-007	1.000735e+000	0.000000e+000
1.503351271621382e-007	1.000335e+000	0.000000e+000
1.505325572978357e-007	9.999383e-001	0.000000e+000
1.507335650374424e-007	9.995443e-001	0.000000e+000
1.509499424869086e-007	9.991499e-001	0.000000e+000
1.511481998618930e-007	9.988341e-001	0.000000e+000
1.513729134143718e-007	9.985439e-001	0.000000e+000
1.515764032736029e-007	9.983561e-001	0.000000e+000
1.518062320381869e-007	9.982406e-001	0.000000e+000
1.520330027299501e-007	9.982246e-001	0.000000e+000
1.522418465112369e-007	9.982964e-001	0.000000e+000
1.524213433164832e-007	9.984227e-001	0.000000e+000
1.525817657115339e-007	9.985821e-001	0.000000e+000
1.527250039097086e-007	9.987576e-001	0.000000e+000
1.528900955989799e-007	9.989904e-001	0.000000e+000
1.530638186951698e-007	9.992594e-001	0.000000e+000
1.532566848010263e-007	9.995740e-001	0.000000e+000
1.534653982075564e-007	9.999163e-001	0.000000e+000
1.536788946470754e-007	1.000249e+000	0.000000e+000
1.539022761712331e-007	1.000559e+000	0.000000e+000
1.541109248781959e-007	1.000797e+000	0.000000e+000
1.543119469566162e-007	1.000963e+000	0.000000e+000
1.545162084455404e-007	1.001062e+000	0.000000e+000
1.546820652031772e-007	1.001091e+000	0.000000e+000
1.547896073682619e-007	1.001078e+000	0.000000e+000
1.549024272565961e-007	1.001038e+000	0.000000e+000
1.550169936060997e-007	1.000970e+000	0.000000e+000
1.551849183856829e-007	1.000828e+000	0.000000e+000
1.553472846789559e-007	1.000648e+000	0.000000e+000
1.555347368947879e-007	1.000393e+000	0.000000e+000
1.557079890420043e-007	1.000121e+000	0.000000e+000
1.559061564463572e-007	9.997782e-001	0.000000e+000
1.561434279149689e-007	9.993477e-001	0.000000e+000
1.563688745153029e-007	9.989395e-001	0.000000e+000
1.565727729411138e-007	9.985905e-001	0.000000e+000
1.567879990272980e-007	9.982619e-001	0.000000e+000
1.569916951020152e-007	9.980021e-001	0.000000e+000
1.571860434068781e-007	9.978136e-001	0.000000e+000
1.573838067462880e-007	9.976906e-001	0.000000e+000
1.575985752804820e-007	9.976359e-001	0.000000e+000
1.577971790519870e-007	9.976599e-001	0.000000e+000
1.580026904726058e-007	9.977605e-001	0.000000e+000
1.582235253646363e-007	9.979421e-001	0.000000e+000
1.584434226039664e-007	9.981829e-001	0.000000e+000
1.586165606928319e-007	9.984080e-001	0.000000e+000
1.588110846277421e-007	9.986855e-001	0.000000e+000
1.590046983946213e-007	9.989710e-001	0.000000e+000
1.591886400589213e-007	9.992380e-001	0.000000e+000
1.593792916868797e-007	9.994966e-001	0.000000e+000
1.595680753556272e-007	9.997221e-001	0.000000e+000
1.597594411505916e-007	9.999058e-001	0.000000e+000
1.599797868682159e-007	1.000054e+000	0.000000e+000
1.601810982224962e-007	1.000118e+000	0.000000e+000
1.604223549946786e-007	1.000101e+000	0.000000e+000
1.606582880166887e-007	9.999886e-001	0.000000e+000
1.609048460585087e-007	9.997773e-001	0.000000e+000
1.611188482856894e-007	9.995254e-001	0.000000e+000
1.613235270679329e-007	9.992338e-001	0.000000e+000
1.615506828103913e-007	9.988741e-001	0.000000e+000
1.617591557440252e-007	9.985287e-001	0.000000e+000
1.619469301854839e-007	9.982180e-001	0.000000e+000
1.621035524148118e-007	9.979696e-001	0.000000e+000
1.622610424743050e-007	9.977404e-001	0.000000e+000
1.624617099701633e-007	9.974888e-001	0.000000e+000
1.626992016863465e-007	9.972558e-001	0.000000e+000
1.629259825491705e-007	9.971126e-001	0.000000e+000
1.631740306776358e-007	9.970555e-001	0.000000e+000
1.634322451167661e-007	9.971050e-001	0.000000e+000
1.637185904050123e-007	9.972776e-001	0.000000e+000
1.640115591550123e-007	9.975557e-001	0.000000e+000
1.643045279050123e-007	9.979037e-001	0.000000e+000
1.645664611848465e-007	9.982413e-001	0.000000e+000
1.648182796942985e-007	9.985549e-001	0.000000e+000
1.651112484442985e-007	9.988684e-001	0.000000e+000
1.653874943804098e-007	9.990843e-001	0.000000e+000
1.656511103513041e-007	9.991909e-001	0.000000e+000
1.659220903138739e-007	9.991842e-001	0.000000e+000
1.662150590638739e-007	9.990479e-001	0.000000e+000
1.665080278138739e-007	9.987912e-001	0.000000e+000
1.668009965638739e-007	9.984370e-001	0.000000e+000
1.670939653138739e-007	9.980215e-001	0.000000e+000
1.673869340638740e-007	9.975871e-001	0.000000e+000
1.676799028138740e-007	9.971782e-001	0.000000e+000
1.679728715638740e-007	9.968359e-001	0.000000e+000
1.682658403138740e-007	9.965936e-001	0.000000e+000
1.685588090638740e-007	9.964730e-001	0.000000e+000
1.688517778138740e-007	9.964818e-001	0.000000e+000
1.691447465638740e-007	9.966134e-001	0.000000e+000
1.694377153138740e-007	9.968469e-001	0.000000e+000
1.697306840638740e-007	9.971504e-001	0.000000e+000
1.700236528138740e-007	9.974844e-001	0.000000e+000
1.703117465838943e-007	9.978015e-001	0.000000e+000
1.705951097445953e-007	9.980657e-001	0.000000e+000
1.708571525373227e-007	9.982440e-001	0.000000e+000
1.710585720620470e-007	9.983229e-001	0.000000e+000
1.712397503009460e-007	9.983383e-001	0.000000e+000
1.714549233045228e-007	9.982923e-001	0.000000e+000
1.716630786279923e-007	9.981816e-001	0.000000e+000
1.719433697935447e-007	9.979436e-001	0.000000e+000
1.722363385435447e-007	9.976170e-001	0.000000e+000
1.725121694305961e-007	9.972590e-001	0.000000e+000
1.727889246588697e-007	9.968840e-001	0.000000e+000
1.730818934088697e-007	9.965099e-001	0.000000e+000
1.733748621588697e-007	9.961959e-001	0.000000e+000
1.736678309088698e-007	9.959730e-001	0.000000e+000
1.739607996588698e-007	9.958616e-001	0.000000e+000
1.742537684088698e-007	9.958687e-001	0.000000e+000
1.745467371588698e-007	9.959865e-001	0.000000e+000
1.748206338440086e-007	9.961803e-001	0.000000e+000
1.750673970487781e-007	9.964072e-001	0.000000e+000
1.753603657987781e-007	9.967054e-001	0.000000e+000
1.756533345487781e-007	9.969954e-001	0.000000e+000
1.759463032987781e-007	9.972409e-001	0.000000e+000
1.762392720487781e-007	9.974088e-001	0.000000e+000
1.765322407987782e-007	9.974756e-001	0.000000e+000
1.768252095487782e-007	9.974300e-001	0.000000e+000
1.771181782987782e-007	9.972735e-001	0.000000e+000
1.774111470487782e-007	9.970212e-001	0.000000e+000
1.777041157987782e-007	9.966990e-001	0.000000e+000
1.779970845487782e-007	9.963410e-001	0.000000e+000
1.782900532987782e-007	9.959851e-001	0.000000e+000
1.785830220487782e-007	9.956686e-001	0.000000e+000
1.788759907987782e-007	9.954239e-001	0.000000e+000
1.791689595487782e-007	9.952746e-001	0.000000e+000
1.794619282987782e-007	9.952312e-001	0.000000e+000
1.797387288207888e-007	9.952896e-001	0.000000e+000
1.800283896530792e-007	9.954419e-001	0.000000e+000
1.803213584030792e-007	9.956647e-001	0.000000e+000
1.806143271530792e-007	9.959256e-001	0.000000e+000
1.809072959030792e-007	9.961886e-001	0.000000e+000
1.812002646530793e-007	9.964174e-001	0.000000e+000
1.814932334030793e-007	9.965802e-001	0.000000e+000
1.817862021530793e-007	9.966535e-001	0.000000e+000
1.820791709030793e-007	9.966245e-001	0.000000e+000
1.823721396530793e-007	9.964929e-001	0.000000e+000
1.826651084030793e-007	9.962708e-001	0.000000e+000
1.829580771530793e-007	9.959810e-001	0.000000e+000
1.832510459030793e-007	9.956545e-001	0.000000e+000
1.835440146530793e-007	9.953260e-001	0.000000e+000
1.838369834030793e-007	9.950306e-001	0.000000e+000
1.841299521530793e-007	9.947986e-001	0.000000e+000
1.844229209030793e-007	9.946526e-001	0.000000e+000
1.847158896530793e-007	9.946046e-001	0.000000e+000
1.850088584030793e-007	9.946544e-001	0.000000e+000
1.853018271530794e-007	9.947898e-001	0.000000e+000
1.855947959030794e-007	9.949886e-001	0.000000e+000
1.858877646530794e-007	9.952204e-001	0.000000e+000
1.861807334030794e-007	9.954516e-001	0.000000e+000
1.864737021530794e-007	9.956485e-001	0.000000e+000
1.867666709030794e-007	9.957817e-001	0.000000e+000
1.870596396530794e-007	9.958298e-001	0.000000e+000
1.873526084030794e-007	9.957819e-001	0.000000e+000
1.876455771530794e-007	9.956384e-001	0.000000e+000
1.879385459030794e-007	9.954113e-001	0.000000e+000
1.882315146530794e-007	9.951221e-001	0.000000e+000
1.885244834030794e-007	9.947993e-001	0.000000e+000
1.888174521530794e-007	9.944748e-001	0.000000e+000
1.891104209030794e-007	9.941791e-001	0.000000e+000
1.894033896530795e-007	9.939384e-001	0.000000e+000
1.896963584030795e-007	9.937704e-001	0.000000e+000
1.899893271530795e-007	9.936818e-001	0.000000e+000
1.902822959030795e-007	9.936683e-001	0.000000e+000
1.905752646530795e-007	9.937135e-001	0.000000e+000
1.908682334030795e-007	9.937916e-001	0.000000e+000
1.911612021530795e-007	9.938695e-001	0.000000e+000
1.914541709030795e-007	9.939111e-001	0.000000e+000
1.917471396530795e-007	9.938802e-001	0.000000e+000
1.920401084030795e-007	9.937498e-001	0.000000e+000
1.922900401377956e-007	9.935428e-001	0.000000e+000
1.924924491146795e-007	9.932960e-001	0.000000e+000
1.926861201263849e-007	9.929795e-001	0.000000e+000
1.929790888763849e-007	9.923725e-001	0.000000e+000
1.932720576263849e-007	9.916309e-001	0.000000e+000
1.935650263763849e-007	9.907521e-001	0.000000e+000
1.938579951263849e-007	9.897494e-001	0.000000e+000
1.941509638763849e-007	9.886352e-001	0.000000e+000
1.944439326263849e-007	9.874170e-001	0.000000e+000
1.947369013763849e-007	9.860935e-001	0.000000e+000
1.950298701263849e-007	9.846565e-001	0.000000e+000
1.952891050016765e-007	9.832656e-001	0.000000e+000
1.955628627291178e-007	9.816374e-001	0.000000e+000
1.958558314791178e-007	9.796760e-001	0.000000e+000
1.961488002291178e-007	9.774310e-001	0.000000e+000
1.964417689791178e-007	9.748297e-001	0.000000e+000
1.967347377291178e-007	9.717984e-001	0.000000e+000
1.970277064791178e-007	9.682627e-001	0.000000e+000
1.973206752291178e-007	9.641508e-001	0.000000e+000
1.976136439791178e-007	9.593962e-001	0.000000e+000
1.979066127291178e-007	9.539397e-001	0.000000e+000
1.981995814791178e-007	9.477291e-001	0.000000e+000
1.984925502291178e-007	9.407549e-001	0.000000e+000
1.987368190256963e-007	9.343417e-001	0.000000e+000
1.989176242676378e-007	9.291656e-001	0.000000e+000
1.991422310669645e-007	9.222227e-001	0.000000e+000
1.993685498835139e-007	9.146608e-001	0.000000e+000
1.996615186335139e-007	9.040198e-001	0.000000e+000
1.999544873835139e-007	8.924302e-001	0.000000e+000
2.002474561335139e-007	8.797857e-001	0.000000e+000
2.005404248835139e-007	8.660274e-001	0.000000e+000
2.008333936335139e-007	8.510918e-001	0.000000e+000
2.011263623835139e-007	8.349133e-001	0.000000e+000
2.014193311335139e-007	8.174285e-001	0.000000e+000
2.017122998835139e-007	7.985805e-001	0.000000e+000
2.020052686335139e-007	7.783244e-001	0.000000e+000
2.022982373835139e-007	7.566316e-001	0.000000e+000
2.025912061335139e-007	7.334945e-001	0.000000e+000
2.028841748835139e-007	7.089292e-001	0.000000e+000
2.031771436335140e-007	6.829774e-001	0.000000e+000
2.034701123835140e-007	6.557074e-001	0.000000e+000
2.037630811335140e-007	6.272122e-001	0.000000e+000
2.040560498835140e-007	5.976108e-001	0.000000e+000
2.043452925257982e-007	5.674276e-001	0.000000e+000
2.046382612757983e-007	5.360360e-001	0.000000e+000
2.049312300257983e-007	5.039887e-001	0.000000e+000
2.052241987757983e-007	4.714564e-001	0.000000e+000
2.055171675257983e-007	4.386185e-001	0.000000e+000
2.058101362757983e-007	4.056585e-001	0.000000e+000
2.061031050257983e-007	3.727589e-001	0.000000e+000
2.063844256679081e-007	3.413971e-001	0.000000e+000
2.066616956550416e-007	3.108867e-001	0.000000e+000
2.069546644050416e-007	2.792552e-001	0.000000e+000
2.072476331550416e-007	2.484227e-001	0.000000e+000
2.075406019050416e-007	2.185889e-001	0.000000e+000
2.078335706550416e-007	1.899446e-001	0.000000e+000
2.081265394050416e-007	1.626767e-001	0.000000e+000
2.084195081550416e-007	1.369642e-001	0.000000e+000
2.087124769050416e-007	1.129734e-001	0.000000e+000
2.090054456550416e-007	9.085228e-002	0.000000e+000
2.092984144050416e-007	7.072510e-002	0.000000e+000
2.095913831550416e-007	5.268653e-002	0.000000e+000
2.098843519050416e-007	3.679696e-002	0.000000e+000
2.101773206550416e-007	2.307882e-002	0.000000e+000
2.104702894050417e-007	1.151453e-002	0.000000e+000
2.107632581550417e-007	2.046285e-003	0.000000e+000
2.110562269050417e-007	-5.422220e-003	0.000000e+000
2.113491956550417e-007	-1.110904e-002	0.000000e+000
2.115801194449963e-007	-1.433305e-002	0.000000e+000
2.118454024787581e-007	-1.677228e-002	0.000000e+000
2.121006180477276e-007	-1.805264e-002	0.000000e+000
2.123935867977276e-007	-1.840009e-002	0.000000e+000
2.126865555477276e-007	-1.781012e-002	0.000000e+000
2.129520196303476e-007	-1.657269e-002	0.000000e+000
2.132449883803476e-007	-1.462271e-002	0.000000e+000
2.135379571303476e-007	-1.227246e-002	0.000000e+000
2.138309258803477e-007	-9.678906e-003	0.000000e+000
2.141238946303477e-007	-6.997461e-003	0.000000e+000
2.144168633803477e-007	-4.364594e-003	0.000000e+000
2.147098321303477e-007	-1.897572e-003	0.000000e+000
2.150028008803477e-007	3.052677e-004	0.000000e+000
2.152957696303477e-007	2.164001e-003	0.000000e+000
2.155887383803477e-007	3.616610e-003	0.000000e+000
2.158817071303477e-007	4.638738e-003	0.000000e+000
2.161262752665662e-007	5.155185e-003	0.000000e+000
2.162906309656375e-007	5.288116e-003	0.000000e+000
2.165037480894212e-007	5.196532e-003	0.000000e+000
2.167505936602390e-007	4.776813e-003	0.000000e+000
2.170435624102390e-007	3.876656e-003	0.000000e+000
2.173365311602391e-007	2.582628e-003	0.000000e+000
2.176294999102391e-007	9.340486e-004	0.000000e+000
2.179224686602391e-007	-9.975617e-004	0.000000e+000
2.182154374102391e-007	-3.129947e-003	0.000000e+000
2.185084061602391e-007	-5.373957e-003	0.000000e+000
2.188013749102391e-007	-7.638085e-003	0.000000e+000
2.190943436602391e-007	-9.840794e-003	0.000000e+000
2.193400236696706e-007	-1.158047e-002	0.000000e+000
2.195745614209276e-007	-1.308848e-002	0.000000e+000
2.198675301709276e-007	-1.473202e-002	0.000000e+000
2.201604989209276e-007	-1.608973e-002	0.000000e+000
2.204534676709276e-007	-1.712730e-002	0.000000e+000
2.207464364209276e-007	-1.784167e-002	0.000000e+000
2.210394051709276e-007	-1.824789e-002	0.000000e+000
2.213323739209276e-007	-1.837637e-002	0.000000e+000
2.216253426709276e-007	-1.827476e-002	0.000000e+000
2.218773096568916e-007	-1.803324e-002	0.000000e+000
2.221327204653468e-007	-1.767331e-002	0.000000e+000
2.224116632111456e-007	-1.719917e-002	0.000000e+000
2.226345880958305e-007	-1.678205e-002	0.000000e+000
2.228926647568684e-007	-1.628029e-002	0.000000e+000
2.231561921995995e-007	-1.577138e-002	0.000000e+000
2.234371737077734e-007	-1.524854e-002	0.000000e+000
2.237026869003663e-007	-1.478170e-002	0.000000e+000
2.239163373873167e-007	-1.442847e-002	0.000000e+000
2.240573817345070e-007	-1.420874e-002	0.000000e+000
2.242279260914753e-007	-1.395661e-002	0.000000e+000
2.243812374594970e-007	-1.374111e-002	0.000000e+000
2.245854290581733e-007	-1.346912e-002	0.000000e+000
2.247879324719577e-007	-1.321361e-002	0.000000e+000
2.249814434321029e-007	-1.298299e-002	0.000000e+000
2.251666824884890e-007	-1.277457e-002	0.000000e+000
2.253363738197471e-007	-1.259448e-002	0.000000e+000
2.254718879788934e-007	-1.245986e-002	0.000000e+000
2.256354897057018e-007	-1.230988e-002	0.000000e+000
2.258095174520108e-007	-1.216620e-002	0.000000e+000
2.259859111115563e-007	-1.204058e-002	0.000000e+000
2.261631607419971e-007	-1.193848e-002	0.000000e+000
2.263415013909217e-007	-1.186494e-002	0.000000e+000
2.265356956272797e-007	-1.182138e-002	0.000000e+000
2.267161610735678e-007	-1.181983e-002	0.000000e+000
2.269078351556674e-007	-1.186652e-002	0.000000e+000
2.271330181172245e-007	-1.198718e-002	0.000000e+000
2.273906922045014e-007	-1.219908e-002	0.000000e+000
2.275265788831149e-007	-1.234565e-002	0.000000e+000
2.276256193131525e-007	-1.247380e-002	0.000000e+000
2.277447365913604e-007	-1.264730e-002	0.000000e+000
2.278725787983928e-007	-1.285419e-002	0.000000e+000
2.280401260494072e-007	-1.315374e-002	0.000000e+000
2.282170286023868e-007	-1.349956e-002	0.000000e+000
2.284318635292269e-007	-1.395102e-002	0.000000e+000
2.286462084922933e-007	-1.442251e-002	0.000000e+000
2.288462327887984e-007	-1.487022e-002	0.000000e+000
2.290363479916802e-007	-1.528976e-002	0.000000e+000
2.292413056623407e-007	-1.572233e-002	0.000000e+000
2.294285935004935e-007	-1.608718e-002	0.000000e+000
2.296304335131077e-007	-1.643545e-002	0.000000e+000
2.298266288157147e-007	-1.671811e-002	0.000000e+000
2.300451647787887e-007	-1.695979e-002	0.000000e+000
2.302453017338704e-007	-1.710535e-002	0.000000e+000
2.304613769395626e-007	-1.716835e-002	0.000000e+000
2.307284999621787e-007	-1.711873e-002	0.000000e+000
2.310214687121787e-007	-1.692418e-002	0.000000e+000
2.312586454185843e-007	-1.665905e-002	0.000000e+000
2.315178228606381e-007	-1.627048e-002	0.000000e+000
2.317721633143722e-007	-1.581929e-002	0.000000e+000
2.319948312653669e-007	-1.538304e-002	0.000000e+000
2.322054025519658e-007	-1.495119e-002	0.000000e+000
2.324379568266146e-007	-1.447320e-002	0.000000e+000
2.326640926972764e-007	-1.402847e-002	0.000000e+000
2.329570614472764e-007	-1.350656e-002	0.000000e+000
2.332500301972764e-007	-1.306666e-002	0.000000e+000
2.335328350375758e-007	-1.274073e-002	0.000000e+000
2.337767184274005e-007	-1.255067e-002	0.000000e+000
2.340007042182968e-007	-1.246093e-002	0.000000e+000
2.342433799608385e-007	-1.244968e-002	0.000000e+000
2.344494524223067e-007	-1.250954e-002	0.000000e+000
2.346715930344061e-007	-1.264321e-002	0.000000e+000
2.348739684495081e-007	-1.281990e-002	0.000000e+000
2.350760684487457e-007	-1.304478e-002	0.000000e+000
2.352745945064721e-007	-1.330600e-002	0.000000e+000
2.354971846221770e-007	-1.363569e-002	0.000000e+000
2.357011035558665e-007	-1.396341e-002	0.000000e+000
2.359488837513445e-007	-1.438154e-002	0.000000e+000
2.362274260066460e-007	-1.485765e-002	0.000000e+000
2.364461816698886e-007	-1.522221e-002	0.000000e+000
2.366987838344663e-007	-1.561454e-002	0.000000e+000
2.369718732301315e-007	-1.599227e-002	0.000000e+000
2.371883766130132e-007	-1.624294e-002	0.000000e+000
2.374065911386888e-007	-1.643910e-002	0.000000e+000
2.376048547351447e-007	-1.655839e-002	0.000000e+000
2.378589608925291e-007	-1.662429e-002	0.000000e+000
2.381159323251751e-007	-1.660262e-002	0.000000e+000
2.382849112326907e-007	-1.652724e-002	0.000000e+000
2.385059160727709e-007	-1.635109e-002	0.000000e+000
2.387418072467768e-007	-1.608530e-002	0.000000e+000
2.389973178962986e-007	-1.571521e-002	0.000000e+000
2.392440463012062e-007	-1.529133e-002	0.000000e+000
2.394796924442803e-007	-1.484202e-002	0.000000e+000
2.396331304390246e-007	-1.453338e-002	0.000000e+000
2.397508330203075e-007	-1.429173e-002	0.000000e+000
2.398780429675420e-007	-1.403182e-002	0.000000e+000
2.400517501100676e-007	-1.368653e-002	0.000000e+000
2.402352547475174e-007	-1.334502e-002	0.000000e+000
2.404729734300938e-007	-1.295298e-002	0.000000e+000
2.407009404846088e-007	-1.265339e-002	0.000000e+000
2.409939092346088e-007	-1.239592e-002	0.000000e+000
2.412389622524427e-007	-1.230545e-002	0.000000e+000
2.414852711180944e-007	-1.232805e-002	0.000000e+000
2.415568525562798e-007	-1.235954e-002	0.000000e+000
2.416155899983287e-007	-1.240051e-002	0.000000e+000
2.416960242133684e-007	-1.246987e-002	0.000000e+000
2.417830725081585e-007	-1.256237e-002	0.000000e+000
2.419303849202808e-007	-1.275517e-002	0.000000e+000
2.420974450855687e-007	-1.301789e-002	0.000000e+000
2.422537333971403e-007	-1.330556e-002	0.000000e+000
2.424175529626307e-007	-1.364573e-002	0.000000e+000
2.426050070828391e-007	-1.406850e-002	0.000000e+000
2.427737177996769e-007	-1.446857e-002	0.000000e+000
2.429587034728611e-007	-1.491487e-002	0.000000e+000
2.431509730438463e-007	-1.536608e-002	0.000000e+000
2.434152458772494e-007	-1.594050e-002	0.000000e+000
2.436302369029086e-007	-1.634316e-002	0.000000e+000
2.438610310578616e-007	-1.667871e-002	0.000000e+000
2.440930872992586e-007	-1.689447e-002	0.000000e+000
2.443638213874058e-007	-1.698045e-002	0.000000e+000
2.446248573525245e-007	-1.689353e-002	0.000000e+000
2.448741930963951e-007	-1.665696e-002	0.000000e+000
2.450702416541283e-007	-1.637193e-002	0.000000e+000
2.452258626772936e-007	-1.608608e-002	0.000000e+000
2.453650851076816e-007	-1.579168e-002	0.000000e+000
2.455249224795480e-007	-1.542003e-002	0.000000e+000
2.457339577106223e-007	-1.490376e-002	0.000000e+000
2.459935295741919e-007	-1.425149e-002	0.000000e+000
2.462509442822569e-007	-1.362986e-002	0.000000e+000
2.464883523426565e-007	-1.312172e-002	0.000000e+000
2.467641157965538e-007	-1.264846e-002	0.000000e+000
2.470139081993464e-007	-1.234137e-002	0.000000e+000
2.471725815912002e-007	-1.223043e-002	0.000000e+000
2.473608596939684e-007	-1.219566e-002	0.000000e+000
2.475513593369337e-007	-1.225753e-002	0.000000e+000
2.477839083398117e-007	-1.245703e-002	0.000000e+000
2.480131748506019e-007	-1.276605e-002	0.000000e+000
2.482074632996370e-007	-1.311100e-002	0.000000e+000
2.484183621118916e-007	-1.355270e-002	0.000000e+000
2.486123029887691e-007	-1.399819e-002	0.000000e+000
2.488079059258602e-007	-1.446700e-002	0.000000e+000
2.489959251959052e-007	-1.491284e-002	0.000000e+000
2.492579080023650e-007	-1.549467e-002	0.000000e+000
2.494954370196453e-007	-1.595818e-002	0.000000e+000
2.496966929110847e-007	-1.627802e-002	0.000000e+000
2.498770058315731e-007	-1.649294e-002	0.000000e+000
2.500428404490966e-007	-1.662369e-002	0.000000e+000
2.502033154686546e-007	-1.668398e-002	0.000000e+000
2.503786811333825e-007	-1.667779e-002	0.000000e+000
2.505444035516304e-007	-1.660356e-002	0.000000e+000
2.507253207325080e-007	-1.644473e-002	0.000000e+000
2.509634528586318e-007	-1.613623e-002	0.000000e+000
2.512148910671228e-007	-1.571837e-002	0.000000e+000
2.514344576449660e-007	-1.529365e-002	0.000000e+000
2.515893065760082e-007	-1.496980e-002	0.000000e+000
2.517443873783476e-007	-1.463723e-002	0.000000e+000
2.519606181215854e-007	-1.418224e-002	0.000000e+000
2.521812016378155e-007	-1.374921e-002	0.000000e+000
2.524167934116231e-007	-1.334495e-002	0.000000e+000
2.526425987703471e-007	-1.303871e-002	0.000000e+000
2.529054654334834e-007	-1.279814e-002	0.000000e+000
2.531467001159622e-007	-1.268900e-002	0.000000e+000
2.533333548496057e-007	-1.269232e-002	0.000000e+000
2.535431063354147e-007	-1.278580e-002	0.000000e+000
2.537417404999044e-007	-1.294881e-002	0.000000e+000
2.539387149000571e-007	-1.317439e-002	0.000000e+000
2.541023750834260e-007	-1.340443e-002	0.000000e+000
2.542872506391160e-007	-1.370209e-002	0.000000e+000
2.545346485827869e-007	-1.413264e-002	0.000000e+000
2.547900311598891e-007	-1.458622e-002	0.000000e+000
2.550728683752314e-007	-1.506513e-002	0.000000e+000
2.553382431923023e-007	-1.545719e-002	0.000000e+000
2.556119387825324e-007	-1.577725e-002	0.000000e+000
2.558294069678747e-007	-1.595013e-002	0.000000e+000
2.560689201808266e-007	-1.604334e-002	0.000000e+000
2.562998694862488e-007	-1.604047e-002	0.000000e+000
2.565212644176930e-007	-1.594866e-002	0.000000e+000
2.567611556204531e-007	-1.576171e-002	0.000000e+000
2.569817065530822e-007	-1.552113e-002	0.000000e+000
2.572021286529664e-007	-1.522535e-002	0.000000e+000
2.574378815382177e-007	-1.486893e-002	0.000000e+000
2.576593321162074e-007	-1.451470e-002	0.000000e+000
2.578791190892758e-007	-1.416329e-002	0.000000e+000
2.581343320272003e-007	-1.377905e-002	0.000000e+000
2.583875199521766e-007	-1.344329e-002	0.000000e+000
2.586222975337835e-007	-1.319002e-002	0.000000e+000
2.588336693409588e-007	-1.302315e-002	0.000000e+000
2.590418524329667e-007	-1.292522e-002	0.000000e+000
2.592764009392573e-007	-1.289334e-002	0.000000e+000
2.595113939823803e-007	-1.293770e-002	0.000000e+000
2.597035231447065e-007	-1.303149e-002	0.000000e+000
2.598905080594973e-007	-1.317053e-002	0.000000e+000
2.600871872870630e-007	-1.335737e-002	0.000000e+000
2.603078335569098e-007	-1.360172e-002	0.000000e+000
2.605044906466026e-007	-1.383924e-002	0.000000e+000
2.607008568452511e-007	-1.408339e-002	0.000000e+000
2.609160953120120e-007	-1.434467e-002	0.000000e+000
2.610859815497401e-007	-1.453568e-002	0.000000e+000
2.612640393948716e-007	-1.471078e-002	0.000000e+000
2.614422569663006e-007	-1.485054e-002	0.000000e+000
2.616651583368386e-007	-1.496554e-002	0.000000e+000
2.619072742378868e-007	-1.501081e-002	0.000000e+000
2.621363455080913e-007	-1.496677e-002	0.000000e+000
2.623631809444233e-007	-1.482726e-002	0.000000e+000
2.626522688531502e-007	-1.452682e-002	0.000000e+000
2.629187375936048e-007	-1.414545e-002	0.000000e+000
2.631523867732555e-007	-1.373211e-002	0.000000e+000
2.633846067516843e-007	-1.326452e-002	0.000000e+000
2.636182130827359e-007	-1.275866e-002	0.000000e+000
2.638474766365891e-007	-1.224713e-002	0.000000e+000
2.640709481770661e-007	-1.175410e-002	0.000000e+000
2.643339611723735e-007	-1.120540e-002	0.000000e+000
2.646221920023109e-007	-1.065886e-002	0.000000e+000
2.648304635687778e-007	-1.031203e-002	0.000000e+000
2.650020598518927e-007	-1.006680e-002	0.000000e+000
2.651678466959137e-007	-9.868709e-003	0.000000e+000
2.654137876488606e-007	-9.632628e-003	0.000000e+000
2.656721452343708e-007	-9.440575e-003	0.000000e+000
2.659106979052026e-007	-9.304130e-003	0.000000e+000
2.661548777010945e-007	-9.183767e-003	0.000000e+000
2.664001254569616e-007	-9.052879e-003	0.000000e+000
2.666703924379411e-007	-8.858941e-003	0.000000e+000
2.669601512644090e-007	-8.550142e-003	0.000000e+000
2.672531200144090e-007	-8.098334e-003	0.000000e+000
2.674780054935267e-007	-7.621603e-003	0.000000e+000
2.677084690754330e-007	-6.989697e-003	0.000000e+000
2.679284166848849e-007	-6.241810e-003	0.000000e+000
2.681918619720459e-007	-5.160293e-003	0.000000e+000
2.684584012143624e-007	-3.871729e-003	0.000000e+000
2.687475008139113e-007	-2.266711e-003	0.000000e+000
2.690304201253075e-007	-5.157791e-004	0.000000e+000
2.693191405463061e-007	1.422926e-003	0.000000e+000
2.696121092963061e-007	3.496391e-003	0.000000e+000
2.697783067127242e-007	4.710978e-003	0.000000e+000
2.699693237327341e-007	6.132685e-003	0.000000e+000
2.701529059096148e-007	7.510851e-003	0.000000e+000
2.703491093327784e-007	8.991026e-003	0.000000e+000
2.705327014576219e-007	1.037957e-002	0.000000e+000
2.706855748300825e-007	1.153791e-002	0.000000e+000
2.707971685451646e-007	1.238566e-002	0.000000e+000
2.709358473428352e-007	1.344372e-002	0.000000e+000
2.710840310497450e-007	1.458529e-002	0.000000e+000
2.713302966427918e-007	1.651560e-002	0.000000e+000
2.715520300866705e-007	1.830702e-002	0.000000e+000
2.718043525494982e-007	2.043934e-002	0.000000e+000
2.720422838416588e-007	2.258026e-002	0.000000e+000
2.723340297311532e-007	2.542421e-002	0.000000e+000
2.726269984811532e-007	2.855918e-002	0.000000e+000
2.729199672311533e-007	3.203087e-002	0.000000e+000
2.732129359811533e-007	3.587321e-002	0.000000e+000
2.735059047311533e-007	4.010193e-002	0.000000e+000
2.737988734811533e-007	4.471318e-002	0.000000e+000
2.740918422311533e-007	4.966974e-002	0.000000e+000
2.743293242251011e-007	5.393102e-002	0.000000e+000
2.745835830740816e-007	5.871090e-002	0.000000e+000
2.748440103199974e-007	6.378494e-002	0.000000e+000
2.751324211386105e-007	6.956302e-002	0.000000e+000
2.754253898886105e-007	7.554896e-002	0.000000e+000
2.757183586386105e-007	8.161071e-002	0.000000e+000
2.760113273886105e-007	8.771516e-002	0.000000e+000
2.763042961386105e-007	9.384312e-002	0.000000e+000
2.765515027800391e-007	9.902905e-002	0.000000e+000
2.767737484331810e-007	1.037085e-001	0.000000e+000
2.769970943974869e-007	1.084393e-001	0.000000e+000
2.772780452967493e-007	1.144453e-001	0.000000e+000
2.775669308458306e-007	1.206994e-001	0.000000e+000
2.778303730901988e-007	1.264905e-001	0.000000e+000
2.780696530616800e-007	1.318402e-001	0.000000e+000
2.783626218116800e-007	1.384993e-001	0.000000e+000
2.786555905616800e-007	1.452523e-001	0.000000e+000
2.789485593116800e-007	1.520667e-001	0.000000e+000
2.792415280616800e-007	1.588843e-001	0.000000e+000
2.795344968116800e-007	1.656285e-001	0.000000e+000
2.798274655616800e-007	1.722101e-001	0.000000e+000
2.801163987014805e-007	1.784432e-001	0.000000e+000
2.804093674514805e-007	1.844372e-001	0.000000e+000
2.806187652700095e-007	1.884379e-001	0.000000e+000
2.808702582331782e-007	1.928525e-001	0.000000e+000
2.811318492944554e-007	1.969808e-001	0.000000e+000
2.814248180444554e-007	2.009933e-001	0.000000e+000
2.817177867944554e-007	2.043336e-001	0.000000e+000
2.820061768769744e-007	2.069151e-001	0.000000e+000
2.822991456269744e-007	2.088059e-001	0.000000e+000
2.825921143769744e-007	2.099625e-001	0.000000e+000
2.828850831269744e-007	2.104171e-001	0.000000e+000
2.831280078477517e-007	2.102471e-001	0.000000e+000
2.833613606630527e-007	2.095610e-001	0.000000e+000
2.836543294130527e-007	2.080588e-001	0.000000e+000
2.839196483585560e-007	2.060818e-001	0.000000e+000
2.842126171085560e-007	2.031928e-001	0.000000e+000
2.844626765333824e-007	2.001224e-001	0.000000e+000
2.847234455522893e-007	1.962489e-001	0.000000e+000
2.850164143022893e-007	1.911116e-001	0.000000e+000
2.853093830522894e-007	1.851287e-001	0.000000e+000
2.856023518022894e-007	1.782534e-001	0.000000e+000
2.858953205522894e-007	1.704746e-001	0.000000e+000
2.861882893022894e-007	1.617988e-001	0.000000e+000
2.864812580522894e-007	1.522540e-001	0.000000e+000
2.867742268022894e-007	1.419102e-001	0.000000e+000
2.870357446279370e-007	1.320432e-001	0.000000e+000
2.872941444316743e-007	1.217436e-001	0.000000e+000
2.875871131816743e-007	1.095436e-001	0.000000e+000
2.878800819316743e-007	9.692443e-002	0.000000e+000
2.881613623915749e-007	8.451381e-002	0.000000e+000
2.884505291938554e-007	7.158136e-002	0.000000e+000
2.887434979438554e-007	5.843035e-002	0.000000e+000
2.890197735800778e-007	4.609658e-002	0.000000e+000
2.893127423300778e-007	3.320129e-002	0.000000e+000
2.896057110800778e-007	2.057686e-002	0.000000e+000
2.898563776356035e-007	1.007961e-002	0.000000e+000
2.901346368501621e-007	-1.199303e-003	0.000000e+000
2.903486295382755e-007	-9.583262e-003	0.000000e+000
2.905227027214200e-007	-1.615662e-002	0.000000e+000
2.907268006207590e-007	-2.358382e-002	0.000000e+000
2.909119981878985e-007	-3.004545e-002	0.000000e+000
2.911403167793979e-007	-3.762359e-002	0.000000e+000
2.913680740210638e-007	-4.472966e-002	0.000000e+000
2.916522717555571e-007	-5.292401e-002	0.000000e+000
2.919452405055571e-007	-6.058369e-002	0.000000e+000
2.922382092555571e-007	-6.736653e-002	0.000000e+000
2.925177487594758e-007	-7.294282e-002	0.000000e+000
2.928107175094758e-007	-7.779868e-002	0.000000e+000
2.931036862594758e-007	-8.162516e-002	0.000000e+000
2.933966550094758e-007	-8.438269e-002	0.000000e+000
2.936896237594758e-007	-8.605998e-002	0.000000e+000
2.939825925094758e-007	-8.668324e-002	0.000000e+000
2.942558417386832e-007	-8.630985e-002	0.000000e+000
2.945488104886832e-007	-8.493824e-002	0.000000e+000
2.948417792386832e-007	-8.274123e-002	0.000000e+000
2.950296043743307e-007	-8.087874e-002	0.000000e+000
2.952399144652699e-007	-7.835421e-002	0.000000e+000
2.955089805413704e-007	-7.465748e-002	0.000000e+000
2.957812938464409e-007	-7.048497e-002	0.000000e+000
2.960742625964409e-007	-6.561314e-002	0.000000e+000
2.963672313464409e-007	-6.048414e-002	0.000000e+000
2.966602000964409e-007	-5.522283e-002	0.000000e+000
2.967656690117200e-007	-5.331361e-002	0.000000e+000
2.968014161465971e-007	-5.266640e-002	0.000000e+000
2.968529504715569e-007	-5.173571e-002	0.000000e+000
2.969131060029805e-007	-5.065421e-002	0.000000e+000
2.970334170658275e-007	-4.851053e-002	0.000000e+000
2.971997023730297e-007	-4.559769e-002	0.000000e+000
2.974093176225808e-007	-4.202528e-002	0.000000e+000
2.976094876703485e-007	-3.876134e-002	0.000000e+000
2.978833481636963e-007	-3.457319e-002	0.000000e+000
2.981676321239356e-007	-3.059258e-002	0.000000e+000
2.984606008739356e-007	-2.695245e-002	0.000000e+000
2.987535696239356e-007	-2.382880e-002	0.000000e+000
2.990465383739356e-007	-2.126222e-002	0.000000e+000
2.993395071239356e-007	-1.928004e-002	0.000000e+000
2.996324758739356e-007	-1.790062e-002	0.000000e+000
2.999254446239356e-007	-1.701915e-002	0.000000e+000
3.000000000000000e-007	-1.688328e-002	0.000000e+000
