time	V(-1)	V(1)
0.000000000000000e+000	0.000000e+000	0.000000e+000
5.859374976587093e-015	0.000000e+000	7.812500e-007
1.171874995317419e-014	0.000000e+000	1.562500e-006
6.867187472560075e-012	0.000000e+000	9.156249e-004
1.372265619516698e-011	0.000000e+000	1.829687e-003
2.057812491777388e-011	0.000000e+000	2.743750e-003
2.743359364038078e-011	0.000000e+000	3.657812e-003
3.428906236298768e-011	0.000000e+000	4.571875e-003
4.114453108559458e-011	0.000000e+000	5.485937e-003
4.799999980820147e-011	0.000000e+000	6.400000e-003
9.599999961640293e-011	0.000000e+000	1.280000e-002
1.424853462540462e-010	0.000000e+000	1.899805e-002
1.840883150638608e-010	0.000000e+000	2.454511e-002
2.235567937033056e-010	0.000000e+000	2.980757e-002
2.637021757149754e-010	0.000000e+000	3.516029e-002
3.090462910430822e-010	0.000000e+000	4.120617e-002
3.593252335689290e-010	0.000000e+000	4.791003e-002
4.191041231268771e-010	0.000000e+000	5.588055e-002
4.874260421606839e-010	0.000000e+000	6.499014e-002
5.682086713380188e-010	0.000000e+000	7.576115e-002
6.614021675055923e-010	0.000000e+000	8.818696e-002
7.712496034889150e-010	0.000000e+000	1.028333e-001
8.615582220960140e-010	0.000000e+000	1.148744e-001
9.625586652195732e-010	0.000000e+000	1.283412e-001
1.056961991433678e-009	0.000000e+000	1.409283e-001
1.170193641659177e-009	0.000000e+000	1.560258e-001
1.286083677563510e-009	0.000000e+000	1.714778e-001
1.421646367681983e-009	0.000000e+000	1.895528e-001
1.565096390841453e-009	0.000000e+000	2.086795e-001
1.691098114104751e-009	0.000000e+000	2.254798e-001
1.820433583284431e-009	0.000000e+000	2.427245e-001
1.958305872785509e-009	0.000000e+000	2.611074e-001
2.106077390278641e-009	0.000000e+000	2.808103e-001
2.265640617322931e-009	0.000000e+000	3.020854e-001
2.437790790774321e-009	0.000000e+000	3.250388e-001
2.624281854481938e-009	0.000000e+000	3.499042e-001
2.787098688833998e-009	0.000000e+000	3.716131e-001
2.962403964624694e-009	0.000000e+000	3.949872e-001
3.139273646535376e-009	0.000000e+000	4.185698e-001
3.333037269959343e-009	0.000000e+000	4.444050e-001
3.534453639397558e-009	0.000000e+000	4.712605e-001
3.753820083303354e-009	0.000000e+000	5.005093e-001
3.949936788419710e-009	0.000000e+000	5.266582e-001
4.157483286193523e-009	0.000000e+000	5.543311e-001
4.367702258960888e-009	0.000000e+000	5.823603e-001
4.594448886422464e-009	0.000000e+000	6.125932e-001
4.829905569216596e-009	0.000000e+000	6.439874e-001
5.050486935191422e-009	0.000000e+000	6.733983e-001
5.294527890861153e-009	0.000000e+000	7.059370e-001
5.520652374248504e-009	0.000000e+000	7.360870e-001
5.776205045617825e-009	0.000000e+000	7.701607e-001
6.028343388848359e-009	0.000000e+000	8.037791e-001
6.278631201143472e-009	0.000000e+000	8.371508e-001
6.549636527844081e-009	0.000000e+000	8.732849e-001
6.798638638543792e-009	0.000000e+000	9.064851e-001
7.078468346070446e-009	0.000000e+000	9.437958e-001
7.225141580659817e-009	0.000000e+000	9.633522e-001
7.499999999999999e-009	0.000000e+000	1.000000e+000
7.527485841934018e-009	0.000000e+000	1.000000e+000
7.582457525802055e-009	0.000000e+000	1.000000e+000
7.692400893538127e-009	0.000000e+000	1.000000e+000
7.870873159131220e-009	0.000000e+000	1.000000e+000
8.130664609182903e-009	0.000000e+000	1.000000e+000
8.403966701614365e-009	0.000000e+000	1.000000e+000
8.709917977866497e-009	0.000000e+000	1.000000e+000
9.019431563875312e-009	0.000000e+000	1.000000e+000
9.304504491957941e-009	0.000000e+000	1.000000e+000
9.616715117870056e-009	0.000000e+000	1.000000e+000
9.924807244069291e-009	0.000000e+000	1.000000e+000
1.025862709255158e-008	0.000000e+000	1.000000e+000
1.058640158690578e-008	0.000000e+000	1.000000e+000
1.090158056149302e-008	0.000000e+000	1.000000e+000
1.123685783102850e-008	0.000000e+000	1.000000e+000
1.157536772810104e-008	0.000000e+000	1.000000e+000
1.189582147829143e-008	0.000000e+000	1.000000e+000
1.223287921946432e-008	0.000000e+000	1.000000e+000
1.257229917413481e-008	0.000000e+000	1.000000e+000
1.293098174837891e-008	0.000000e+000	1.000000e+000
1.329835610489788e-008	0.000000e+000	1.000000e+000
1.363703933057605e-008	0.000000e+000	1.000000e+000
1.400709479098673e-008	0.000000e+000	1.000000e+000
1.437068193579430e-008	0.000000e+000	1.000000e+000
1.471915417052404e-008	0.000000e+000	1.000000e+000
1.508615936601554e-008	0.000000e+000	1.000000e+000
1.545535406995079e-008	0.000000e+000	1.000000e+000
1.584461313241850e-008	0.000000e+000	1.000000e+000
1.624232888107422e-008	0.000000e+000	1.000000e+000
1.661261930505066e-008	0.000000e+000	1.000000e+000
1.701409163685380e-008	0.000000e+000	1.000000e+000
1.740997739204442e-008	0.000000e+000	1.000000e+000
1.782550879997440e-008	0.000000e+000	1.000000e+000
1.821064014778291e-008	0.000000e+000	1.000000e+000
1.863142315310237e-008	0.000000e+000	1.000000e+000
1.904420321947013e-008	0.000000e+000	1.000000e+000
1.944233724587296e-008	0.000000e+000	1.000000e+000
1.986137196038550e-008	0.000000e+000	1.000000e+000
2.028285714869980e-008	0.000000e+000	1.000000e+000
2.072641156112525e-008	0.000000e+000	1.000000e+000
2.113314708739495e-008	0.000000e+000	1.000000e+000
2.157935252711448e-008	0.000000e+000	1.000000e+000
2.201410904674870e-008	0.000000e+000	1.000000e+000
2.243761460354643e-008	0.000000e+000	1.000000e+000
2.287977073568937e-008	0.000000e+000	1.000000e+000
2.332654745577380e-008	0.000000e+000	1.000000e+000
2.379400843498032e-008	0.000000e+000	1.000000e+000
2.422649982605422e-008	0.000000e+000	1.000000e+000
2.469768266454340e-008	0.000000e+000	1.000000e+000
2.515870916932723e-008	0.000000e+000	1.000000e+000
2.560815288605335e-008	0.000000e+000	1.000000e+000
2.607729553130930e-008	0.000000e+000	1.000000e+000
2.655109132684917e-008	0.000000e+000	1.000000e+000
2.700254629846195e-008	0.000000e+000	1.000000e+000
2.748223825005296e-008	0.000000e+000	1.000000e+000
2.795950557488770e-008	0.000000e+000	1.000000e+000
2.844834525655792e-008	0.000000e+000	1.000000e+000
2.892016752649397e-008	0.000000e+000	1.000000e+000
2.942025554728905e-008	0.000000e+000	1.000000e+000
2.992048353026886e-008	0.000000e+000	1.000000e+000
3.040252564130402e-008	0.000000e+000	1.000000e+000
3.091075812874657e-008	0.000000e+000	1.000000e+000
3.141970840969140e-008	0.000000e+000	1.000000e+000
3.191008433312594e-008	0.000000e+000	1.000000e+000
3.242696339565460e-008	0.000000e+000	1.000000e+000
3.294430659269823e-008	0.000000e+000	1.000000e+000
3.344363333021089e-008	0.000000e+000	1.000000e+000
3.396918895955133e-008	0.000000e+000	1.000000e+000
3.449553786010964e-008	0.000000e+000	1.000000e+000
3.500395283699190e-008	0.000000e+000	1.000000e+000
3.553874609300517e-008	0.000000e+000	1.000000e+000
3.607439535162433e-008	1.401298e-045	1.000000e+000
3.659236153703842e-008	7.006492e-045	1.000000e+000
3.713676438849549e-008	3.503246e-044	1.000000e+000
3.768223248196328e-008	1.569454e-043	1.000000e+000
3.821012145550515e-008	6.824324e-043	1.000000e+000
3.876466905077863e-008	3.113685e-042	1.000000e+000
3.932043807984234e-008	1.328851e-041	1.000000e+000
3.985874210388557e-008	5.582913e-041	1.000000e+000
4.042397020509308e-008	2.352528e-040	1.000000e+000
4.096544491500489e-008	9.387186e-040	1.000000e+000
4.152608985101672e-008	3.873563e-039	1.000000e+000
4.208964762155799e-008	1.515960e-038	1.000000e+000
4.263411370846340e-008	5.806458e-038	1.000000e+000
4.320597264056347e-008	2.323256e-037	1.000000e+000
4.377788014223678e-008	8.805896e-037	1.000000e+000
4.433427000667247e-008	3.281725e-036	1.000000e+000
4.491605762031884e-008	1.272446e-035	1.000000e+000
4.550015717125752e-008	4.700791e-035	1.000000e+000
4.606719074234852e-008	1.685290e-034	1.000000e+000
4.665312824234852e-008	6.184459e-034	1.000000e+000
4.723906574234852e-008	2.197975e-033	1.000000e+000
4.782031312770203e-008	7.639755e-033	1.000000e+000
4.840625062770203e-008	2.607897e-032	1.000000e+000
4.898287780095471e-008	8.670404e-032	1.000000e+000
4.956881530095471e-008	2.890923e-031	1.000000e+000
5.015475280095471e-008	9.447046e-031	1.000000e+000
5.074069030095472e-008	3.036182e-030	1.000000e+000
5.132662780095472e-008	9.600866e-030	1.000000e+000
5.191256530095472e-008	2.988225e-029	1.000000e+000
5.249850280095472e-008	9.157913e-029	1.000000e+000
5.308444030095472e-008	2.764473e-028	1.000000e+000
5.367037780095472e-008	8.222527e-028	1.000000e+000
5.425631530095472e-008	2.410532e-027	1.000000e+000
5.484225280095472e-008	6.967330e-027	1.000000e+000
5.542819030095472e-008	1.986052e-026	1.000000e+000
5.601412780095472e-008	5.584768e-026	1.000000e+000
5.660006530095473e-008	1.549615e-025	1.000000e+000
5.718600280095473e-008	4.243811e-025	1.000000e+000
5.777194030095473e-008	1.147377e-024	1.000000e+000
5.835787780095473e-008	3.063196e-024	1.000000e+000
5.894381530095473e-008	8.077138e-024	1.000000e+000
5.952975280095473e-008	2.104005e-023	1.000000e+000
6.011569030095473e-008	5.415408e-023	1.000000e+000
6.070162780095473e-008	1.377513e-022	1.000000e+000
6.128756530095473e-008	3.463560e-022	1.000000e+000
6.187350280095473e-008	8.609753e-022	1.000000e+000
6.245944030095474e-008	2.116292e-021	1.000000e+000
6.304537780095474e-008	5.144587e-021	1.000000e+000
6.363131530095474e-008	1.237047e-020	1.000000e+000
6.421725280095474e-008	2.942728e-020	1.000000e+000
6.480319030095474e-008	6.926410e-020	1.000000e+000
6.538912780095474e-008	1.613332e-019	1.000000e+000
6.597506530095474e-008	3.719271e-019	1.000000e+000
6.656100280095474e-008	8.487296e-019	1.000000e+000
6.714694030095474e-008	1.917412e-018	1.000000e+000
6.773287780095474e-008	4.288953e-018	1.000000e+000
6.831881530095475e-008	9.500138e-018	1.000000e+000
6.890475280095475e-008	2.084026e-017	1.000000e+000
6.949069030095475e-008	4.528146e-017	1.000000e+000
7.007662780095475e-008	9.746086e-017	1.000000e+000
7.066256530095475e-008	2.078161e-016	1.000000e+000
7.124850280095475e-008	4.390481e-016	1.000000e+000
7.183444030095475e-008	9.191216e-016	1.000000e+000
7.242037780095475e-008	1.906795e-015	1.000000e+000
7.300631530095475e-008	3.920539e-015	1.000000e+000
7.359225280095475e-008	7.989842e-015	1.000000e+000
7.417819030095476e-008	1.614059e-014	1.000000e+000
7.476412780095476e-008	3.232410e-014	1.000000e+000
7.535006530095476e-008	6.417935e-014	1.000000e+000
7.593600280095476e-008	1.263457e-013	1.000000e+000
7.652194030095476e-008	2.466357e-013	1.000000e+000
7.710787780095476e-008	4.774347e-013	1.000000e+000
7.769381530095476e-008	9.165705e-013	1.000000e+000
7.827975280095476e-008	1.745188e-012	1.000000e+000
7.886569030095476e-008	3.295886e-012	1.000000e+000
7.945162780095476e-008	6.174252e-012	1.000000e+000
8.003756530095477e-008	1.147377e-011	1.000000e+000
8.062350280095477e-008	2.115260e-011	1.000000e+000
8.120944030095477e-008	3.868860e-011	1.000000e+000
8.179537780095477e-008	7.020832e-011	1.000000e+000
8.238131530095477e-008	1.264166e-010	1.000000e+000
8.296725280095477e-008	2.258668e-010	1.000000e+000
8.355319030095477e-008	4.004567e-010	1.000000e+000
8.413912780095477e-008	7.045873e-010	1.000000e+000
8.472506530095477e-008	1.230298e-009	1.000000e+000
8.531100280095478e-008	2.132073e-009	1.000000e+000
8.589694030095478e-008	3.667147e-009	1.000000e+000
8.648287780095478e-008	6.260472e-009	1.000000e+000
8.706881530095478e-008	1.060854e-008	1.000000e+000
8.765475280095478e-008	1.784391e-008	1.000000e+000
8.824069030095478e-008	2.979382e-008	1.000000e+000
8.882662780095478e-008	4.938313e-008	1.000000e+000
8.941256530095478e-008	8.125711e-008	1.000000e+000
8.999850280095478e-008	1.327357e-007	1.000000e+000
9.058444030095478e-008	2.152635e-007	1.000000e+000
9.117037780095479e-008	3.465937e-007	1.000000e+000
9.175631530095479e-008	5.540511e-007	1.000000e+000
9.234225280095479e-008	8.793623e-007	1.000000e+000
9.292819030095479e-008	1.385748e-006	1.000000e+000
9.351412780095479e-008	2.168241e-006	1.000000e+000
9.410006530095479e-008	3.368571e-006	1.000000e+000
9.468600280095479e-008	5.196440e-006	1.000000e+000
9.527194030095479e-008	7.959655e-006	1.000000e+000
9.585787780095479e-008	1.210643e-005	1.000000e+000
9.644381530095479e-008	1.828423e-005	1.000000e+000
9.702975280095480e-008	2.742075e-005	1.000000e+000
9.761569030095480e-008	4.083450e-005	1.000000e+000
9.820162780095480e-008	6.038410e-005	1.000000e+000
9.878756530095480e-008	8.866796e-005	1.000000e+000
9.937350280095480e-008	1.292885e-004	1.000000e+000
9.995944030095480e-008	1.871984e-004	1.000000e+000
1.005453778009548e-007	2.691482e-004	1.000000e+000
1.011313153009548e-007	3.842608e-004	1.000000e+000
1.017172528009548e-007	5.447565e-004	1.000000e+000
1.023031903009548e-007	7.668605e-004	1.000000e+000
1.028891278009548e-007	1.071920e-003	1.000000e+000
1.034750653009548e-007	1.487766e-003	1.000000e+000
1.040610028009548e-007	2.050336e-003	1.000000e+000
1.046469403009548e-007	2.805599e-003	1.000000e+000
1.052328778009548e-007	3.811768e-003	1.000000e+000
1.058188153009548e-007	5.141817e-003	1.000000e+000
1.064047528009548e-007	6.867405e-003	1.000000e+000
1.069140625000000e-007	8.803547e-003	1.000000e+000
1.075000000000000e-007	1.145926e-002	1.000000e+000
1.075585937500000e-007	1.178485e-002	9.921875e-001
1.076757812500000e-007	1.246135e-002	9.765625e-001
1.079101562500000e-007	1.394742e-002	9.453125e-001
1.083789062500000e-007	1.740340e-002	8.828125e-001
1.089648437500000e-007	2.264526e-002	8.046875e-001
1.095507812500000e-007	2.916480e-002	7.265625e-001
1.101367187500000e-007	3.728256e-002	6.484375e-001
1.107226562500000e-007	4.730362e-002	5.703125e-001
1.113085937500000e-007	5.956631e-002	4.921875e-001
1.118945312500000e-007	7.443859e-002	4.140625e-001
1.124804687500000e-007	9.231213e-002	3.359375e-001
1.130664062500000e-007	1.135932e-001	2.578125e-001
1.136523437500000e-007	1.386907e-001	1.796875e-001
1.142382812500000e-007	1.671881e-001	1.015625e-001
1.144140625000000e-007	1.766312e-001	7.812500e-002
1.146484375000000e-007	1.902910e-001	4.687500e-002
1.150000000000000e-007	2.117223e-001	0.000000e+000
1.150007734383531e-007	2.117721e-001	0.000000e+000
1.150023203150592e-007	2.118716e-001	0.000000e+000
1.150301640957692e-007	2.136705e-001	0.000000e+000
1.150580078764792e-007	2.154836e-001	0.000000e+000
1.150858516571892e-007	2.173111e-001	0.000000e+000
1.151136954378992e-007	2.191529e-001	0.000000e+000
1.151415392186092e-007	2.210090e-001	0.000000e+000
1.151693829993192e-007	2.228794e-001	0.000000e+000
1.151972267800293e-007	2.247641e-001	0.000000e+000
1.153952269984116e-007	2.385877e-001	0.000000e+000
1.157912274351762e-007	2.680176e-001	0.000000e+000
1.162846474368372e-007	3.077194e-001	0.000000e+000
1.168005077590715e-007	3.530160e-001	0.000000e+000
1.173091210546432e-007	4.016401e-001	0.000000e+000
1.178528764421097e-007	4.576937e-001	0.000000e+000
1.183424771448633e-007	5.114692e-001	0.000000e+000
1.187875028166628e-007	5.629033e-001	0.000000e+000
1.191714291596219e-007	6.089925e-001	0.000000e+000
1.195164103100625e-007	6.515617e-001	0.000000e+000
1.198267639968532e-007	6.905897e-001	0.000000e+000
1.200900134847070e-007	7.241127e-001	0.000000e+000
1.203419723249036e-007	7.564433e-001	0.000000e+000
1.205950408596004e-007	7.890266e-001	0.000000e+000
1.208880822964134e-007	8.266943e-001	0.000000e+000
1.213054626360649e-007	8.798918e-001	0.000000e+000
1.217136364834074e-007	9.310530e-001	0.000000e+000
1.220551800387206e-007	9.728258e-001	0.000000e+000
1.223313874046314e-007	1.005600e+000	0.000000e+000
1.225982562932976e-007	1.036185e+000	0.000000e+000
1.228676468788581e-007	1.065890e+000	0.000000e+000
1.231095783628034e-007	1.091413e+000	0.000000e+000
1.233546985896546e-007	1.116004e+000	0.000000e+000
1.236004823839048e-007	1.139121e+000	0.000000e+000
1.239587896322636e-007	1.169976e+000	0.000000e+000
1.243748213788719e-007	1.202091e+000	0.000000e+000
1.246749393011894e-007	1.222253e+000	0.000000e+000
1.249904638113077e-007	1.240302e+000	0.000000e+000
1.252751055776124e-007	1.253999e+000	0.000000e+000
1.255237868035691e-007	1.263747e+000	0.000000e+000
1.257776162542672e-007	1.271532e+000	0.000000e+000
1.260300187799214e-007	1.277202e+000	0.000000e+000
1.262724811447488e-007	1.280596e+000	0.000000e+000
1.265575528463376e-007	1.282081e+000	0.000000e+000
1.268697060983053e-007	1.280885e+000	0.000000e+000
1.271858490912401e-007	1.276724e+000	0.000000e+000
1.275184726239550e-007	1.269460e+000	0.000000e+000
1.277821868942603e-007	1.261672e+000	0.000000e+000
1.280396379019582e-007	1.252348e+000	0.000000e+000
1.282985747757065e-007	1.241543e+000	0.000000e+000
1.285444027774677e-007	1.230109e+000	0.000000e+000
1.287933617216276e-007	1.217505e+000	0.000000e+000
1.290601923745028e-007	1.203095e+000	0.000000e+000
1.293235909677493e-007	1.188145e+000	0.000000e+000
1.296850388327306e-007	1.166951e+000	0.000000e+000
1.299646410570165e-007	1.150324e+000	0.000000e+000
1.302294938897365e-007	1.134613e+000	0.000000e+000
1.304982162737273e-007	1.118968e+000	0.000000e+000
1.307480210590279e-007	1.104895e+000	0.000000e+000
1.309982875335314e-007	1.091445e+000	0.000000e+000
1.312505017119584e-007	1.078714e+000	0.000000e+000
1.315106817389527e-007	1.066587e+000	0.000000e+000
1.317554592468102e-007	1.056334e+000	0.000000e+000
1.320671685142337e-007	1.044987e+000	0.000000e+000
1.323656497983744e-007	1.035950e+000	0.000000e+000
1.326564732108183e-007	1.029142e+000	0.000000e+000
1.329689249077134e-007	1.023964e+000	0.000000e+000
1.332309494664485e-007	1.021394e+000	0.000000e+000
1.334979442180340e-007	1.020507e+000	0.000000e+000
1.337464606564291e-007	1.021170e+000	0.000000e+000
1.339983463835325e-007	1.023276e+000	0.000000e+000
1.342489387373316e-007	1.026691e+000	0.000000e+000
1.344929010470349e-007	1.031251e+000	0.000000e+000
1.347879058047326e-007	1.038169e+000	0.000000e+000
1.350881163709358e-007	1.046466e+000	0.000000e+000
1.353536145113124e-007	1.054746e+000	0.000000e+000
1.356142627169040e-007	1.063574e+000	0.000000e+000
1.358778873632169e-007	1.072977e+000	0.000000e+000
1.361273014696069e-007	1.082134e+000	0.000000e+000
1.363834048277714e-007	1.091614e+000	0.000000e+000
1.366362149490133e-007	1.100869e+000	0.000000e+000
1.368844225475022e-007	1.109685e+000	0.000000e+000
1.371402815647860e-007	1.118322e+000	0.000000e+000
1.374010809075585e-007	1.126495e+000	0.000000e+000
1.376727324449435e-007	1.134172e+000	0.000000e+000
1.379496333534818e-007	1.140987e+000	0.000000e+000
1.382211221482430e-007	1.146570e+000	0.000000e+000
1.384736944553437e-007	1.150667e+000	0.000000e+000
1.387351383997252e-007	1.153734e+000	0.000000e+000
1.389926047841528e-007	1.155566e+000	0.000000e+000
1.392663525870964e-007	1.156250e+000	0.000000e+000
1.395150566547109e-007	1.155759e+000	0.000000e+000
1.397649762641880e-007	1.154192e+000	0.000000e+000
1.400216134010585e-007	1.151549e+000	0.000000e+000
1.403006564434476e-007	1.147589e+000	0.000000e+000
1.406241553754207e-007	1.141877e+000	0.000000e+000
1.408918213153156e-007	1.136371e+000	0.000000e+000
1.411646813542206e-007	1.130149e+000	0.000000e+000
1.414194889609649e-007	1.123975e+000	0.000000e+000
1.416789681566363e-007	1.117481e+000	0.000000e+000
1.419303463893654e-007	1.111149e+000	0.000000e+000
1.421850414798711e-007	1.104841e+000	0.000000e+000
1.424317059797564e-007	1.098975e+000	0.000000e+000
1.426874892199905e-007	1.093295e+000	0.000000e+000
1.429748074982725e-007	1.087536e+000	0.000000e+000
1.432648038030422e-007	1.082498e+000	0.000000e+000
1.435347310047931e-007	1.078630e+000	0.000000e+000
1.437876009792513e-007	1.075834e+000	0.000000e+000
1.440491152572926e-007	1.073820e+000	0.000000e+000
1.443052808458318e-007	1.072711e+000	0.000000e+000
1.445538508611845e-007	1.072471e+000	0.000000e+000
1.448047038089753e-007	1.073042e+000	0.000000e+000
1.450537725775844e-007	1.074368e+000	0.000000e+000
1.453000674400119e-007	1.076387e+000	0.000000e+000
1.455724674564630e-007	1.079330e+000	0.000000e+000
1.458409296812682e-007	1.082834e+000	0.000000e+000
1.461014255503671e-007	1.086715e+000	0.000000e+000
1.463685465474389e-007	1.091053e+000	0.000000e+000
1.466273201786377e-007	1.095468e+000	0.000000e+000
1.468768696114070e-007	1.099804e+000	0.000000e+000
1.471312664935202e-007	1.104183e+000	0.000000e+000
1.473774451326963e-007	1.108269e+000	0.000000e+000
1.476278900580949e-007	1.112158e+000	0.000000e+000
1.478960018336365e-007	1.115938e+000	0.000000e+000
1.481402795537180e-007	1.118938e+000	0.000000e+000
1.484046472858075e-007	1.121622e+000	0.000000e+000
1.486719717659865e-007	1.123706e+000	0.000000e+000
1.489368419763637e-007	1.125103e+000	0.000000e+000
1.491888391700492e-007	1.125781e+000	0.000000e+000
1.494478634746652e-007	1.125819e+000	0.000000e+000
1.496997944489254e-007	1.125240e+000	0.000000e+000
1.499550939190458e-007	1.124062e+000	0.000000e+000
1.502176199684536e-007	1.122301e+000	0.000000e+000
1.504659908274978e-007	1.120175e+000	0.000000e+000
1.507375210817608e-007	1.117433e+000	0.000000e+000
1.509856291758638e-007	1.114631e+000	0.000000e+000
1.512827471470084e-007	1.111031e+000	0.000000e+000
1.515749820245449e-007	1.107381e+000	0.000000e+000
1.518407587265631e-007	1.104073e+000	0.000000e+000
1.520927236417332e-007	1.101054e+000	0.000000e+000
1.523500933926393e-007	1.098181e+000	0.000000e+000
1.526147166295348e-007	1.095525e+000	0.000000e+000
1.528671545612953e-007	1.093345e+000	0.000000e+000
1.531286270923207e-007	1.091507e+000	0.000000e+000
1.533744981452662e-007	1.090207e+000	0.000000e+000
1.536285760364703e-007	1.089340e+000	0.000000e+000
1.538996749131985e-007	1.088934e+000	0.000000e+000
1.541624993260061e-007	1.089041e+000	0.000000e+000
1.544198323772600e-007	1.089620e+000	0.000000e+000
1.546834932325359e-007	1.090651e+000	0.000000e+000
1.549381383593975e-007	1.092017e+000	0.000000e+000
1.551866761773015e-007	1.093654e+000	0.000000e+000
1.554380805905620e-007	1.095550e+000	0.000000e+000
1.556990260048644e-007	1.097693e+000	0.000000e+000
1.559463709686849e-007	1.099820e+000	0.000000e+000
1.562086668049994e-007	1.102099e+000	0.000000e+000
1.564736314918550e-007	1.104342e+000	0.000000e+000
1.567560035271538e-007	1.106584e+000	0.000000e+000
1.570273559399834e-007	1.108522e+000	0.000000e+000
1.572884769792695e-007	1.110123e+000	0.000000e+000
1.575393248985564e-007	1.111367e+000	0.000000e+000
1.577939928131993e-007	1.112306e+000	0.000000e+000
1.580412720759296e-007	1.112887e+000	0.000000e+000
1.582928241346814e-007	1.113135e+000	0.000000e+000
1.585383522351783e-007	1.113050e+000	0.000000e+000
1.587862612739889e-007	1.112639e+000	0.000000e+000
1.590576936275444e-007	1.111865e+000	0.000000e+000
1.593012199770586e-007	1.110923e+000	0.000000e+000
1.594865749087398e-007	1.110052e+000	0.000000e+000
1.596900096136346e-007	1.108962e+000	0.000000e+000
1.599390651457642e-007	1.107506e+000	0.000000e+000
1.601905804425415e-007	1.105949e+000	0.000000e+000
1.604383826486029e-007	1.104375e+000	0.000000e+000
1.606915081231449e-007	1.102781e+000	0.000000e+000
1.609393348825343e-007	1.101284e+000	0.000000e+000
1.611895312295524e-007	1.099886e+000	0.000000e+000
1.614485033041040e-007	1.098597e+000	0.000000e+000
1.616969026334329e-007	1.097546e+000	0.000000e+000
1.619357862767553e-007	1.096740e+000	0.000000e+000
1.621894905073312e-007	1.096121e+000	0.000000e+000
1.624476409187966e-007	1.095751e+000	0.000000e+000
1.627340018518258e-007	1.095634e+000	0.000000e+000
1.629918496538577e-007	1.095790e+000	0.000000e+000
1.632627632913608e-007	1.096205e+000	0.000000e+000
1.635154781778539e-007	1.096797e+000	0.000000e+000
1.637777024898361e-007	1.097588e+000	0.000000e+000
1.640241080787431e-007	1.098458e+000	0.000000e+000
1.642717597934692e-007	1.099424e+000	0.000000e+000
1.645355235217617e-007	1.100507e+000	0.000000e+000
1.647974747572527e-007	1.101593e+000	0.000000e+000
1.650588306473694e-007	1.102645e+000	0.000000e+000
1.653288174621316e-007	1.103657e+000	0.000000e+000
1.655837365899012e-007	1.104511e+000	0.000000e+000
1.658322483430690e-007	1.105216e+000	0.000000e+000
1.660840109892199e-007	1.105781e+000	0.000000e+000
1.663516590663938e-007	1.106208e+000	0.000000e+000
1.665997654226082e-007	1.106433e+000	0.000000e+000
1.668596081040616e-007	1.106488e+000	0.000000e+000
1.671207077580890e-007	1.106365e+000	0.000000e+000
1.673903712158794e-007	1.106063e+000	0.000000e+000
1.676740499755708e-007	1.105581e+000	0.000000e+000
1.679320627853871e-007	1.105020e+000	0.000000e+000
1.681809163169004e-007	1.104385e+000	0.000000e+000
1.684350453206772e-007	1.103674e+000	0.000000e+000
1.686834577908878e-007	1.102945e+000	0.000000e+000
1.689360617483742e-007	1.102195e+000	0.000000e+000
1.691820117151644e-007	1.101481e+000	0.000000e+000
1.694315359149900e-007	1.100799e+000	0.000000e+000
1.696940780578141e-007	1.100148e+000	0.000000e+000
1.699528449661465e-007	1.099593e+000	0.000000e+000
1.702155375117896e-007	1.099131e+000	0.000000e+000
1.704715063461657e-007	1.098791e+000	0.000000e+000
1.707325656699528e-007	1.098564e+000	0.000000e+000
1.710047585879045e-007	1.098451e+000	0.000000e+000
1.712620394072956e-007	1.098459e+000	0.000000e+000
1.715356194669849e-007	1.098581e+000	0.000000e+000
1.717860341672018e-007	1.098781e+000	0.000000e+000
1.720306710592037e-007	1.099049e+000	0.000000e+000
1.722843838326369e-007	1.099387e+000	0.000000e+000
1.725465910087299e-007	1.099779e+000	0.000000e+000
1.728100134015120e-007	1.100201e+000	0.000000e+000
1.730746213128684e-007	1.100632e+000	0.000000e+000
1.733420002920336e-007	1.101057e+000	0.000000e+000
1.736062209127645e-007	1.101451e+000	0.000000e+000
1.738606842784966e-007	1.101791e+000	0.000000e+000
1.741350883052787e-007	1.102103e+000	0.000000e+000
1.743837734547619e-007	1.102329e+000	0.000000e+000
1.746411238615980e-007	1.102499e+000	0.000000e+000
1.749071881265370e-007	1.102605e+000	0.000000e+000
1.751596381051660e-007	1.102639e+000	0.000000e+000
1.754276697989303e-007	1.102607e+000	0.000000e+000
1.756948448604466e-007	1.102509e+000	0.000000e+000
1.759747076462391e-007	1.102346e+000	0.000000e+000
1.762299441747310e-007	1.102149e+000	0.000000e+000
1.764789064813351e-007	1.101919e+000	0.000000e+000
1.767308650364796e-007	1.101658e+000	0.000000e+000
1.769793245179916e-007	1.101381e+000	0.000000e+000
1.772300002413328e-007	1.101090e+000	0.000000e+000
1.774860536005162e-007	1.100789e+000	0.000000e+000
1.777331409882214e-007	1.100503e+000	0.000000e+000
1.780052367721212e-007	1.100200e+000	0.000000e+000
1.782842687490936e-007	1.099909e+000	0.000000e+000
1.785445984371598e-007	1.099663e+000	0.000000e+000
1.787978438499232e-007	1.099452e+000	0.000000e+000
1.790535756120895e-007	1.099271e+000	0.000000e+000
1.793040325151569e-007	1.099127e+000	0.000000e+000
1.795579972195662e-007	1.099017e+000	0.000000e+000
1.798063225114518e-007	1.098945e+000	0.000000e+000
1.800574260241415e-007	1.098909e+000	0.000000e+000
1.803229035138077e-007	1.098909e+000	0.000000e+000
1.805722971584378e-007	1.098944e+000	0.000000e+000
1.808367504219210e-007	1.099018e+000	0.000000e+000
1.811143981261778e-007	1.099130e+000	0.000000e+000
1.813766095525110e-007	1.099266e+000	0.000000e+000
1.816472756357562e-007	1.099432e+000	0.000000e+000
1.819058334119425e-007	1.099609e+000	0.000000e+000
1.821757125599111e-007	1.099808e+000	0.000000e+000
1.824292640135420e-007	1.100000e+000	0.000000e+000
1.826984178583343e-007	1.100203e+000	0.000000e+000
1.829461324453169e-007	1.100381e+000	0.000000e+000
1.832128271055320e-007	1.100557e+000	0.000000e+000
1.834664594439760e-007	1.100700e+000	0.000000e+000
1.837333388735319e-007	1.100820e+000	0.000000e+000
1.839988836111269e-007	1.100900e+000	0.000000e+000
1.842641390131825e-007	1.100935e+000	0.000000e+000
1.845183426753220e-007	1.100923e+000	0.000000e+000
1.847672913538699e-007	1.100864e+000	0.000000e+000
1.850184108143827e-007	1.100757e+000	0.000000e+000
1.852738655999709e-007	1.100600e+000	0.000000e+000
1.855297155713035e-007	1.100397e+000	0.000000e+000
1.857880156285213e-007	1.100150e+000	0.000000e+000
1.860558102781549e-007	1.099858e+000	0.000000e+000
1.863189310310859e-007	1.099545e+000	0.000000e+000
1.865734382065001e-007	1.099226e+000	0.000000e+000
1.868306852539623e-007	1.098901e+000	0.000000e+000
1.870814822139837e-007	1.098591e+000	0.000000e+000
1.873367589393884e-007	1.098296e+000	0.000000e+000
1.875854674856473e-007	1.098040e+000	0.000000e+000
1.878382001525509e-007	1.097820e+000	0.000000e+000
1.880847511619929e-007	1.097655e+000	0.000000e+000
1.883400609823831e-007	1.097544e+000	0.000000e+000
1.886058075949039e-007	1.097496e+000	0.000000e+000
1.888470116310923e-007	1.097515e+000	0.000000e+000
1.891102763406093e-007	1.097607e+000	0.000000e+000
1.893703434121550e-007	1.097763e+000	0.000000e+000
1.896338648148243e-007	1.097981e+000	0.000000e+000
1.898948120211867e-007	1.098247e+000	0.000000e+000
1.901539513151479e-007	1.098548e+000	0.000000e+000
1.904197200165840e-007	1.098879e+000	0.000000e+000
1.906731254092238e-007	1.099200e+000	0.000000e+000
1.909199341358254e-007	1.099503e+000	0.000000e+000
1.911810044741033e-007	1.099794e+000	0.000000e+000
1.914417896010568e-007	1.100040e+000	0.000000e+000
1.917079248961251e-007	1.100229e+000	0.000000e+000
1.919744824245367e-007	1.100345e+000	0.000000e+000
1.922330366868542e-007	1.100377e+000	0.000000e+000
1.924833745823044e-007	1.100326e+000	0.000000e+000
1.927362502616303e-007	1.100192e+000	0.000000e+000
1.929859540352455e-007	1.099982e+000	0.000000e+000
1.932380531846974e-007	1.099698e+000	0.000000e+000
1.934975150413334e-007	1.099341e+000	0.000000e+000
1.937473204391918e-007	1.098949e+000	0.000000e+000
1.940162103903631e-007	1.098492e+000	0.000000e+000
1.942882334759637e-007	1.098015e+000	0.000000e+000
1.945457787813074e-007	1.097571e+000	0.000000e+000
1.947985153960181e-007	1.097163e+000	0.000000e+000
1.950546690072709e-007	1.096796e+000	0.000000e+000
1.953061416869335e-007	1.096498e+000	0.000000e+000
1.955614264047228e-007	1.096273e+000	0.000000e+000
1.958084628409910e-007	1.096140e+000	0.000000e+000
1.960647456705374e-007	1.096099e+000	0.000000e+000
1.963411521403695e-007	1.096161e+000	0.000000e+000
1.965900103795491e-007	1.096310e+000	0.000000e+000
1.968359920227202e-007	1.096541e+000	0.000000e+000
1.971006528531629e-007	1.096866e+000	0.000000e+000
1.973620630991150e-007	1.097247e+000	0.000000e+000
1.976117023859707e-007	1.097648e+000	0.000000e+000
1.978706770875506e-007	1.098081e+000	0.000000e+000
1.981135033728503e-007	1.098481e+000	0.000000e+000
1.983810449651388e-007	1.098890e+000	0.000000e+000
1.986320436351596e-007	1.099224e+000	0.000000e+000
1.988951251818043e-007	1.099499e+000	0.000000e+000
1.991455387282655e-007	1.099675e+000	0.000000e+000
1.994137708849942e-007	1.099756e+000	0.000000e+000
1.996844521177693e-007	1.099720e+000	0.000000e+000
1.999554563203076e-007	1.099562e+000	0.000000e+000
2.002367974146414e-007	1.099275e+000	0.000000e+000
2.005312044124883e-007	1.098857e+000	0.000000e+000
2.008402091803394e-007	1.098319e+000	0.000000e+000
2.011096597696713e-007	1.097792e+000	0.000000e+000
2.013395392434460e-007	1.097317e+000	0.000000e+000
2.016014977256549e-007	1.096775e+000	0.000000e+000
2.018447945461906e-007	1.096295e+000	0.000000e+000
2.020910746160745e-007	1.095857e+000	0.000000e+000
2.023591559001647e-007	1.095457e+000	0.000000e+000
2.026336947303848e-007	1.095150e+000	0.000000e+000
2.029122149977025e-007	1.094963e+000	0.000000e+000
2.031946646327538e-007	1.094913e+000	0.000000e+000
2.034949169888082e-007	1.095016e+000	0.000000e+000
2.038067167940387e-007	1.095281e+000	0.000000e+000
2.041411210348442e-007	1.095717e+000	0.000000e+000
2.044839269724131e-007	1.096283e+000	0.000000e+000
2.048038821832451e-007	1.096874e+000	0.000000e+000
2.050955659821463e-007	1.097424e+000	0.000000e+000
2.053645834817081e-007	1.097902e+000	0.000000e+000
2.056414106998775e-007	1.098329e+000	0.000000e+000
2.059130218350187e-007	1.098652e+000	0.000000e+000
2.062282584189808e-007	1.098882e+000	0.000000e+000
2.065360830223255e-007	1.098938e+000	0.000000e+000
2.068611264368763e-007	1.098797e+000	0.000000e+000
2.072038473937773e-007	1.098437e+000	0.000000e+000
2.075755359598443e-007	1.097836e+000	0.000000e+000
2.079546019979989e-007	1.097057e+000	0.000000e+000
2.082753947841314e-007	1.096313e+000	0.000000e+000
2.085255792770211e-007	1.095712e+000	0.000000e+000
2.087931418355506e-007	1.095087e+000	0.000000e+000
2.090844217616872e-007	1.094467e+000	0.000000e+000
2.093861013250521e-007	1.093927e+000	0.000000e+000
2.097147155159262e-007	1.093491e+000	0.000000e+000
2.100637341706527e-007	1.093225e+000	0.000000e+000
2.104437852660200e-007	1.093172e+000	0.000000e+000
2.108709373417653e-007	1.093357e+000	0.000000e+000
2.112692281776277e-007	1.093696e+000	0.000000e+000
2.115925430426445e-007	1.094035e+000	0.000000e+000
2.119213443947258e-007	1.094359e+000	0.000000e+000
2.122822775896942e-007	1.094606e+000	0.000000e+000
2.126092772551468e-007	1.094650e+000	0.000000e+000
2.129669756624141e-007	1.094419e+000	0.000000e+000
2.133309991048974e-007	1.093806e+000	0.000000e+000
2.137850374695646e-007	1.092444e+000	0.000000e+000
2.143014344758457e-007	1.090138e+000	0.000000e+000
2.147892101736693e-007	1.087270e+000	0.000000e+000
2.151431915158845e-007	1.084761e+000	0.000000e+000
2.154791679478388e-007	1.082057e+000	0.000000e+000
2.158499238894765e-007	1.078789e+000	0.000000e+000
2.162239647740005e-007	1.075222e+000	0.000000e+000
2.166650113261201e-007	1.070661e+000	0.000000e+000
2.171574556602176e-007	1.065032e+000	0.000000e+000
2.177433931602175e-007	1.057444e+000	0.000000e+000
2.182200337729716e-007	1.050256e+000	0.000000e+000
2.186734797795732e-007	1.042091e+000	0.000000e+000
2.191686161691079e-007	1.031363e+000	0.000000e+000
2.196454459837122e-007	1.018718e+000	0.000000e+000
2.202297646138559e-007	9.996938e-001	0.000000e+000
2.208040807392405e-007	9.769096e-001	0.000000e+000
2.213900182392405e-007	9.489760e-001	0.000000e+000
2.219712186216424e-007	9.165413e-001	0.000000e+000
2.225059788306797e-007	8.823224e-001	0.000000e+000
2.230755964624487e-007	8.412474e-001	0.000000e+000
2.236615339624487e-007	7.942783e-001	0.000000e+000
2.242474714624487e-007	7.425096e-001	0.000000e+000
2.248334089624486e-007	6.859074e-001	0.000000e+000
2.254193464624486e-007	6.244969e-001	0.000000e+000
2.260052839624486e-007	5.584234e-001	0.000000e+000
2.265912214624486e-007	4.880663e-001	0.000000e+000
2.271771589624486e-007	4.141445e-001	0.000000e+000
2.277630964624486e-007	3.377797e-001	0.000000e+000
2.283490339624486e-007	2.604963e-001	0.000000e+000
2.289349714624486e-007	1.841505e-001	0.000000e+000
2.295209089624485e-007	1.107976e-001	0.000000e+000
2.301068464624485e-007	4.252089e-002	0.000000e+000
2.306927839624485e-007	-1.874496e-002	0.000000e+000
2.312787214624485e-007	-7.136594e-002	0.000000e+000
2.318646589624485e-007	-1.144533e-001	0.000000e+000
2.323774884274031e-007	-1.434180e-001	0.000000e+000
2.328972026781134e-007	-1.640957e-001	0.000000e+000
2.333651309105632e-007	-1.749117e-001	0.000000e+000
2.339510684105632e-007	-1.786676e-001	0.000000e+000
2.345370059105631e-007	-1.732715e-001	0.000000e+000
2.350439773295033e-007	-1.611354e-001	0.000000e+000
2.355943775920842e-007	-1.410803e-001	0.000000e+000
2.361413474815694e-007	-1.159225e-001	0.000000e+000
2.365977157387589e-007	-9.177737e-002	0.000000e+000
2.370577613103683e-007	-6.560409e-002	0.000000e+000
2.375828034667488e-007	-3.532734e-002	0.000000e+000
2.381538934220715e-007	-3.845940e-003	0.000000e+000
2.386992897178132e-007	2.324333e-002	0.000000e+000
2.391110412976049e-007	4.061332e-002	0.000000e+000
2.394631826508710e-007	5.253129e-002	0.000000e+000
2.398016100588268e-007	6.106710e-002	0.000000e+000
2.401696212182739e-007	6.696626e-002	0.000000e+000
2.405715584918417e-007	6.954828e-002	0.000000e+000
2.409579673116631e-007	6.824294e-002	0.000000e+000
2.413632706705252e-007	6.313629e-002	0.000000e+000
2.417418663629875e-007	5.525253e-002	0.000000e+000
2.421773643737386e-007	4.314892e-002	0.000000e+000
2.426472053906865e-007	2.770470e-002	0.000000e+000
2.431176876819651e-007	1.086992e-002	0.000000e+000
2.435543585309823e-007	-5.006594e-003	0.000000e+000
2.439093695319348e-007	-1.747426e-002	0.000000e+000
2.441788278563743e-007	-2.630770e-002	0.000000e+000
2.444315113292677e-007	-3.373398e-002	0.000000e+000
2.448348671628933e-007	-4.379937e-002	0.000000e+000
2.452644057497584e-007	-5.201755e-002	0.000000e+000
2.457423970491596e-007	-5.809080e-002	0.000000e+000
2.460541622116099e-007	-6.002285e-002	0.000000e+000
2.464355104861341e-007	-6.004108e-002	0.000000e+000
2.468112082356041e-007	-5.801067e-002	0.000000e+000
2.472252231433613e-007	-5.366514e-002	0.000000e+000
2.476000721888989e-007	-4.812780e-002	0.000000e+000
2.479780678397660e-007	-4.126608e-002	0.000000e+000
2.483574744119200e-007	-3.350736e-002	0.000000e+000
2.487274517634159e-007	-2.546421e-002	0.000000e+000
2.491260428427313e-007	-1.669503e-002	0.000000e+000
2.495033824655505e-007	-8.672621e-003	0.000000e+000
2.498619009869360e-007	-1.644962e-003	0.000000e+000
2.502228143015839e-007	4.462983e-003	0.000000e+000
2.506748423412901e-007	1.068951e-002	0.000000e+000
2.509478860329989e-007	1.346578e-002	0.000000e+000
2.512621369744922e-007	1.539684e-002	0.000000e+000
2.516370621410608e-007	1.611451e-002	0.000000e+000
2.520757692439788e-007	1.507481e-002	0.000000e+000
2.523628005931467e-007	1.317253e-002	0.000000e+000
2.527341868757166e-007	9.321420e-003	0.000000e+000
2.530500265928947e-007	5.140943e-003	0.000000e+000
2.533613043007035e-007	2.866275e-004	0.000000e+000
2.537113266954275e-007	-5.702162e-003	0.000000e+000
2.541196437502396e-007	-1.291006e-002	0.000000e+000
2.545720151439439e-007	-2.062841e-002	0.000000e+000
2.549514676416856e-007	-2.641596e-002	0.000000e+000
2.553275793564261e-007	-3.103700e-002	0.000000e+000
2.557518819981384e-007	-3.480027e-002	0.000000e+000
2.560316270735831e-007	-3.623211e-002	0.000000e+000
2.563467298291925e-007	-3.664986e-002	0.000000e+000
2.566624158714164e-007	-3.595914e-002	0.000000e+000
2.569945606867503e-007	-3.405986e-002	0.000000e+000
2.573776745135153e-007	-3.071518e-002	0.000000e+000
2.576464164389150e-007	-2.771823e-002	0.000000e+000
2.579717179882561e-007	-2.352583e-002	0.000000e+000
2.583295118710812e-007	-1.862320e-002	0.000000e+000
2.587107522546274e-007	-1.340619e-002	0.000000e+000
2.590682671064517e-007	-8.912796e-003	0.000000e+000
2.595292826700404e-007	-4.061890e-003	0.000000e+000
2.599137794155452e-007	-1.047010e-003	0.000000e+000
2.602363964176413e-007	5.152326e-004	0.000000e+000
2.605410501117077e-007	1.143240e-003	0.000000e+000
2.608055932708478e-007	1.039207e-003	0.000000e+000
2.610491812429012e-007	3.904843e-004	0.000000e+000
2.613632202750170e-007	-1.089252e-003	0.000000e+000
2.617003371361393e-007	-3.291110e-003	0.000000e+000
2.620983101224180e-007	-6.467463e-003	0.000000e+000
2.625525171603902e-007	-1.044163e-002	0.000000e+000
2.628714636066800e-007	-1.325187e-002	0.000000e+000
2.631678016355465e-007	-1.571064e-002	0.000000e+000
2.634615664701710e-007	-1.789849e-002	0.000000e+000
2.636993105367930e-007	-1.940475e-002	0.000000e+000
2.639924023082210e-007	-2.086070e-002	0.000000e+000
2.643455539385329e-007	-2.203767e-002	0.000000e+000
2.647645313197309e-007	-2.264006e-002	0.000000e+000
2.652166808478243e-007	-2.244776e-002	0.000000e+000
2.655910927704642e-007	-2.170769e-002	0.000000e+000
2.658645738494462e-007	-2.085333e-002	0.000000e+000
2.661637041397913e-007	-1.969414e-002	0.000000e+000
2.664944182208738e-007	-1.826739e-002	0.000000e+000
2.667480982270723e-007	-1.711539e-002	0.000000e+000
2.669935822715834e-007	-1.598957e-002	0.000000e+000
2.672417149914157e-007	-1.488673e-002	0.000000e+000
2.676178511828078e-007	-1.333664e-002	0.000000e+000
2.680313215845672e-007	-1.184287e-002	0.000000e+000
2.684250096731982e-007	-1.066879e-002	0.000000e+000
2.687237511216477e-007	-9.976581e-003	0.000000e+000
2.690079870409895e-007	-9.505472e-003	0.000000e+000
2.693319922339190e-007	-9.173859e-003	0.000000e+000
2.696528097924872e-007	-9.056729e-003	0.000000e+000
2.700100544003250e-007	-9.189405e-003	0.000000e+000
2.704959011905614e-007	-9.730129e-003	0.000000e+000
2.709154072981222e-007	-1.048964e-002	0.000000e+000
2.712802047447443e-007	-1.136953e-002	0.000000e+000
2.716098534704411e-007	-1.230431e-002	0.000000e+000
2.718868827269771e-007	-1.316662e-002	0.000000e+000
2.722121204878494e-007	-1.422522e-002	0.000000e+000
2.725064723621984e-007	-1.518894e-002	0.000000e+000
2.726975315877096e-007	-1.579924e-002	0.000000e+000
2.728900212475007e-007	-1.637898e-002	0.000000e+000
2.731634066334372e-007	-1.712320e-002	0.000000e+000
2.734564633560539e-007	-1.778627e-002	0.000000e+000
2.738093025196899e-007	-1.835916e-002	0.000000e+000
2.741428431717876e-007	-1.863934e-002	0.000000e+000
2.744673615880695e-007	-1.862895e-002	0.000000e+000
2.747748324510635e-007	-1.833980e-002	0.000000e+000
2.751358891092789e-007	-1.768346e-002	0.000000e+000
2.754771686803918e-007	-1.679842e-002	0.000000e+000
2.758073731759625e-007	-1.573878e-002	0.000000e+000
2.761134252269210e-007	-1.464024e-002	0.000000e+000
2.764487890494892e-007	-1.339804e-002	0.000000e+000
2.768316498076068e-007	-1.205146e-002	0.000000e+000
2.772064054202677e-007	-1.092335e-002	0.000000e+000
2.775786022846348e-007	-1.010439e-002	0.000000e+000
2.779580857565292e-007	-9.642622e-003	0.000000e+000
2.782761718893368e-007	-9.597795e-003	0.000000e+000
2.786164346454538e-007	-9.894520e-003	0.000000e+000
2.788817815080288e-007	-1.034997e-002	0.000000e+000
2.791069247442636e-007	-1.089434e-002	0.000000e+000
2.793634479998118e-007	-1.165415e-002	0.000000e+000
2.797201151976755e-007	-1.284458e-002	0.000000e+000
2.800246011595980e-007	-1.391160e-002	0.000000e+000
2.803506857567502e-007	-1.502372e-002	0.000000e+000
2.806950639477465e-007	-1.605812e-002	0.000000e+000
2.810763677583175e-007	-1.693773e-002	0.000000e+000
2.814608340402498e-007	-1.748007e-002	0.000000e+000
2.817927723073471e-007	-1.763209e-002	0.000000e+000
2.820612018295440e-007	-1.750660e-002	0.000000e+000
2.823810309160002e-007	-1.709668e-002	0.000000e+000
2.827029795164895e-007	-1.646727e-002	0.000000e+000
2.830358521738754e-007	-1.565188e-002	0.000000e+000
2.832359587298921e-007	-1.510470e-002	0.000000e+000
2.834583404583336e-007	-1.447203e-002	0.000000e+000
2.836851436778087e-007	-1.384680e-002	0.000000e+000
2.840696013510845e-007	-1.289178e-002	0.000000e+000
2.844264509122894e-007	-1.216953e-002	0.000000e+000
2.847222842990991e-007	-1.174796e-002	0.000000e+000
2.849799757555999e-007	-1.154463e-002	0.000000e+000
2.852515028172867e-007	-1.148621e-002	0.000000e+000
2.854452409266422e-007	-1.154767e-002	0.000000e+000
2.856989973573320e-007	-1.175224e-002	0.000000e+000
2.859651371927799e-007	-1.208168e-002	0.000000e+000
2.863328871454213e-007	-1.266893e-002	0.000000e+000
2.866951206010166e-007	-1.331543e-002	0.000000e+000
2.871093613809507e-007	-1.405208e-002	0.000000e+000
2.874007940036041e-007	-1.451352e-002	0.000000e+000
2.876537322149790e-007	-1.483613e-002	0.000000e+000
2.879014684844087e-007	-1.506463e-002	0.000000e+000
2.881531308080936e-007	-1.519563e-002	0.000000e+000
2.884730059677005e-007	-1.522203e-002	0.000000e+000
2.888275525525656e-007	-1.510357e-002	0.000000e+000
2.891251918937024e-007	-1.490344e-002	0.000000e+000
2.893297167984235e-007	-1.471936e-002	0.000000e+000
2.895485239063734e-007	-1.449706e-002	0.000000e+000
2.898495474948767e-007	-1.418733e-002	0.000000e+000
2.901725686299919e-007	-1.388133e-002	0.000000e+000
2.904472360561996e-007	-1.366655e-002	0.000000e+000
2.906738670425571e-007	-1.354214e-002	0.000000e+000
2.909419450222083e-007	-1.346769e-002	0.000000e+000
2.912324906821840e-007	-1.347011e-002	0.000000e+000
2.915107014186926e-007	-1.355481e-002	0.000000e+000
2.918541330108143e-007	-1.374847e-002	0.000000e+000
2.922247936047403e-007	-1.401941e-002	0.000000e+000
2.926199958411553e-007	-1.432233e-002	0.000000e+000
2.929802338115203e-007	-1.456000e-002	0.000000e+000
2.932548664480767e-007	-1.468223e-002	0.000000e+000
2.935045945790810e-007	-1.472483e-002	0.000000e+000
2.937640648660659e-007	-1.469148e-002	0.000000e+000
2.940358215650774e-007	-1.456958e-002	0.000000e+000
2.943470928892010e-007	-1.433211e-002	0.000000e+000
2.946566410560304e-007	-1.401497e-002	0.000000e+000
2.949100786508506e-007	-1.371007e-002	0.000000e+000
2.951191400937722e-007	-1.344116e-002	0.000000e+000
2.953197690205950e-007	-1.318655e-002	0.000000e+000
2.956276039655059e-007	-1.283417e-002	0.000000e+000
2.959576533758901e-007	-1.252717e-002	0.000000e+000
2.961691562957692e-007	-1.239770e-002	0.000000e+000
2.964302295293907e-007	-1.233110e-002	0.000000e+000
2.966416988518345e-007	-1.234720e-002	0.000000e+000
2.967861567477057e-007	-1.240666e-002	0.000000e+000
2.969703694479822e-007	-1.254736e-002	0.000000e+000
2.972793277411946e-007	-1.289613e-002	0.000000e+000
2.975955001109464e-007	-1.337276e-002	0.000000e+000
2.980139493747409e-007	-1.412672e-002	0.000000e+000
2.983334937857528e-007	-1.473557e-002	0.000000e+000
2.986515456840282e-007	-1.530263e-002	0.000000e+000
2.990409937971091e-007	-1.586957e-002	0.000000e+000
2.993401540738467e-007	-1.616953e-002	0.000000e+000
2.995543439837397e-007	-1.628080e-002	0.000000e+000
2.997060355569163e-007	-1.629242e-002	0.000000e+000
2.998831044900462e-007	-1.623479e-002	0.000000e+000
3.000650765171713e-007	-1.609808e-002	0.000000e+000
3.003242520737425e-007	-1.577828e-002	0.000000e+000
3.006305695688526e-007	-1.525257e-002	0.000000e+000
3.009335541561447e-007	-1.460278e-002	0.000000e+000
3.012631522420669e-007	-1.380486e-002	0.000000e+000
3.015628884754417e-007	-1.306489e-002	0.000000e+000
3.019428991876858e-007	-1.220880e-002	0.000000e+000
3.023309725223513e-007	-1.154753e-002	0.000000e+000
3.027912264291404e-007	-1.113822e-002	0.000000e+000
3.031753533261368e-007	-1.117300e-002	0.000000e+000
3.035620475167890e-007	-1.159870e-002	0.000000e+000
3.039699117022237e-007	-1.239235e-002	0.000000e+000
3.043686046989102e-007	-1.340447e-002	0.000000e+000
3.047611565977246e-007	-1.450058e-002	0.000000e+000
3.051235871111824e-007	-1.546806e-002	0.000000e+000
3.054889628108080e-007	-1.626752e-002	0.000000e+000
3.058816186855082e-007	-1.682843e-002	0.000000e+000
3.062451973470013e-007	-1.700501e-002	0.000000e+000
3.065971211412563e-007	-1.682576e-002	0.000000e+000
3.069275947838557e-007	-1.634771e-002	0.000000e+000
3.073030400157801e-007	-1.551165e-002	0.000000e+000
3.076676696347636e-007	-1.450662e-002	0.000000e+000
3.080594783578271e-007	-1.334452e-002	0.000000e+000
3.084413246460859e-007	-1.227370e-002	0.000000e+000
3.087903251256871e-007	-1.148456e-002	0.000000e+000
3.092066907961475e-007	-1.089044e-002	0.000000e+000
3.095889740202671e-007	-1.073295e-002	0.000000e+000
3.099567501478675e-007	-1.096817e-002	0.000000e+000
3.102812921796258e-007	-1.147805e-002	0.000000e+000
3.106203667190735e-007	-1.225689e-002	0.000000e+000
3.109265369532481e-007	-1.310484e-002	0.000000e+000
3.113065200957261e-007	-1.422907e-002	0.000000e+000
3.116751707687958e-007	-1.526104e-002	0.000000e+000
3.120622147582901e-007	-1.614395e-002	0.000000e+000
3.124744772650987e-007	-1.674250e-002	0.000000e+000
3.128753910298453e-007	-1.690660e-002	0.000000e+000
3.132864298844223e-007	-1.661709e-002	0.000000e+000
3.137225337439173e-007	-1.589132e-002	0.000000e+000
3.140542988152878e-007	-1.510844e-002	0.000000e+000
3.143647874305075e-007	-1.425536e-002	0.000000e+000
3.146942189479848e-007	-1.333482e-002	0.000000e+000
3.150826660296767e-007	-1.234698e-002	0.000000e+000
3.154442146452526e-007	-1.163564e-002	0.000000e+000
3.158653880719293e-007	-1.117980e-002	0.000000e+000
3.163471338976522e-007	-1.116916e-002	0.000000e+000
3.168130137926186e-007	-1.166019e-002	0.000000e+000
3.172803433510331e-007	-1.254887e-002	0.000000e+000
3.176302699093655e-007	-1.338349e-002	0.000000e+000
3.179675668111189e-007	-1.422894e-002	0.000000e+000
3.183515774907555e-007	-1.510547e-002	0.000000e+000
3.187547872721364e-007	-1.582139e-002	0.000000e+000
3.191427666011850e-007	-1.621874e-002	0.000000e+000
3.195616515181909e-007	-1.629162e-002	0.000000e+000
3.199159761997911e-007	-1.605409e-002	0.000000e+000
3.203170930891658e-007	-1.549544e-002	0.000000e+000
3.206843133788635e-007	-1.480033e-002	0.000000e+000
3.211542720428736e-007	-1.381174e-002	0.000000e+000
3.217016713672038e-007	-1.274914e-002	0.000000e+000
3.221610711967296e-007	-1.208506e-002	0.000000e+000
3.225654355915410e-007	-1.177726e-002	0.000000e+000
3.229021806622391e-007	-1.176760e-002	0.000000e+000
3.232998565795754e-007	-1.202222e-002	0.000000e+000
3.236649294965632e-007	-1.245850e-002	0.000000e+000
3.241025713695461e-007	-1.315279e-002	0.000000e+000
3.245621083689045e-007	-1.392938e-002	0.000000e+000
3.251480458689045e-007	-1.479176e-002	0.000000e+000
3.256853091290955e-007	-1.528988e-002	0.000000e+000
3.262457054187571e-007	-1.542441e-002	0.000000e+000
3.266407107854442e-007	-1.526234e-002	0.000000e+000
3.270269428398128e-007	-1.490342e-002	0.000000e+000
3.274742158403134e-007	-1.435089e-002	0.000000e+000
3.278918380476781e-007	-1.378985e-002	0.000000e+000
3.283404949097784e-007	-1.323003e-002	0.000000e+000
3.287850967580113e-007	-1.281023e-002	0.000000e+000
3.293054079544537e-007	-1.256190e-002	0.000000e+000
3.298809123414610e-007	-1.259792e-002	0.000000e+000
3.304668498414610e-007	-1.292075e-002	0.000000e+000
3.309704065459651e-007	-1.336325e-002	0.000000e+000
3.313893430792232e-007	-1.378533e-002	0.000000e+000
3.318772738757797e-007	-1.425362e-002	0.000000e+000
3.323299598597280e-007	-1.460021e-002	0.000000e+000
3.328745255639137e-007	-1.485405e-002	0.000000e+000
3.334562607315635e-007	-1.492591e-002	0.000000e+000
3.340421982315635e-007	-1.481307e-002	0.000000e+000
3.346281357315636e-007	-1.457877e-002	0.000000e+000
3.352140732315636e-007	-1.431662e-002	0.000000e+000
3.358000107315636e-007	-1.412902e-002	0.000000e+000
3.363859482315636e-007	-1.411082e-002	0.000000e+000
3.369718857315636e-007	-1.433603e-002	0.000000e+000
3.375578232315636e-007	-1.484740e-002	0.000000e+000
3.381437607315636e-007	-1.564934e-002	0.000000e+000
3.387296982315637e-007	-1.670607e-002	0.000000e+000
3.393156357315637e-007	-1.794746e-002	0.000000e+000
3.399015732315637e-007	-1.928460e-002	0.000000e+000
3.404875107315637e-007	-2.063422e-002	0.000000e+000
3.410734482315637e-007	-2.194776e-002	0.000000e+000
3.416593857315637e-007	-2.323708e-002	0.000000e+000
3.422453232315637e-007	-2.458803e-002	0.000000e+000
3.428312607315638e-007	-2.615413e-002	0.000000e+000
3.434171982315638e-007	-2.812881e-002	0.000000e+000
3.440031357315638e-007	-3.070076e-002	0.000000e+000
3.445890732315638e-007	-3.400458e-002	0.000000e+000
3.451750107315638e-007	-3.808180e-002	0.000000e+000
3.457609482315638e-007	-4.286661e-002	0.000000e+000
3.463468857315638e-007	-4.820385e-002	0.000000e+000
3.469328232315639e-007	-5.389675e-002	0.000000e+000
3.475187607315639e-007	-5.977142e-002	0.000000e+000
3.481046982315639e-007	-6.573809e-002	0.000000e+000
3.486906357315639e-007	-7.182775e-002	0.000000e+000
3.492765732315639e-007	-7.818963e-002	0.000000e+000
3.498625107315639e-007	-8.504626e-002	0.000000e+000
3.504484482315639e-007	-9.261774e-002	0.000000e+000
3.510343857315640e-007	-1.010373e-001	0.000000e+000
3.516203232315640e-007	-1.102860e-001	0.000000e+000
3.522062607315640e-007	-1.201685e-001	0.000000e+000
3.527921982315640e-007	-1.303417e-001	0.000000e+000
3.533781357315640e-007	-1.403891e-001	0.000000e+000
3.539640732315640e-007	-1.499193e-001	0.000000e+000
3.545500107315640e-007	-1.586576e-001	0.000000e+000
3.551359482315641e-007	-1.665006e-001	0.000000e+000
3.557218857315641e-007	-1.735146e-001	0.000000e+000
3.563078232315641e-007	-1.798767e-001	0.000000e+000
3.568937607315641e-007	-1.857770e-001	0.000000e+000
3.574796982315641e-007	-1.913165e-001	0.000000e+000
3.580557258795239e-007	-1.963426e-001	0.000000e+000
3.586416633795239e-007	-2.007793e-001	0.000000e+000
3.592276008795239e-007	-2.041544e-001	0.000000e+000
3.598135383795239e-007	-2.060440e-001	0.000000e+000
3.603994758795239e-007	-2.061166e-001	0.000000e+000
3.609854133795240e-007	-2.042402e-001	0.000000e+000
3.615713508795240e-007	-2.005760e-001	0.000000e+000
3.620886197599427e-007	-1.960918e-001	0.000000e+000
3.625951829560325e-007	-1.908858e-001	0.000000e+000
3.631647756690331e-007	-1.845989e-001	0.000000e+000
3.635926375718966e-007	-1.798398e-001	0.000000e+000
3.641005281713750e-007	-1.743635e-001	0.000000e+000
3.645759095735317e-007	-1.694938e-001	0.000000e+000
3.650316421790104e-007	-1.650760e-001	0.000000e+000
3.656175796790104e-007	-1.596189e-001	0.000000e+000
3.662035171790104e-007	-1.542516e-001	0.000000e+000
3.667894546790105e-007	-1.489093e-001	0.000000e+000
3.673711536960726e-007	-1.437100e-001	0.000000e+000
3.679243657966484e-007	-1.391389e-001	0.000000e+000
3.685103032966484e-007	-1.351345e-001	0.000000e+000
3.690821336382140e-007	-1.324050e-001	0.000000e+000
3.694945826788699e-007	-1.314801e-001	0.000000e+000
3.699020555849438e-007	-1.316739e-001	0.000000e+000
3.703407250682594e-007	-1.330736e-001	0.000000e+000
3.708464675755142e-007	-1.360049e-001	0.000000e+000
3.713237053291097e-007	-1.398309e-001	0.000000e+000
3.718022777645121e-007	-1.444261e-001	0.000000e+000
3.723882152645121e-007	-1.504499e-001	0.000000e+000
3.729601402110890e-007	-1.562037e-001	0.000000e+000
3.734982537995580e-007	-1.611252e-001	0.000000e+000
3.740161219184409e-007	-1.651890e-001	0.000000e+000
3.745656605989721e-007	-1.688119e-001	0.000000e+000
3.749665599695068e-007	-1.710352e-001	0.000000e+000
3.754373837227068e-007	-1.732820e-001	0.000000e+000
3.758406455507032e-007	-1.749969e-001	0.000000e+000
3.762478900802115e-007	-1.765424e-001	0.000000e+000
3.766925278863181e-007	-1.780113e-001	0.000000e+000
3.771055609342224e-007	-1.790791e-001	0.000000e+000
3.775681917104487e-007	-1.797570e-001	0.000000e+000
3.780805837695253e-007	-1.796703e-001	0.000000e+000
3.786104167255586e-007	-1.784558e-001	0.000000e+000
3.791059378354753e-007	-1.761298e-001	0.000000e+000
3.795814056311204e-007	-1.727770e-001	0.000000e+000
3.800647984860390e-007	-1.684109e-001	0.000000e+000
3.805825054296189e-007	-1.630577e-001	0.000000e+000
3.809486696984746e-007	-1.590797e-001	0.000000e+000
3.813617488931981e-007	-1.546658e-001	0.000000e+000
3.816983836946475e-007	-1.513070e-001	0.000000e+000
3.819569773749323e-007	-1.489932e-001	0.000000e+000
3.822191466232586e-007	-1.469972e-001	0.000000e+000
3.825993423648609e-007	-1.447030e-001	0.000000e+000
3.829726956538545e-007	-1.431653e-001	0.000000e+000
3.834231783736855e-007	-1.422738e-001	0.000000e+000
3.838980404092732e-007	-1.422934e-001	0.000000e+000
3.843756779038448e-007	-1.431248e-001	0.000000e+000
3.848059515078236e-007	-1.443956e-001	0.000000e+000
3.852607431872179e-007	-1.460771e-001	0.000000e+000
3.857594549273302e-007	-1.481033e-001	0.000000e+000
3.860980955388738e-007	-1.495355e-001	0.000000e+000
3.864800144999675e-007	-1.511922e-001	0.000000e+000
3.868827181613207e-007	-1.529997e-001	0.000000e+000
3.872916510571898e-007	-1.549326e-001	0.000000e+000
3.876113296177195e-007	-1.565538e-001	0.000000e+000
3.880007910309206e-007	-1.586864e-001	0.000000e+000
3.883933987288920e-007	-1.609890e-001	0.000000e+000
3.888234411762117e-007	-1.636309e-001	0.000000e+000
3.892006907567324e-007	-1.659585e-001	0.000000e+000
3.895828633549080e-007	-1.681971e-001	0.000000e+000
3.899505089548371e-007	-1.700756e-001	0.000000e+000
3.903632887535467e-007	-1.716920e-001	0.000000e+000
3.907605765753120e-007	-1.726090e-001	0.000000e+000
3.911479051631280e-007	-1.727535e-001	0.000000e+000
3.915329384777219e-007	-1.720767e-001	0.000000e+000
3.919606562316887e-007	-1.703789e-001	0.000000e+000
3.924494818462714e-007	-1.675220e-001	0.000000e+000
3.927169279258578e-007	-1.655642e-001	0.000000e+000
3.930871920280726e-007	-1.624932e-001	0.000000e+000
3.934257230670436e-007	-1.595688e-001	0.000000e+000
3.938565785113138e-007	-1.559087e-001	0.000000e+000
3.942777956078270e-007	-1.526400e-001	0.000000e+000
3.947031602265099e-007	-1.498562e-001	0.000000e+000
3.950934392271799e-007	-1.479044e-001	0.000000e+000
3.955048143117827e-007	-1.464975e-001	0.000000e+000
3.958199002448592e-007	-1.459046e-001	0.000000e+000
3.962265646350803e-007	-1.457132e-001	0.000000e+000
3.966436465352621e-007	-1.459790e-001	0.000000e+000
3.969631489391953e-007	-1.464597e-001	0.000000e+000
3.972649494671881e-007	-1.470904e-001	0.000000e+000
3.975695460727081e-007	-1.478375e-001	0.000000e+000
3.979263101797095e-007	-1.487993e-001	0.000000e+000
3.983079019235080e-007	-1.498921e-001	0.000000e+000
3.986534805095651e-007	-1.509343e-001	0.000000e+000
3.990553930475315e-007	-1.522199e-001	0.000000e+000
3.994472766780986e-007	-1.535684e-001	0.000000e+000
3.998116441370766e-007	-1.549323e-001	0.000000e+000
4.001403072168015e-007	-1.562730e-001	0.000000e+000
4.005343766772472e-007	-1.580042e-001	0.000000e+000
4.009679242359841e-007	-1.599979e-001	0.000000e+000
4.012873361058536e-007	-1.614775e-001	0.000000e+000
4.015911821135756e-007	-1.628133e-001	0.000000e+000
4.020075005093181e-007	-1.644350e-001	0.000000e+000
4.023346926903166e-007	-1.654570e-001	0.000000e+000
4.026331681619017e-007	-1.660867e-001	0.000000e+000
4.029287653575829e-007	-1.663389e-001	0.000000e+000
4.033295220336745e-007	-1.661339e-001	0.000000e+000
4.036200909070370e-007	-1.655741e-001	0.000000e+000
4.039000543187173e-007	-1.646435e-001	0.000000e+000
4.041886358647019e-007	-1.633186e-001	0.000000e+000
4.045822021617142e-007	-1.610659e-001	0.000000e+000
4.049531324127933e-007	-1.586189e-001	0.000000e+000
4.053207899769012e-007	-1.560074e-001	0.000000e+000
4.056609106055834e-007	-1.535837e-001	0.000000e+000
4.060074898455410e-007	-1.512588e-001	0.000000e+000
4.063553429917686e-007	-1.492273e-001	0.000000e+000
4.067718464986086e-007	-1.473271e-001	0.000000e+000
4.072054500419653e-007	-1.460016e-001	0.000000e+000
4.075532269730442e-007	-1.454602e-001	0.000000e+000
4.078030303900029e-007	-1.453970e-001	0.000000e+000
4.080374712878624e-007	-1.455853e-001	0.000000e+000
4.083096381465268e-007	-1.460550e-001	0.000000e+000
4.086784453838721e-007	-1.469937e-001	0.000000e+000
4.090315062791617e-007	-1.481267e-001	0.000000e+000
4.094095169142170e-007	-1.495053e-001	0.000000e+000
4.097899487052398e-007	-1.509508e-001	0.000000e+000
4.101826353593753e-007	-1.524128e-001	0.000000e+000
4.105610896221554e-007	-1.537381e-001	0.000000e+000
4.108448589255699e-007	-1.546432e-001	0.000000e+000
4.112341673415981e-007	-1.557618e-001	0.000000e+000
4.115282141483342e-007	-1.565229e-001	0.000000e+000
4.118224785898216e-007	-1.572102e-001	0.000000e+000
4.120675080311492e-007	-1.577335e-001	0.000000e+000
4.123435908535642e-007	-1.582687e-001	0.000000e+000
4.127193964710099e-007	-1.589198e-001	0.000000e+000
4.130697619686479e-007	-1.594365e-001	0.000000e+000
4.134308721930158e-007	-1.598444e-001	0.000000e+000
4.137964560763854e-007	-1.601027e-001	0.000000e+000
4.140921923038361e-007	-1.601645e-001	0.000000e+000
4.143486301536908e-007	-1.600714e-001	0.000000e+000
4.146383865880134e-007	-1.597857e-001	0.000000e+000
4.149273251720173e-007	-1.592864e-001	0.000000e+000
4.153134819825100e-007	-1.583454e-001	0.000000e+000
4.154713337681986e-007	-1.578583e-001	0.000000e+000
4.156628665287051e-007	-1.571607e-001	0.000000e+000
4.158357206840719e-007	-1.564641e-001	0.000000e+000
4.160019348153662e-007	-1.557342e-001	0.000000e+000
4.161870134809593e-007	-1.548659e-001	0.000000e+000
4.163535995430136e-007	-1.540450e-001	0.000000e+000
4.165055335147938e-007	-1.532699e-001	0.000000e+000
4.166614200156317e-007	-1.524590e-001	0.000000e+000
4.169195401986973e-007	-1.511194e-001	0.000000e+000
4.172474376036558e-007	-1.494863e-001	0.000000e+000
4.176091750095324e-007	-1.478692e-001	0.000000e+000
4.179946690295507e-007	-1.464493e-001	0.000000e+000
4.182932960448908e-007	-1.456616e-001	0.000000e+000
4.186283106922149e-007	-1.451834e-001	0.000000e+000
4.189720907972651e-007	-1.451460e-001	0.000000e+000
4.193701172004508e-007	-1.456385e-001	0.000000e+000
4.197134270027892e-007	-1.464778e-001	0.000000e+000
4.200107112798930e-007	-1.474771e-001	0.000000e+000
4.201584077081867e-007	-1.480579e-001	0.000000e+000
4.202556287726900e-007	-1.484722e-001	0.000000e+000
4.203299255681479e-007	-1.488009e-001	0.000000e+000
4.203935421882533e-007	-1.490894e-001	0.000000e+000
4.204736834760678e-007	-1.494601e-001	0.000000e+000
4.205662268654482e-007	-1.498957e-001	0.000000e+000
4.207151050617912e-007	-1.506064e-001	0.000000e+000
4.209126877992830e-007	-1.515534e-001	0.000000e+000
4.210888140220534e-007	-1.523881e-001	0.000000e+000
4.212778705381330e-007	-1.532565e-001	0.000000e+000
4.214745602044459e-007	-1.541114e-001	0.000000e+000
4.216940153872416e-007	-1.549913e-001	0.000000e+000
4.218916056069869e-007	-1.557079e-001	0.000000e+000
4.220351673667421e-007	-1.561675e-001	0.000000e+000
4.222089207143355e-007	-1.566387e-001	0.000000e+000
4.224596856881169e-007	-1.571767e-001	0.000000e+000
4.227267177525903e-007	-1.575540e-001	0.000000e+000
4.230973647098358e-007	-1.577718e-001	0.000000e+000
4.234338645997153e-007	-1.577133e-001	0.000000e+000
4.236600076075931e-007	-1.575231e-001	0.000000e+000
4.238936177710804e-007	-1.572090e-001	0.000000e+000
4.241220145436495e-007	-1.568095e-001	0.000000e+000
4.244956214619533e-007	-1.560284e-001	0.000000e+000
4.248352787833698e-007	-1.552335e-001	0.000000e+000
4.251764472930759e-007	-1.543815e-001	0.000000e+000
4.255228774187982e-007	-1.535000e-001	0.000000e+000
4.258893011109496e-007	-1.525768e-001	0.000000e+000
4.262549021392321e-007	-1.516807e-001	0.000000e+000
4.265851440230593e-007	-1.509017e-001	0.000000e+000
4.269508441420734e-007	-1.500735e-001	0.000000e+000
4.271847696114374e-007	-1.495647e-001	0.000000e+000
4.273900651739042e-007	-1.491366e-001	0.000000e+000
4.276030972404494e-007	-1.487146e-001	0.000000e+000
4.279085735757748e-007	-1.481516e-001	0.000000e+000
4.282052134327620e-007	-1.476638e-001	0.000000e+000
4.285247343494258e-007	-1.472274e-001	0.000000e+000
4.288512520982990e-007	-1.469050e-001	0.000000e+000
4.292154426124943e-007	-1.467192e-001	0.000000e+000
4.295517994055024e-007	-1.467459e-001	0.000000e+000
4.299323871010920e-007	-1.470311e-001	0.000000e+000
4.302952260930793e-007	-1.475422e-001	0.000000e+000
4.305759994776001e-007	-1.480982e-001	0.000000e+000
4.307447774013707e-007	-1.485061e-001	0.000000e+000
4.308986235241976e-007	-1.489253e-001	0.000000e+000
4.310542510169439e-007	-1.493867e-001	0.000000e+000
4.312831351445198e-007	-1.501124e-001	0.000000e+000
4.314962981328695e-007	-1.508214e-001	0.000000e+000
4.316995729513558e-007	-1.515159e-001	0.000000e+000
4.319265902051289e-007	-1.522877e-001	0.000000e+000
4.322130097653316e-007	-1.532257e-001	0.000000e+000
4.324386263905424e-007	-1.539178e-001	0.000000e+000
4.325779571926421e-007	-1.543059e-001	0.000000e+000
4.327524438818491e-007	-1.547371e-001	0.000000e+000
4.329271674934109e-007	-1.550992e-001	0.000000e+000
4.331832296495438e-007	-1.554909e-001	0.000000e+000
4.334731503525055e-007	-1.557234e-001	0.000000e+000
4.338373945518514e-007	-1.556934e-001	0.000000e+000
4.341803084421946e-007	-1.553358e-001	0.000000e+000
4.345438472849849e-007	-1.546113e-001	0.000000e+000
4.349216190355627e-007	-1.535547e-001	0.000000e+000
4.353036786036863e-007	-1.522600e-001	0.000000e+000
4.356478888195954e-007	-1.509816e-001	0.000000e+000
4.359861343503564e-007	-1.497084e-001	0.000000e+000
4.363275519262957e-007	-1.484895e-001	0.000000e+000
4.366378932609933e-007	-1.475096e-001	0.000000e+000
4.369883907515452e-007	-1.466052e-001	0.000000e+000
4.373195467096444e-007	-1.459856e-001	0.000000e+000
4.376789967767505e-007	-1.455995e-001	0.000000e+000
4.380419892971446e-007	-1.454948e-001	0.000000e+000
4.383675859127599e-007	-1.456344e-001	0.000000e+000
4.386664723970702e-007	-1.459417e-001	0.000000e+000
4.389713885122069e-007	-1.463974e-001	0.000000e+000
4.393124825203324e-007	-1.470221e-001	0.000000e+000
4.396806566276072e-007	-1.477698e-001	0.000000e+000
4.400086627239376e-007	-1.484575e-001	0.000000e+000
4.402373999390886e-007	-1.489280e-001	0.000000e+000
4.404534665042872e-007	-1.493441e-001	0.000000e+000
4.407968828496573e-007	-1.499375e-001	0.000000e+000
4.411309586629492e-007	-1.504219e-001	0.000000e+000
4.415070762828445e-007	-1.508364e-001	0.000000e+000
4.418732331708970e-007	-1.511039e-001	0.000000e+000
4.422170192870982e-007	-1.512281e-001	0.000000e+000
4.425181523416562e-007	-1.512325e-001	0.000000e+000
4.428241535941351e-007	-1.511360e-001	0.000000e+000
4.431537869661559e-007	-1.509246e-001	0.000000e+000
4.435103152381782e-007	-1.505764e-001	0.000000e+000
4.438637567899569e-007	-1.501066e-001	0.000000e+000
4.442486700096866e-007	-1.494514e-001	0.000000e+000
4.446721553089899e-007	-1.485743e-001	0.000000e+000
4.450458172732025e-007	-1.476687e-001	0.000000e+000
4.454229768472351e-007	-1.466391e-001	0.000000e+000
4.457677262161232e-007	-1.456206e-001	0.000000e+000
4.460345861028615e-007	-1.447925e-001	0.000000e+000
4.462992625985320e-007	-1.439518e-001	0.000000e+000
4.465855645878063e-007	-1.430420e-001	0.000000e+000
4.468750570313230e-007	-1.421428e-001	0.000000e+000
4.471991623728660e-007	-1.411861e-001	0.000000e+000
4.475433400249833e-007	-1.402485e-001	0.000000e+000
4.478485085290444e-007	-1.395074e-001	0.000000e+000
4.481809019503709e-007	-1.388064e-001	0.000000e+000
4.484590273499744e-007	-1.383075e-001	0.000000e+000
4.487611062771291e-007	-1.378544e-001	0.000000e+000
4.490801912071078e-007	-1.374493e-001	0.000000e+000
4.494036034767223e-007	-1.370862e-001	0.000000e+000
4.497121254202859e-007	-1.367502e-001	0.000000e+000
4.499752388720642e-007	-1.364412e-001	0.000000e+000
4.502110433157140e-007	-1.361194e-001	0.000000e+000
4.504397512149208e-007	-1.357369e-001	0.000000e+000
4.507277758578653e-007	-1.351292e-001	0.000000e+000
4.510313504896608e-007	-1.343024e-001	0.000000e+000
4.513764962097375e-007	-1.330719e-001	0.000000e+000
4.517782146351005e-007	-1.312361e-001	0.000000e+000
4.521351513334241e-007	-1.292226e-001	0.000000e+000
4.524240547716702e-007	-1.272832e-001	0.000000e+000
4.527281738475704e-007	-1.249431e-001	0.000000e+000
4.530314989827888e-007	-1.223421e-001	0.000000e+000
4.533232070907783e-007	-1.196076e-001	0.000000e+000
4.536023048827741e-007	-1.167983e-001	0.000000e+000
4.538839554529760e-007	-1.137992e-001	0.000000e+000
4.541902651243929e-007	-1.103907e-001	0.000000e+000
4.545197329198849e-007	-1.065986e-001	0.000000e+000
4.549033907375303e-007	-1.020782e-001	0.000000e+000
4.552799130062093e-007	-9.758174e-002	0.000000e+000
4.556867184794465e-007	-9.269575e-002	0.000000e+000
4.559457047652885e-007	-8.958214e-002	0.000000e+000
4.562923346450527e-007	-8.541514e-002	0.000000e+000
4.566051199104920e-007	-8.165019e-002	0.000000e+000
4.568771853123736e-007	-7.836226e-002	0.000000e+000
4.571300569232054e-007	-7.528256e-002	0.000000e+000
4.574161856241798e-007	-7.175714e-002	0.000000e+000
4.576893473550649e-007	-6.833266e-002	0.000000e+000
4.580379987171143e-007	-6.385452e-002	0.000000e+000
4.584238842192487e-007	-5.875279e-002	0.000000e+000
4.587392234178353e-007	-5.444651e-002	0.000000e+000
4.590447554626104e-007	-5.013532e-002	0.000000e+000
4.593541841341548e-007	-4.563459e-002	0.000000e+000
4.596531381911603e-007	-4.116121e-002	0.000000e+000
4.599529611508552e-007	-3.655659e-002	0.000000e+000
4.602789936191069e-007	-3.143568e-002	0.000000e+000
4.605972731008971e-007	-2.634136e-002	0.000000e+000
4.609922088290431e-007	-1.993237e-002	0.000000e+000
4.613818457773327e-007	-1.356584e-002	0.000000e+000
4.617116266026552e-007	-8.182669e-003	0.000000e+000
4.620999508942840e-007	-1.904353e-003	0.000000e+000
4.624706002402437e-007	3.973047e-003	0.000000e+000
4.628668921575418e-007	1.006891e-002	0.000000e+000
4.632568495985792e-007	1.581412e-002	0.000000e+000
4.636618069887985e-007	2.143702e-002	0.000000e+000
4.640859197585950e-007	2.686475e-002	0.000000e+000
4.645595184527525e-007	3.231662e-002	0.000000e+000
4.649680859610887e-007	3.640300e-002	0.000000e+000
4.654115452717852e-007	4.013570e-002	0.000000e+000
4.657482078418500e-007	4.244460e-002	0.000000e+000
4.660666037468513e-007	4.413268e-002	0.000000e+000
4.663971793171870e-007	4.537867e-002	0.000000e+000
4.667733619734462e-007	4.619222e-002	0.000000e+000
4.671656710457489e-007	4.637543e-002	0.000000e+000
4.675873746907647e-007	4.583438e-002	0.000000e+000
4.680368580601116e-007	4.452332e-002	0.000000e+000
4.684140036535194e-007	4.288809e-002	0.000000e+000
4.687316917645861e-007	4.113970e-002	0.000000e+000
4.690378876871655e-007	3.916828e-002	0.000000e+000
4.693883597239967e-007	3.663841e-002	0.000000e+000
4.697453103822451e-007	3.381284e-002	0.000000e+000
4.701791802698513e-007	3.010828e-002	0.000000e+000
4.706394851463908e-007	2.593678e-002	0.000000e+000
4.711151824190393e-007	2.142325e-002	0.000000e+000
4.715239519072435e-007	1.741068e-002	0.000000e+000
4.719267721685043e-007	1.335431e-002	0.000000e+000
4.723507422674718e-007	9.004563e-003	0.000000e+000
4.729218057526485e-007	3.088307e-003	0.000000e+000
4.734715329116248e-007	-2.574887e-003	0.000000e+000
4.739727908605764e-007	-7.595344e-003	0.000000e+000
4.744283496895809e-007	-1.191968e-002	0.000000e+000
4.747938492902766e-007	-1.511468e-002	0.000000e+000
4.751577265829218e-007	-1.794569e-002	0.000000e+000
4.755333868929976e-007	-2.044087e-002	0.000000e+000
4.758857254542304e-007	-2.231005e-002	0.000000e+000
4.762398114355273e-007	-2.365113e-002	0.000000e+000
4.766044416550470e-007	-2.442163e-002	0.000000e+000
4.769914200590908e-007	-2.455916e-002	0.000000e+000
4.773409209573055e-007	-2.405139e-002	0.000000e+000
4.777123999560975e-007	-2.287081e-002	0.000000e+000
4.780325341598322e-007	-2.136521e-002	0.000000e+000
4.783161945915906e-007	-1.964942e-002	0.000000e+000
4.786045587776063e-007	-1.757239e-002	0.000000e+000
4.789329741750306e-007	-1.486108e-002	0.000000e+000
4.793648863105936e-007	-1.089869e-002	0.000000e+000
4.797954141846920e-007	-6.649276e-003	0.000000e+000
4.802359365874335e-007	-2.127865e-003	0.000000e+000
4.806450102931787e-007	2.088128e-003	0.000000e+000
4.810216754081679e-007	5.880671e-003	0.000000e+000
4.813511534439627e-007	9.054276e-003	0.000000e+000
4.816536178032873e-007	1.179413e-002	0.000000e+000
4.819592823760067e-007	1.434961e-002	0.000000e+000
4.822995427991567e-007	1.694971e-002	0.000000e+000
4.825030646667195e-007	1.835895e-002	0.000000e+000
4.826929174822147e-007	1.953100e-002	0.000000e+000
4.829642207459781e-007	2.099432e-002	0.000000e+000
4.832724490780027e-007	2.235222e-002	0.000000e+000
4.836711045393233e-007	2.364482e-002	0.000000e+000
4.840140559768134e-007	2.432910e-002	0.000000e+000
4.843331461917994e-007	2.455129e-002	0.000000e+000
4.846687735532325e-007	2.436097e-002	0.000000e+000
4.850209038248316e-007	2.372966e-002	0.000000e+000
4.853407901165096e-007	2.275286e-002	0.000000e+000
4.857533787538285e-007	2.097924e-002	0.000000e+000
4.861724951742645e-007	1.871344e-002	0.000000e+000
4.865037551317283e-007	1.660379e-002	0.000000e+000
4.868298807947068e-007	1.427574e-002	0.000000e+000
4.872792253739873e-007	1.082974e-002	0.000000e+000
4.876844955766698e-007	7.599450e-003	0.000000e+000
4.879589419380526e-007	5.386522e-003	0.000000e+000
4.882365493325363e-007	3.175192e-003	0.000000e+000
4.885124105316689e-007	1.047701e-003	0.000000e+000
4.888396225394403e-007	-1.355196e-003	0.000000e+000
4.891080514456913e-007	-3.197680e-003	0.000000e+000
4.893858015840425e-007	-4.940873e-003	0.000000e+000
4.896895992667993e-007	-6.650303e-003	0.000000e+000
4.899737541235650e-007	-8.042278e-003	0.000000e+000
4.902670548584313e-007	-9.242240e-003	0.000000e+000
4.905858993160734e-007	-1.026232e-002	0.000000e+000
4.909491149381391e-007	-1.105716e-002	0.000000e+000
4.913544701277129e-007	-1.152397e-002	0.000000e+000
4.916567464361903e-007	-1.158096e-002	0.000000e+000
4.918649986019271e-007	-1.143842e-002	0.000000e+000
4.921066015557864e-007	-1.108648e-002	0.000000e+000
4.923839444703103e-007	-1.047603e-002	0.000000e+000
4.926613444072661e-007	-9.638179e-003	0.000000e+000
4.929940613446429e-007	-8.356115e-003	0.000000e+000
4.932903173086221e-007	-6.977432e-003	0.000000e+000
4.935779508992617e-007	-5.423418e-003	0.000000e+000
4.938566785960071e-007	-3.733601e-003	0.000000e+000
4.941665989139055e-007	-1.674729e-003	0.000000e+000
4.944951182347992e-007	6.604069e-004	0.000000e+000
4.947795713044312e-007	2.776016e-003	0.000000e+000
4.950532350717280e-007	4.857820e-003	0.000000e+000
4.953458966010387e-007	7.083096e-003	0.000000e+000
4.956317756696816e-007	9.203020e-003	0.000000e+000
4.959457969665276e-007	1.143775e-002	0.000000e+000
4.960894524333619e-007	1.240770e-002	0.000000e+000
4.962178130146213e-007	1.322640e-002	0.000000e+000
4.963484641365533e-007	1.401392e-002	0.000000e+000
4.964977775330984e-007	1.485111e-002	0.000000e+000
4.966792154498590e-007	1.577469e-002	0.000000e+000
4.968733625054938e-007	1.662199e-002	0.000000e+000
4.971774933740189e-007	1.765203e-002	0.000000e+000
4.975198328563085e-007	1.839923e-002	0.000000e+000
4.978518896209791e-007	1.866731e-002	0.000000e+000
4.981566356517894e-007	1.847837e-002	0.000000e+000
4.984897928594513e-007	1.782801e-002	0.000000e+000
4.987707645355116e-007	1.693338e-002	0.000000e+000
4.990871634845158e-007	1.558959e-002	0.000000e+000
4.993234613792086e-007	1.438754e-002	0.000000e+000
4.995462837617067e-007	1.310156e-002	0.000000e+000
4.997890833000410e-007	1.157580e-002	0.000000e+000
5.000684073638461e-007	9.710492e-003	0.000000e+000
5.003914419098026e-007	7.473398e-003	0.000000e+000
5.006851103765544e-007	5.418094e-003	0.000000e+000
5.009529644908567e-007	3.573514e-003	0.000000e+000
5.012591333059754e-007	1.552126e-003	0.000000e+000
5.015627105763277e-007	-3.220472e-004	0.000000e+000
5.018453545815773e-007	-1.909310e-003	0.000000e+000
5.021319090544154e-007	-3.326506e-003	0.000000e+000
5.024488954121482e-007	-4.651319e-003	0.000000e+000
5.027751691427617e-007	-5.760908e-003	0.000000e+000
5.029970591407111e-007	-6.348804e-003	0.000000e+000
5.031971888998105e-007	-6.736849e-003	0.000000e+000
5.034329416570855e-007	-7.042683e-003	0.000000e+000
5.036559573230227e-007	-7.186041e-003	0.000000e+000
5.038983987849362e-007	-7.176396e-003	0.000000e+000
5.041478445758387e-007	-6.998741e-003	0.000000e+000
5.043874881551058e-007	-6.670114e-003	0.000000e+000
5.046161633776055e-007	-6.224161e-003	0.000000e+000
5.047665464126009e-007	-5.850699e-003	0.000000e+000
5.049808308052116e-007	-5.213957e-003	0.000000e+000
5.051840257245949e-007	-4.513946e-003	0.000000e+000
5.054400100834841e-007	-3.503110e-003	0.000000e+000
5.057077227676496e-007	-2.318558e-003	0.000000e+000
5.059664922209436e-007	-1.056615e-003	0.000000e+000
5.062671447319256e-007	5.256756e-004	0.000000e+000
5.066002651674485e-007	2.373128e-003	0.000000e+000
5.069356954301518e-007	4.282031e-003	0.000000e+000
5.073000428830776e-007	6.351206e-003	0.000000e+000
5.075303417356537e-007	7.617485e-003	0.000000e+000
5.078080371302645e-007	9.066066e-003	0.000000e+000
5.080009911063224e-007	1.000625e-002	0.000000e+000
5.081835770353257e-007	1.082287e-002	0.000000e+000
5.083676521737778e-007	1.155583e-002	0.000000e+000
5.086504748339625e-007	1.250891e-002	0.000000e+000
5.089265656541065e-007	1.321311e-002	0.000000e+000
5.092892140730068e-007	1.377603e-002	0.000000e+000
5.096201089948750e-007	1.394464e-002	0.000000e+000
5.098954763384381e-007	1.379681e-002	0.000000e+000
5.101616766058970e-007	1.339017e-002	0.000000e+000
5.104931745932370e-007	1.258350e-002	0.000000e+000
5.108018979325535e-007	1.157823e-002	0.000000e+000
5.111013891480337e-007	1.038578e-002	0.000000e+000
5.114247655146383e-007	8.922655e-003	0.000000e+000
5.117077459261896e-007	7.541009e-003	0.000000e+000
5.119128778998599e-007	6.497984e-003	0.000000e+000
5.121039497514569e-007	5.514195e-003	0.000000e+000
5.124105305043939e-007	3.951564e-003	0.000000e+000
5.126929359546950e-007	2.561928e-003	0.000000e+000
5.129928579364986e-007	1.169849e-003	0.000000e+000
5.132201432640790e-007	1.954253e-004	0.000000e+000
5.134459244110510e-007	-6.826362e-004	0.000000e+000
5.136631237715807e-007	-1.432233e-003	0.000000e+000
5.139237545578799e-007	-2.210347e-003	0.000000e+000
5.141374998027534e-007	-2.752658e-003	0.000000e+000
5.142850601067856e-007	-3.061360e-003	0.000000e+000
5.144688774493772e-007	-3.367170e-003	0.000000e+000
5.146828403290065e-007	-3.620808e-003	0.000000e+000
5.149783878633753e-007	-3.823182e-003	0.000000e+000
5.151669310343998e-007	-3.851953e-003	0.000000e+000
5.154163669272273e-007	-3.755387e-003	0.000000e+000
5.156605223614644e-007	-3.536690e-003	0.000000e+000
5.159279173924295e-007	-3.147178e-003	0.000000e+000
5.162549833065973e-007	-2.488401e-003	0.000000e+000
5.165535842536870e-007	-1.735762e-003	0.000000e+000
5.167537677486151e-007	-1.146393e-003	0.000000e+000
5.169032317959652e-007	-6.582777e-004	0.000000e+000
5.170560260665194e-007	-1.195417e-004	0.000000e+000
5.172719184246299e-007	6.918106e-004	0.000000e+000
5.174676374119339e-007	1.469616e-003	0.000000e+000
5.176623926855807e-007	2.283267e-003	0.000000e+000
5.179414221679134e-007	3.492461e-003	0.000000e+000
5.182447697573817e-007	4.833681e-003	0.000000e+000
5.184570059954564e-007	5.772874e-003	0.000000e+000
5.187039121514148e-007	6.843130e-003	0.000000e+000
5.189468996133505e-007	7.847225e-003	0.000000e+000
5.192353698661832e-007	8.946629e-003	0.000000e+000
5.195111426188120e-007	9.875261e-003	0.000000e+000
5.197797866968468e-007	1.063725e-002	0.000000e+000
5.199955442718963e-007	1.112855e-002	0.000000e+000
5.201772959824765e-007	1.144142e-002	0.000000e+000
5.203484180199520e-007	1.164513e-002	0.000000e+000
5.205180590284950e-007	1.174680e-002	0.000000e+000
5.207724342688699e-007	1.173305e-002	0.000000e+000
5.210110515929396e-007	1.154681e-002	0.000000e+000
5.212667618658431e-007	1.114332e-002	0.000000e+000
5.215432972270446e-007	1.050540e-002	0.000000e+000
5.217504092026636e-007	9.891980e-003	0.000000e+000
5.219592403764146e-007	9.153269e-003	0.000000e+000
5.222043648164250e-007	8.172811e-003	0.000000e+000
5.224387391737767e-007	7.145954e-003	0.000000e+000
5.226872566052595e-007	5.986347e-003	0.000000e+000
5.229945540795673e-007	4.509243e-003	0.000000e+000
5.232855137728771e-007	3.115228e-003	0.000000e+000
5.235308958360352e-007	1.982818e-003	0.000000e+000
5.237908789868244e-007	8.631059e-004	0.000000e+000
5.240283750703972e-007	-6.333934e-005	0.000000e+000
5.242535720212265e-007	-8.317086e-004	0.000000e+000
5.244817446263796e-007	-1.479624e-003	0.000000e+000
5.247519821887291e-007	-2.065114e-003	0.000000e+000
5.250583577206647e-007	-2.505905e-003	0.000000e+000
5.253146290330399e-007	-2.681566e-003	0.000000e+000
5.255637578952548e-007	-2.672291e-003	0.000000e+000
5.258076055463431e-007	-2.499410e-003	0.000000e+000
5.260962594546941e-007	-2.106545e-003	0.000000e+000
5.264227476939832e-007	-1.470217e-003	0.000000e+000
5.266999540552381e-007	-7.891895e-004	0.000000e+000
5.269773483303307e-007	-1.602328e-006	0.000000e+000
5.271825130052883e-007	6.348567e-004	0.000000e+000
5.274516776383381e-007	1.517400e-003	0.000000e+000
5.277213430133851e-007	2.426002e-003	0.000000e+000
5.279815105628340e-007	3.308655e-003	0.000000e+000
5.282343866444959e-007	4.154108e-003	0.000000e+000
5.285020687171489e-007	5.021531e-003	0.000000e+000
5.287118050561539e-007	5.667775e-003	0.000000e+000
5.289840404927099e-007	6.450511e-003	0.000000e+000
5.292452340329837e-007	7.135531e-003	0.000000e+000
5.295184920175273e-007	7.764853e-003	0.000000e+000
5.298250225271032e-007	8.362472e-003	0.000000e+000
5.300751968585806e-007	8.750082e-003	0.000000e+000
5.303567870158431e-007	9.070996e-003	0.000000e+000
5.305692986310831e-007	9.228287e-003	0.000000e+000
5.307771380885953e-007	9.302902e-003	0.000000e+000
5.309399804819741e-007	9.302450e-003	0.000000e+000
5.311412972167635e-007	9.225099e-003	0.000000e+000
5.313729611192828e-007	9.044891e-003	0.000000e+000
5.315917734525098e-007	8.787175e-003	0.000000e+000
5.317636212368483e-007	8.520177e-003	0.000000e+000
5.319204974469358e-007	8.216722e-003	0.000000e+000
5.321860557499227e-007	7.603395e-003	0.000000e+000
5.324351841235123e-007	6.931644e-003	0.000000e+000
5.327170475077480e-007	6.063504e-003	0.000000e+000
5.330031157573689e-007	5.095630e-003	0.000000e+000
5.332696395703400e-007	4.138020e-003	0.000000e+000
5.335135416763756e-007	3.237709e-003	0.000000e+000
5.337440851676642e-007	2.387000e-003	0.000000e+000
5.339143323500832e-007	1.773138e-003	0.000000e+000
5.340985044183733e-007	1.141142e-003	0.000000e+000
5.343567004511369e-007	3.286193e-004	0.000000e+000
5.346498034869606e-007	-4.856531e-004	0.000000e+000
5.348388433838420e-007	-9.249587e-004	0.000000e+000
5.350386399136212e-007	-1.286465e-003	0.000000e+000
5.352729263639083e-007	-1.580023e-003	0.000000e+000
5.355309433752968e-007	-1.725033e-003	0.000000e+000
5.358643536111125e-007	-1.641071e-003	0.000000e+000
5.362168598809511e-007	-1.267756e-003	0.000000e+000
5.364552238104749e-007	-8.362956e-004	0.000000e+000
5.366944803730776e-007	-2.510771e-004	0.000000e+000
5.369661872742097e-007	5.479060e-004	0.000000e+000
5.372614110970914e-007	1.531798e-003	0.000000e+000
5.375362090462942e-007	2.519794e-003	0.000000e+000
5.377834425267309e-007	3.438707e-003	0.000000e+000
5.379624695103720e-007	4.103922e-003	0.000000e+000
5.381461734527676e-007	4.770377e-003	0.000000e+000
5.383324352197515e-007	5.417216e-003	0.000000e+000
5.385202334024602e-007	6.024951e-003	0.000000e+000
5.387559468747270e-007	6.712778e-003	0.000000e+000
5.389916827292574e-007	7.305672e-003	0.000000e+000
5.392351382437664e-007	7.794356e-003	0.000000e+000
5.395276028989218e-007	8.217879e-003	0.000000e+000
5.397831602856583e-007	8.437746e-003	0.000000e+000
5.400334493380533e-007	8.510732e-003	0.000000e+000
5.402435730099295e-007	8.467565e-003	0.000000e+000
5.404373012039311e-007	8.342775e-003	0.000000e+000
5.406350568271413e-007	8.136529e-003	0.000000e+000
5.408857111388143e-007	7.784422e-003	0.000000e+000
5.411119924561137e-007	7.393684e-003	0.000000e+000
5.413384231007527e-007	6.936102e-003	0.000000e+000
5.416740802749174e-007	6.181399e-003	0.000000e+000
5.420042303052917e-007	5.391037e-003	0.000000e+000
5.421927652420757e-007	4.925988e-003	0.000000e+000
5.423937361048452e-007	4.429022e-003	0.000000e+000
5.425958595313356e-007	3.939111e-003	0.000000e+000
5.428764559506357e-007	3.287947e-003	0.000000e+000
5.432076039361803e-007	2.567515e-003	0.000000e+000
5.434364009515719e-007	2.110073e-003	0.000000e+000
5.436266291469532e-007	1.765088e-003	0.000000e+000
5.438125719885752e-007	1.464652e-003	0.000000e+000
5.440833657404607e-007	1.090195e-003	0.000000e+000
5.443832409790588e-007	7.563970e-004	0.000000e+000
5.446503311333737e-007	5.415893e-004	0.000000e+000
5.449169362626377e-007	4.138982e-004	0.000000e+000
5.451829704994898e-007	3.780138e-004	0.000000e+000
5.454890387848196e-007	4.510280e-004	0.000000e+000
5.458083561409735e-007	6.531944e-004	0.000000e+000
5.461169025974857e-007	9.666594e-004	0.000000e+000
5.463478075285184e-007	1.281363e-003	0.000000e+000
5.465714765452163e-007	1.658758e-003	0.000000e+000
5.468937380486585e-007	2.289526e-003	0.000000e+000
5.471176799414198e-007	2.781190e-003	0.000000e+000
5.474112243191470e-007	3.479750e-003	0.000000e+000
5.475849625176726e-007	3.911362e-003	0.000000e+000
5.478156100140132e-007	4.495669e-003	0.000000e+000
5.480439862784028e-007	5.069369e-003	0.000000e+000
5.482608094112849e-007	5.596991e-003	0.000000e+000
5.484563390101846e-007	6.043085e-003	0.000000e+000
5.487083254472460e-007	6.561876e-003	0.000000e+000
5.489507068761202e-007	6.983161e-003	0.000000e+000
5.492459071075242e-007	7.373543e-003	0.000000e+000
5.495189376229548e-007	7.612107e-003	0.000000e+000
5.497094247689862e-007	7.686925e-003	0.000000e+000
5.499309744899755e-007	7.674731e-003	0.000000e+000
5.501126168098614e-007	7.588519e-003	0.000000e+000
5.503172860085403e-007	7.402973e-003	0.000000e+000
5.505462561117713e-007	7.094142e-003	0.000000e+000
5.508429064225531e-007	6.571993e-003	0.000000e+000
5.510345937476489e-007	6.165423e-003	0.000000e+000
5.512524399098177e-007	5.638590e-003	0.000000e+000
5.514938461335918e-007	5.007723e-003	0.000000e+000
5.517361133979227e-007	4.345736e-003	0.000000e+000
5.519796884140418e-007	3.673509e-003	0.000000e+000
5.522069048722218e-007	3.061973e-003	0.000000e+000
5.524337775263049e-007	2.490578e-003	0.000000e+000
5.527151880468573e-007	1.862791e-003	0.000000e+000
5.530295583890373e-007	1.286312e-003	0.000000e+000
5.533237817398919e-007	8.908672e-004	0.000000e+000
5.536048175240341e-007	6.564643e-004	0.000000e+000
5.538250580690110e-007	5.844308e-004	0.000000e+000
5.540903009981838e-007	6.308053e-004	0.000000e+000
5.543962762480197e-007	8.189844e-004	0.000000e+000
5.546063815069370e-007	1.026539e-003	0.000000e+000
5.547547713545221e-007	1.215612e-003	0.000000e+000
5.548972505738711e-007	1.428147e-003	0.000000e+000
5.551567539441030e-007	1.862266e-003	0.000000e+000
5.554261412046813e-007	2.351862e-003	0.000000e+000
5.557455530177799e-007	2.959996e-003	0.000000e+000
5.559954957128853e-007	3.434561e-003	0.000000e+000
5.562834874179613e-007	3.957807e-003	0.000000e+000
5.565455536668468e-007	4.399560e-003	0.000000e+000
5.567354967008784e-007	4.689088e-003	0.000000e+000
5.569271300263602e-007	4.948311e-003	0.000000e+000
5.571271603922469e-007	5.179580e-003	0.000000e+000
5.574269047828191e-007	5.455066e-003	0.000000e+000
5.577719559665054e-007	5.681109e-003	0.000000e+000
5.581021660440813e-007	5.807225e-003	0.000000e+000
5.584172074846561e-007	5.849455e-003	0.000000e+000
5.587221905329029e-007	5.826983e-003	0.000000e+000
5.590147277120318e-007	5.755966e-003	0.000000e+000
5.592678033891227e-007	5.659508e-003	0.000000e+000
5.595058754448753e-007	5.539465e-003	0.000000e+000
5.598042229972857e-007	5.356966e-003	0.000000e+000
5.600255755152616e-007	5.199912e-003	0.000000e+000
5.602187952107418e-007	5.045018e-003	0.000000e+000
5.604089682428933e-007	4.877029e-003	0.000000e+000
5.606030840951921e-007	4.689193e-003	0.000000e+000
5.608495277623484e-007	4.429104e-003	0.000000e+000
5.610907946169040e-007	4.152117e-003	0.000000e+000
5.613904089953917e-007	3.781711e-003	0.000000e+000
5.616614237439233e-007	3.428698e-003	0.000000e+000
5.618384232764296e-007	3.190863e-003	0.000000e+000
5.620853283373564e-007	2.856922e-003	0.000000e+000
5.623156017818442e-007	2.553222e-003	0.000000e+000
5.626031835974990e-007	2.199306e-003	0.000000e+000
5.629110667940958e-007	1.872094e-003	0.000000e+000
5.632561901642948e-007	1.595120e-003	0.000000e+000
5.635901924164616e-007	1.444327e-003	0.000000e+000
5.639212245206783e-007	1.432147e-003	0.000000e+000
5.642201596522020e-007	1.550683e-003	0.000000e+000
5.644879930611370e-007	1.772416e-003	0.000000e+000
5.647733267355014e-007	2.113369e-003	0.000000e+000
5.649453396709990e-007	2.370162e-003	0.000000e+000
5.651091270076082e-007	2.656004e-003	0.000000e+000
5.653389780857843e-007	3.102602e-003	0.000000e+000
5.656014132527238e-007	3.655333e-003	0.000000e+000
5.659303779862505e-007	4.378514e-003	0.000000e+000
5.662705919445721e-007	5.116666e-003	0.000000e+000
5.665775797991216e-007	5.726223e-003	0.000000e+000
5.669282260163389e-007	6.307020e-003	0.000000e+000
5.672504687571890e-007	6.686621e-003	0.000000e+000
5.676293556704041e-007	6.915138e-003	0.000000e+000
5.679556100748661e-007	6.907488e-003	0.000000e+000
5.683109751324162e-007	6.671150e-003	0.000000e+000
5.686946428792322e-007	6.203860e-003	0.000000e+000
5.690248868578536e-007	5.660989e-003	0.000000e+000
5.692813076844975e-007	5.170275e-003	0.000000e+000
5.694737981926033e-007	4.777543e-003	0.000000e+000
5.696864493245832e-007	4.340918e-003	0.000000e+000
5.699954318135811e-007	3.743501e-003	0.000000e+000
5.704158525607524e-007	3.034115e-003	0.000000e+000
5.707148794739495e-007	2.649383e-003	0.000000e+000
5.710589544645550e-007	2.384815e-003	0.000000e+000
5.714153928238367e-007	2.325015e-003	0.000000e+000
5.718680017280637e-007	2.553670e-003	0.000000e+000
5.723568419829995e-007	3.116375e-003	0.000000e+000
5.728429652529232e-007	3.931252e-003	0.000000e+000
5.733030412028677e-007	4.846167e-003	0.000000e+000
5.738202150259821e-007	5.913612e-003	0.000000e+000
5.743180496994035e-007	6.878556e-003	0.000000e+000
5.747560238385372e-007	7.609908e-003	0.000000e+000
5.752337084221229e-007	8.247479e-003	0.000000e+000
5.757019813322199e-007	8.705906e-003	0.000000e+000
5.762879188322199e-007	9.088805e-003	0.000000e+000
5.768207823372466e-007	9.301957e-003	0.000000e+000
5.774067198372466e-007	9.438830e-003	0.000000e+000
5.779926573372467e-007	9.537860e-003	0.000000e+000
5.783981843192417e-007	9.609279e-003	0.000000e+000
5.786772024223551e-007	9.673668e-003	0.000000e+000
5.789434299079624e-007	9.757196e-003	0.000000e+000
5.792178209617946e-007	9.872284e-003	0.000000e+000
5.794817603950726e-007	1.001677e-002	0.000000e+000
5.797051597245868e-007	1.017403e-002	0.000000e+000
5.799596085384430e-007	1.040155e-002	0.000000e+000
5.802448373953324e-007	1.072822e-002	0.000000e+000
5.806249288176112e-007	1.128761e-002	0.000000e+000
5.810173227575325e-007	1.202016e-002	0.000000e+000
5.814147381318270e-007	1.293878e-002	0.000000e+000
5.818373738864816e-007	1.409919e-002	0.000000e+000
5.822733580191933e-007	1.545941e-002	0.000000e+000
5.828056422045339e-007	1.724508e-002	0.000000e+000
5.832942654117790e-007	1.889950e-002	0.000000e+000
5.837034875472071e-007	2.021330e-002	0.000000e+000
5.840749375981646e-007	2.127030e-002	0.000000e+000
5.845031353300031e-007	2.228339e-002	0.000000e+000
5.848942307427790e-007	2.298735e-002	0.000000e+000
5.853505014012744e-007	2.353825e-002	0.000000e+000
5.858345878052150e-007	2.388569e-002	0.000000e+000
5.862068465827243e-007	2.402927e-002	0.000000e+000
5.865007247898204e-007	2.409862e-002	0.000000e+000
5.867661833298730e-007	2.417050e-002	0.000000e+000
5.871898619354057e-007	2.436325e-002	0.000000e+000
5.875872211054681e-007	2.468675e-002	0.000000e+000
5.880717057897573e-007	2.531819e-002	0.000000e+000
5.884979911248441e-007	2.610159e-002	0.000000e+000
5.889785228234809e-007	2.721198e-002	0.000000e+000
5.894260810723690e-007	2.837281e-002	0.000000e+000
5.898991406150539e-007	2.963002e-002	0.000000e+000
5.902308053910026e-007	3.045813e-002	0.000000e+000
5.905519780567172e-007	3.114420e-002	0.000000e+000
5.909765599867073e-007	3.184123e-002	0.000000e+000
5.913613241990019e-007	3.224200e-002	0.000000e+000
5.917352721820020e-007	3.238438e-002	0.000000e+000
5.921264669243153e-007	3.228397e-002	0.000000e+000
5.925775759751184e-007	3.190821e-002	0.000000e+000
5.931291590149109e-007	3.120861e-002	0.000000e+000
5.937018803925770e-007	3.035177e-002	0.000000e+000
5.941603746635021e-007	2.965386e-002	0.000000e+000
5.945605673788447e-007	2.908665e-002	0.000000e+000
5.949371530773584e-007	2.860639e-002	0.000000e+000
5.952805908239631e-007	2.821017e-002	0.000000e+000
5.956595399444028e-007	2.779949e-002	0.000000e+000
5.960167090496823e-007	2.741347e-002	0.000000e+000
5.963351409502927e-007	2.704928e-002	0.000000e+000
5.966509268003699e-007	2.665094e-002	0.000000e+000
5.969607946722430e-007	2.620754e-002	0.000000e+000
5.973752721875871e-007	2.553300e-002	0.000000e+000
5.977547426282922e-007	2.483912e-002	0.000000e+000
5.982091213894363e-007	2.393342e-002	0.000000e+000
5.986409279395512e-007	2.303895e-002	0.000000e+000
5.989748534160406e-007	2.235186e-002	0.000000e+000
5.993047545231035e-007	2.170250e-002	0.000000e+000
5.995702566998115e-007	2.121725e-002	0.000000e+000
5.998480768113416e-007	2.075117e-002	0.000000e+000
6.000000000000000e-007	2.051372e-002	0.000000e+000
