time	V(-1)	V(1)
0.000000000000000e+000	0.000000e+000	0.000000e+000
2.929687488293547e-015	0.000000e+000	3.906250e-007
5.859374976587093e-015	0.000000e+000	7.812500e-007
6.862165151151572e-012	0.000000e+000	9.149554e-004
1.371847092732656e-011	0.000000e+000	1.829129e-003
2.057477670350154e-011	0.000000e+000	2.743304e-003
2.743108247967653e-011	0.000000e+000	3.657478e-003
3.428738825585152e-011	0.000000e+000	4.571652e-003
4.114369403202650e-011	0.000000e+000	5.485826e-003
4.799999980820147e-011	0.000000e+000	6.400000e-003
9.599999961640293e-011	0.000000e+000	1.280000e-002
1.404606014236565e-010	0.000000e+000	1.872808e-002
1.783236865824398e-010	0.000000e+000	2.377649e-002
2.133624804419516e-010	0.000000e+000	2.844833e-002
2.524063542346297e-010	0.000000e+000	3.365418e-002
2.929017788970762e-010	0.000000e+000	3.905357e-002
3.425937548498220e-010	0.000000e+000	4.567917e-002
3.978514655120642e-010	0.000000e+000	5.304686e-002
4.645797710677486e-010	0.000000e+000	6.194397e-002
5.403068812387476e-010	0.000000e+000	7.204092e-002
6.307358062350090e-010	0.000000e+000	8.409811e-002
7.079893803692061e-010	0.000000e+000	9.439858e-002
7.836459236611387e-010	0.000000e+000	1.044861e-001
8.648150319715850e-010	0.000000e+000	1.153087e-001
9.533838991931495e-010	0.000000e+000	1.271179e-001
1.051271808406195e-009	0.000000e+000	1.401696e-001
1.159241009936828e-009	0.000000e+000	1.545655e-001
1.278989387682822e-009	0.000000e+000	1.705319e-001
1.396557812889042e-009	0.000000e+000	1.862077e-001
1.506237046328307e-009	0.000000e+000	2.008316e-001
1.622814105635592e-009	0.000000e+000	2.163752e-001
1.745252821730090e-009	0.000000e+000	2.327004e-001
1.878826092854392e-009	0.000000e+000	2.505102e-001
2.021722797969882e-009	0.000000e+000	2.695630e-001
2.177735489724570e-009	0.000000e+000	2.903647e-001
2.313196995441448e-009	0.000000e+000	3.084263e-001
2.459900481889272e-009	0.000000e+000	3.279867e-001
2.607287994033612e-009	0.000000e+000	3.476384e-001
2.769490394963849e-009	0.000000e+000	3.692654e-001
2.937795246810041e-009	0.000000e+000	3.917060e-001
3.121752783602838e-009	0.000000e+000	4.162337e-001
3.302567426918073e-009	0.000000e+000	4.403423e-001
3.469663158169185e-009	0.000000e+000	4.626217e-001
3.654689521797214e-009	0.000000e+000	4.872919e-001
3.840326689612211e-009	0.000000e+000	5.120435e-001
4.044539681067157e-009	0.000000e+000	5.392720e-001
4.227764994987606e-009	0.000000e+000	5.637020e-001
4.422060863015607e-009	0.000000e+000	5.896081e-001
4.617703286808859e-009	0.000000e+000	6.156937e-001
4.828249794968700e-009	0.000000e+000	6.437666e-001
5.045663481100010e-009	0.000000e+000	6.727551e-001
5.245441075231733e-009	0.000000e+000	6.993921e-001
5.458755053440760e-009	0.000000e+000	7.278340e-001
5.673038340546209e-009	0.000000e+000	7.564051e-001
5.903234374701521e-009	0.000000e+000	7.870979e-001
6.139853745656884e-009	0.000000e+000	8.186471e-001
6.361321752244273e-009	0.000000e+000	8.481762e-001
6.593822328680316e-009	0.000000e+000	8.791763e-001
6.829555108356707e-009	0.000000e+000	9.106073e-001
7.079883430092167e-009	0.000000e+000	9.439844e-001
7.241472718691558e-009	0.000000e+000	9.655297e-001
7.281792218401954e-009	0.000000e+000	9.709056e-001
7.362431217822746e-009	0.000000e+000	9.816575e-001
7.499999999999999e-009	0.000000e+000	1.000000e+000
7.513756878217725e-009	0.000000e+000	1.000000e+000
7.541270634653175e-009	0.000000e+000	1.000000e+000
7.596298147524077e-009	0.000000e+000	1.000000e+000
7.706353173265880e-009	0.000000e+000	1.000000e+000
7.926463224749485e-009	0.000000e+000	1.000000e+000
8.165171580565447e-009	0.000000e+000	1.000000e+000
8.402737421335003e-009	0.000000e+000	1.000000e+000
8.670384792129401e-009	0.000000e+000	1.000000e+000
8.922443892864793e-009	0.000000e+000	1.000000e+000
9.203252571979989e-009	0.000000e+000	1.000000e+000
9.479896087609552e-009	0.000000e+000	1.000000e+000
9.765674830771160e-009	0.000000e+000	1.000000e+000
1.003512079189841e-008	0.000000e+000	1.000000e+000
1.032786309669213e-008	0.000000e+000	1.000000e+000
1.061910649875856e-008	0.000000e+000	1.000000e+000
1.091207524875856e-008	0.000000e+000	1.000000e+000
1.119789959586993e-008	0.000000e+000	1.000000e+000
1.149086834586993e-008	0.000000e+000	1.000000e+000
1.178383709586993e-008	0.000000e+000	1.000000e+000
1.207680584586993e-008	0.000000e+000	1.000000e+000
1.236977459586993e-008	0.000000e+000	1.000000e+000
1.266274334586993e-008	0.000000e+000	1.000000e+000
1.295571209586993e-008	0.000000e+000	1.000000e+000
1.324868084586993e-008	0.000000e+000	1.000000e+000
1.354164959586993e-008	0.000000e+000	1.000000e+000
1.383461834586993e-008	0.000000e+000	1.000000e+000
1.412758709586993e-008	0.000000e+000	1.000000e+000
1.442055584586993e-008	0.000000e+000	1.000000e+000
1.471352459586993e-008	0.000000e+000	1.000000e+000
1.500649334586993e-008	0.000000e+000	1.000000e+000
1.529946209586993e-008	0.000000e+000	1.000000e+000
1.559243084586993e-008	0.000000e+000	1.000000e+000
1.588539959586994e-008	0.000000e+000	1.000000e+000
1.617836834586994e-008	0.000000e+000	1.000000e+000
1.647133709586994e-008	0.000000e+000	1.000000e+000
1.676430584586994e-008	0.000000e+000	1.000000e+000
1.705727459586994e-008	0.000000e+000	1.000000e+000
1.735024334586994e-008	0.000000e+000	1.000000e+000
1.764321209586994e-008	0.000000e+000	1.000000e+000
1.793618084586994e-008	0.000000e+000	1.000000e+000
1.822914959586994e-008	0.000000e+000	1.000000e+000
1.852211834586994e-008	0.000000e+000	1.000000e+000
1.881508709586994e-008	0.000000e+000	1.000000e+000
1.910805584586994e-008	0.000000e+000	1.000000e+000
1.940102459586994e-008	0.000000e+000	1.000000e+000
1.969399334586994e-008	0.000000e+000	1.000000e+000
1.998696209586994e-008	0.000000e+000	1.000000e+000
2.027993084586994e-008	0.000000e+000	1.000000e+000
2.057289959586994e-008	0.000000e+000	1.000000e+000
2.086586834586994e-008	0.000000e+000	1.000000e+000
2.115883709586994e-008	0.000000e+000	1.000000e+000
2.145180584586994e-008	0.000000e+000	1.000000e+000
2.174477459586995e-008	0.000000e+000	1.000000e+000
2.203774334586995e-008	0.000000e+000	1.000000e+000
2.233071209586995e-008	0.000000e+000	1.000000e+000
2.262368084586995e-008	0.000000e+000	1.000000e+000
2.291664959586995e-008	0.000000e+000	1.000000e+000
2.320961834586995e-008	0.000000e+000	1.000000e+000
2.350258709586995e-008	0.000000e+000	1.000000e+000
2.379555584586995e-008	0.000000e+000	1.000000e+000
2.408852459586995e-008	0.000000e+000	1.000000e+000
2.438149334586995e-008	0.000000e+000	1.000000e+000
2.467446209586995e-008	0.000000e+000	1.000000e+000
2.496743084586995e-008	0.000000e+000	1.000000e+000
2.526039959586995e-008	0.000000e+000	1.000000e+000
2.555336834586995e-008	0.000000e+000	1.000000e+000
2.584633709586995e-008	0.000000e+000	1.000000e+000
2.613930584586995e-008	0.000000e+000	1.000000e+000
2.643227459586995e-008	0.000000e+000	1.000000e+000
2.672524334586995e-008	0.000000e+000	1.000000e+000
2.701821209586995e-008	0.000000e+000	1.000000e+000
2.731118084586995e-008	0.000000e+000	1.000000e+000
2.760414959586996e-008	0.000000e+000	1.000000e+000
2.789711834586996e-008	0.000000e+000	1.000000e+000
2.819008709586996e-008	0.000000e+000	1.000000e+000
2.848305584586996e-008	0.000000e+000	1.000000e+000
2.877602459586996e-008	0.000000e+000	1.000000e+000
2.906899334586996e-008	0.000000e+000	1.000000e+000
2.936196209586996e-008	0.000000e+000	1.000000e+000
2.965493084586996e-008	1.401298e-045	1.000000e+000
2.994789959586996e-008	4.203895e-045	1.000000e+000
3.024086834586996e-008	1.121039e-044	1.000000e+000
3.053383709586996e-008	3.082857e-044	1.000000e+000
3.082680584586996e-008	8.547921e-044	1.000000e+000
3.111977459586996e-008	2.284116e-043	1.000000e+000
3.141274334586996e-008	6.067622e-043	1.000000e+000
3.170571209586996e-008	1.597480e-042	1.000000e+000
3.199868084586996e-008	4.171666e-042	1.000000e+000
3.229164959586996e-008	1.080541e-041	1.000000e+000
3.258461834586996e-008	2.775832e-041	1.000000e+000
3.287758709586996e-008	7.072073e-041	1.000000e+000
3.317055584586997e-008	1.787202e-040	1.000000e+000
3.346352459586997e-008	4.480400e-040	1.000000e+000
3.375649334586997e-008	1.114360e-039	1.000000e+000
3.404946209586997e-008	2.750055e-039	1.000000e+000
3.434243084586997e-008	6.734562e-039	1.000000e+000
3.463539959586997e-008	1.636710e-038	1.000000e+000
3.492836834586997e-008	3.947940e-038	1.000000e+000
3.522133709586997e-008	9.452490e-038	1.000000e+000
3.551430584586997e-008	2.246668e-037	1.000000e+000
3.580727459586997e-008	5.301362e-037	1.000000e+000
3.610024334586997e-008	1.242024e-036	1.000000e+000
3.639321209586997e-008	2.889376e-036	1.000000e+000
3.668618084586997e-008	6.674918e-036	1.000000e+000
3.697914959586997e-008	1.531410e-035	1.000000e+000
3.727211834586997e-008	3.489598e-035	1.000000e+000
3.756508709586997e-008	7.898276e-035	1.000000e+000
3.785805584586997e-008	1.775806e-034	1.000000e+000
3.815102459586997e-008	3.966410e-034	1.000000e+000
3.844399334586997e-008	8.801793e-034	1.000000e+000
3.873696209586997e-008	1.940651e-033	1.000000e+000
3.902993084586998e-008	4.251647e-033	1.000000e+000
3.932289959586998e-008	9.256159e-033	1.000000e+000
3.961586834586998e-008	2.002617e-032	1.000000e+000
3.990883709586998e-008	4.306132e-032	1.000000e+000
4.020180584586998e-008	9.202964e-032	1.000000e+000
4.049477459586998e-008	1.955001e-031	1.000000e+000
4.078774334586998e-008	4.128309e-031	1.000000e+000
4.108071209586998e-008	8.666236e-031	1.000000e+000
4.137368084586998e-008	1.808623e-030	1.000000e+000
4.166664959586998e-008	3.752759e-030	1.000000e+000
4.195961834586998e-008	7.742187e-030	1.000000e+000
4.225258709586998e-008	1.588224e-029	1.000000e+000
4.254555584586998e-008	3.239810e-029	1.000000e+000
4.283852459586998e-008	6.572200e-029	1.000000e+000
4.313149334586998e-008	1.325894e-028	1.000000e+000
4.342446209586998e-008	2.660339e-028	1.000000e+000
4.371743084586998e-008	5.309058e-028	1.000000e+000
4.401039959586998e-008	1.053835e-027	1.000000e+000
4.430336834586998e-008	2.080772e-027	1.000000e+000
4.459633709586998e-008	4.086902e-027	1.000000e+000
4.488930584586999e-008	7.985512e-027	1.000000e+000
4.518227459586999e-008	1.552283e-026	1.000000e+000
4.547524334586999e-008	3.002054e-026	1.000000e+000
4.576821209586999e-008	5.776515e-026	1.000000e+000
4.606118084586999e-008	1.105942e-025	1.000000e+000
4.635414959586999e-008	2.106868e-025	1.000000e+000
4.664711834586999e-008	3.993919e-025	1.000000e+000
4.694008709586999e-008	7.534196e-025	1.000000e+000
4.723305584586999e-008	1.414388e-024	1.000000e+000
4.752602459586999e-008	2.642480e-024	1.000000e+000
4.781899334586999e-008	4.913424e-024	1.000000e+000
4.811196209586999e-008	9.092920e-024	1.000000e+000
4.840493084586999e-008	1.674889e-023	1.000000e+000
4.869789959586999e-008	3.070780e-023	1.000000e+000
4.899086834586999e-008	5.604127e-023	1.000000e+000
4.928383709586999e-008	1.018075e-022	1.000000e+000
4.957680584586999e-008	1.841112e-022	1.000000e+000
4.986977459586999e-008	3.314550e-022	1.000000e+000
5.016274334586999e-008	5.940569e-022	1.000000e+000
5.045571209586999e-008	1.060000e-021	1.000000e+000
5.074868084587000e-008	1.883098e-021	1.000000e+000
5.104164959587000e-008	3.330759e-021	1.000000e+000
5.133461834587000e-008	5.865858e-021	1.000000e+000
5.162758709587000e-008	1.028612e-020	1.000000e+000
5.192055584587000e-008	1.796045e-020	1.000000e+000
5.221352459587000e-008	3.122786e-020	1.000000e+000
5.250649334587000e-008	5.406791e-020	1.000000e+000
5.279946209587000e-008	9.322290e-020	1.000000e+000
5.309243084587000e-008	1.600678e-019	1.000000e+000
5.338539959587000e-008	2.737138e-019	1.000000e+000
5.367836834587000e-008	4.661362e-019	1.000000e+000
5.397133709587000e-008	7.906147e-019	1.000000e+000
5.426430584587000e-008	1.335564e-018	1.000000e+000
5.455727459587000e-008	2.247110e-018	1.000000e+000
5.485024334587000e-008	3.765782e-018	1.000000e+000
5.514321209587000e-008	6.285918e-018	1.000000e+000
5.543618084587000e-008	1.045144e-017	1.000000e+000
5.572914959587000e-008	1.730967e-017	1.000000e+000
5.602211834587000e-008	2.855731e-017	1.000000e+000
5.631508709587000e-008	4.693235e-017	1.000000e+000
5.660805584587001e-008	7.683591e-017	1.000000e+000
5.690102459587001e-008	1.253152e-016	1.000000e+000
5.719399334587001e-008	2.036106e-016	1.000000e+000
5.748696209587001e-008	3.295830e-016	1.000000e+000
5.777993084587001e-008	5.315036e-016	1.000000e+000
5.807289959587001e-008	8.539542e-016	1.000000e+000
5.836586834587001e-008	1.366971e-015	1.000000e+000
5.865883709587001e-008	2.180165e-015	1.000000e+000
5.895180584587001e-008	3.464451e-015	1.000000e+000
5.924477459587001e-008	5.485333e-015	1.000000e+000
5.953774334587001e-008	8.653744e-015	1.000000e+000
5.983071209587001e-008	1.360336e-014	1.000000e+000
6.012368084587000e-008	2.130777e-014	1.000000e+000
6.041664959587000e-008	3.325737e-014	1.000000e+000
6.070961834586999e-008	5.172540e-014	1.000000e+000
6.100258709586999e-008	8.016669e-014	1.000000e+000
6.129555584586998e-008	1.238130e-013	1.000000e+000
6.158852459586997e-008	1.905585e-013	1.000000e+000
6.188149334586997e-008	2.922723e-013	1.000000e+000
6.217446209586996e-008	4.467372e-013	1.000000e+000
6.246743084586996e-008	6.805010e-013	1.000000e+000
6.276039959586995e-008	1.033058e-012	1.000000e+000
6.305336834586994e-008	1.562958e-012	1.000000e+000
6.334633709586994e-008	2.356693e-012	1.000000e+000
6.363930584586993e-008	3.541596e-012	1.000000e+000
6.393227459586993e-008	5.304467e-012	1.000000e+000
6.422524334586992e-008	7.918405e-012	1.000000e+000
6.451821209586991e-008	1.178130e-011	1.000000e+000
6.481118084586991e-008	1.747088e-011	1.000000e+000
6.510414959586990e-008	2.582309e-011	1.000000e+000
6.539711834586989e-008	3.804343e-011	1.000000e+000
6.569008709586989e-008	5.586438e-011	1.000000e+000
6.598305584586988e-008	8.176732e-011	1.000000e+000
6.627602459586988e-008	1.192943e-010	1.000000e+000
6.656899334586987e-008	1.734843e-010	1.000000e+000
6.686196209586986e-008	2.514819e-010	1.000000e+000
6.715493084586986e-008	3.633829e-010	1.000000e+000
6.744789959586985e-008	5.234057e-010	1.000000e+000
6.774086834586985e-008	7.515081e-010	1.000000e+000
6.803383709586984e-008	1.075611e-009	1.000000e+000
6.832680584586983e-008	1.534643e-009	1.000000e+000
6.861977459586983e-008	2.182705e-009	1.000000e+000
6.891274334586982e-008	3.094730e-009	1.000000e+000
6.920571209586982e-008	4.374161e-009	1.000000e+000
6.949868084586981e-008	6.163330e-009	1.000000e+000
6.979164959586980e-008	8.657426e-009	1.000000e+000
7.008461834586980e-008	1.212324e-008	1.000000e+000
7.037758709586979e-008	1.692425e-008	1.000000e+000
7.067055584586978e-008	2.355400e-008	1.000000e+000
7.096352459586978e-008	3.268044e-008	1.000000e+000
7.125649334586977e-008	4.520460e-008	1.000000e+000
7.154946209586977e-008	6.233793e-008	1.000000e+000
7.184243084586976e-008	8.570387e-008	1.000000e+000
7.213539959586975e-008	1.174708e-007	1.000000e+000
7.242836834586975e-008	1.605255e-007	1.000000e+000
7.272133709586974e-008	2.186984e-007	1.000000e+000
7.301430584586974e-008	2.970554e-007	1.000000e+000
7.330727459586973e-008	4.022744e-007	1.000000e+000
7.360024334586972e-008	5.431287e-007	1.000000e+000
7.389321209586972e-008	7.311075e-007	1.000000e+000
7.418618084586971e-008	9.812056e-007	1.000000e+000
7.447914959586971e-008	1.312929e-006	1.000000e+000
7.477211834586970e-008	1.751570e-006	1.000000e+000
7.506508709586969e-008	2.329808e-006	1.000000e+000
7.535805584586969e-008	3.089735e-006	1.000000e+000
7.565102459586968e-008	4.085380e-006	1.000000e+000
7.594399334586967e-008	5.385866e-006	1.000000e+000
7.623696209586967e-008	7.079325e-006	1.000000e+000
7.652993084586966e-008	9.277751e-006	1.000000e+000
7.682289959586966e-008	1.212298e-005	1.000000e+000
7.711586834586965e-008	1.579403e-005	1.000000e+000
7.740883709586964e-008	2.051607e-005	1.000000e+000
7.770180584586964e-008	2.657138e-005	1.000000e+000
7.799477459586963e-008	3.431257e-005	1.000000e+000
7.828774334586963e-008	4.417863e-005	1.000000e+000
7.858071209586962e-008	5.671415e-005	1.000000e+000
7.887368084586961e-008	7.259240e-005	1.000000e+000
7.916664959586961e-008	9.264278e-005	1.000000e+000
7.945961834586960e-008	1.178834e-004	1.000000e+000
7.975258709586960e-008	1.495595e-004	1.000000e+000
8.004555584586959e-008	1.891889e-004	1.000000e+000
8.033852459586958e-008	2.386146e-004	1.000000e+000
8.063149334586958e-008	3.000665e-004	1.000000e+000
8.092446209586957e-008	3.762325e-004	1.000000e+000
8.121743084586956e-008	4.703407e-004	1.000000e+000
8.151039959586956e-008	5.862532e-004	1.000000e+000
8.180336834586955e-008	7.285730e-004	1.000000e+000
8.209633709586955e-008	9.027650e-004	1.000000e+000
8.238930584586954e-008	1.115292e-003	1.000000e+000
8.268227459586953e-008	1.373767e-003	1.000000e+000
8.297524334586953e-008	1.687121e-003	1.000000e+000
8.326821209586952e-008	2.065789e-003	1.000000e+000
8.356118084586952e-008	2.521914e-003	1.000000e+000
8.385414959586951e-008	3.069562e-003	1.000000e+000
8.414711834586950e-008	3.724964e-003	1.000000e+000
8.444008709586950e-008	4.506759e-003	1.000000e+000
8.473305584586949e-008	5.436262e-003	1.000000e+000
8.502602459586949e-008	6.537729e-003	1.000000e+000
8.531899334586948e-008	7.838639e-003	1.000000e+000
8.561196209586947e-008	9.369970e-003	1.000000e+000
8.590493084586947e-008	1.116646e-002	1.000000e+000
8.619789959586946e-008	1.326689e-002	1.000000e+000
8.649086834586945e-008	1.571429e-002	1.000000e+000
8.678383709586945e-008	1.855614e-002	1.000000e+000
8.707680584586944e-008	2.184458e-002	1.000000e+000
8.736977459586944e-008	2.563646e-002	1.000000e+000
8.766274334586943e-008	2.999339e-002	1.000000e+000
8.795571209586942e-008	3.498171e-002	1.000000e+000
8.824868084586942e-008	4.067235e-002	1.000000e+000
8.854164959586941e-008	4.714052e-002	1.000000e+000
8.883461834586941e-008	5.446539e-002	1.000000e+000
8.912758709586940e-008	6.272951e-002	1.000000e+000
8.942055584586939e-008	7.201812e-002	1.000000e+000
8.971352459586939e-008	8.241832e-002	1.000000e+000
9.000649334586938e-008	9.401800e-002	1.000000e+000
9.029946209586938e-008	1.069047e-001	1.000000e+000
9.059243084586937e-008	1.211640e-001	1.000000e+000
9.088539959586936e-008	1.368781e-001	1.000000e+000
9.117836834586936e-008	1.541241e-001	1.000000e+000
9.147133709586935e-008	1.729718e-001	1.000000e+000
9.176430584586934e-008	1.934819e-001	1.000000e+000
9.205727459586934e-008	2.157036e-001	1.000000e+000
9.235024334586933e-008	2.396725e-001	1.000000e+000
9.264321209586933e-008	2.654082e-001	1.000000e+000
9.293618084586932e-008	2.929120e-001	1.000000e+000
9.322914959586931e-008	3.221648e-001	1.000000e+000
9.352211834586931e-008	3.531249e-001	1.000000e+000
9.381508709586930e-008	3.857265e-001	1.000000e+000
9.410805584586930e-008	4.198775e-001	1.000000e+000
9.440102459586929e-008	4.554591e-001	1.000000e+000
9.469399334586928e-008	4.923247e-001	1.000000e+000
9.498696209586928e-008	5.302993e-001	1.000000e+000
9.527993084586927e-008	5.691808e-001	1.000000e+000
9.557289959586926e-008	6.087402e-001	1.000000e+000
9.586586834586926e-008	6.487234e-001	1.000000e+000
9.615883709586925e-008	6.888543e-001	1.000000e+000
9.645180584586925e-008	7.288373e-001	1.000000e+000
9.674477459586924e-008	7.683613e-001	1.000000e+000
9.703774334586923e-008	8.071046e-001	1.000000e+000
9.733071209586923e-008	8.447398e-001	1.000000e+000
9.762368084586922e-008	8.809400e-001	1.000000e+000
9.791664959586922e-008	9.153845e-001	1.000000e+000
9.820961834586921e-008	9.477662e-001	1.000000e+000
9.850258709586920e-008	9.777974e-001	1.000000e+000
9.879555584586920e-008	1.005217e+000	1.000000e+000
9.908852459586919e-008	1.029798e+000	1.000000e+000
9.938149334586919e-008	1.051351e+000	1.000000e+000
9.967446209586918e-008	1.069732e+000	1.000000e+000
9.996743084586917e-008	1.084848e+000	1.000000e+000
1.002603995958692e-007	1.096656e+000	1.000000e+000
1.005533683458692e-007	1.105172e+000	1.000000e+000
1.008463370958692e-007	1.110465e+000	1.000000e+000
1.011393058458692e-007	1.112665e+000	1.000000e+000
1.014322745958691e-007	1.111952e+000	1.000000e+000
1.017252433458691e-007	1.108561e+000	1.000000e+000
1.020182120958691e-007	1.102770e+000	1.000000e+000
1.023111808458691e-007	1.094900e+000	1.000000e+000
1.026041495958691e-007	1.085303e+000	1.000000e+000
1.028971183458691e-007	1.074355e+000	1.000000e+000
1.031900870958691e-007	1.062446e+000	1.000000e+000
1.034830558458691e-007	1.049970e+000	1.000000e+000
1.037760245958691e-007	1.037316e+000	1.000000e+000
1.040689933458691e-007	1.024854e+000	1.000000e+000
1.043619620958691e-007	1.012930e+000	1.000000e+000
1.046549308458691e-007	1.001854e+000	1.000000e+000
1.049478995958691e-007	9.918913e-001	1.000000e+000
1.052408683458691e-007	9.832596e-001	1.000000e+000
1.055338370958691e-007	9.761208e-001	1.000000e+000
1.058268058458691e-007	9.705800e-001	1.000000e+000
1.061197745958690e-007	9.666837e-001	1.000000e+000
1.064127433458690e-007	9.644215e-001	1.000000e+000
1.067057120958690e-007	9.637287e-001	1.000000e+000
1.069986808458690e-007	9.644021e-001	1.000000e+000
1.072070312500000e-007	9.657518e-001	1.000000e+000
1.075000000000000e-007	9.684740e-001	1.000000e+000
1.075292968750000e-007	9.688327e-001	9.960938e-001
1.075878906250000e-007	9.695769e-001	9.882813e-001
1.077050781250000e-007	9.711842e-001	9.726563e-001
1.079394531250000e-007	9.747318e-001	9.414063e-001
1.082324218750000e-007	9.795974e-001	9.023438e-001
1.085253906250000e-007	9.847975e-001	8.632813e-001
1.088183593750000e-007	9.901341e-001	8.242188e-001
1.091113281250000e-007	9.953884e-001	7.851563e-001
1.094042968749999e-007	1.000364e+000	7.460938e-001
1.096972656249999e-007	1.004891e+000	7.070313e-001
1.099902343749999e-007	1.008837e+000	6.679688e-001
1.102832031249999e-007	1.012100e+000	6.289063e-001
1.105761718749999e-007	1.014622e+000	5.898438e-001
1.108691406249999e-007	1.016377e+000	5.507813e-001
1.111621093749999e-007	1.017375e+000	5.117188e-001
1.114550781249999e-007	1.017657e+000	4.726563e-001
1.117480468749999e-007	1.017291e+000	4.335938e-001
1.120410156249999e-007	1.016364e+000	3.945313e-001
1.123339843749999e-007	1.014977e+000	3.554688e-001
1.126269531249999e-007	1.013239e+000	3.164063e-001
1.129199218749999e-007	1.011259e+000	2.773438e-001
1.132128906249999e-007	1.009144e+000	2.382813e-001
1.135058593749999e-007	1.006992e+000	1.992188e-001
1.137988281249999e-007	1.004887e+000	1.601563e-001
1.140917968749999e-007	1.002900e+000	1.210938e-001
1.143847656249998e-007	1.001086e+000	8.203125e-002
1.146777343749998e-007	9.994286e-001	4.296875e-002
1.147070312500000e-007	9.992759e-001	3.906250e-002
1.147656250000003e-007	9.989906e-001	3.125000e-002
1.148828125000009e-007	9.984474e-001	1.562500e-002
1.150000000000000e-007	9.979290e-001	0.000000e+000
1.150002578127844e-007	9.979280e-001	0.000000e+000
1.150007734383531e-007	9.979258e-001	0.000000e+000
1.150194832804173e-007	9.978486e-001	0.000000e+000
1.150381931224816e-007	9.977726e-001	0.000000e+000
1.150569029645458e-007	9.976979e-001	0.000000e+000
1.150756128066101e-007	9.976245e-001	0.000000e+000
1.150943226486743e-007	9.975524e-001	0.000000e+000
1.151130324907386e-007	9.974816e-001	0.000000e+000
1.151317423328028e-007	9.974120e-001	0.000000e+000
1.152637424783900e-007	9.969576e-001	0.000000e+000
1.155277427695643e-007	9.961917e-001	0.000000e+000
1.158207115195643e-007	9.955423e-001	0.000000e+000
1.161136802695643e-007	9.951160e-001	0.000000e+000
1.164066490195643e-007	9.949047e-001	0.000000e+000
1.166996177695643e-007	9.948933e-001	0.000000e+000
1.169925865195643e-007	9.950675e-001	0.000000e+000
1.172855552695643e-007	9.954143e-001	0.000000e+000
1.175785240195643e-007	9.959219e-001	0.000000e+000
1.178714927695643e-007	9.965791e-001	0.000000e+000
1.181644615195643e-007	9.973707e-001	0.000000e+000
1.184258751901445e-007	9.981788e-001	0.000000e+000
1.186465313812504e-007	9.989294e-001	0.000000e+000
1.188287735634047e-007	9.995925e-001	0.000000e+000
1.190394322955659e-007	1.000395e+000	0.000000e+000
1.192318028252438e-007	1.001151e+000	0.000000e+000
1.195085780354977e-007	1.002250e+000	0.000000e+000
1.198015467854978e-007	1.003392e+000	0.000000e+000
1.200945155354978e-007	1.004471e+000	0.000000e+000
1.203570205978188e-007	1.005349e+000	0.000000e+000
1.205578473430700e-007	1.005931e+000	0.000000e+000
1.207614040270008e-007	1.006415e+000	0.000000e+000
1.209654674894382e-007	1.006786e+000	0.000000e+000
1.211533194974799e-007	1.007010e+000	0.000000e+000
1.213424075576090e-007	1.007099e+000	0.000000e+000
1.215758291373812e-007	1.007011e+000	0.000000e+000
1.218687978873812e-007	1.006611e+000	0.000000e+000
1.221617666373812e-007	1.005914e+000	0.000000e+000
1.223823378726632e-007	1.005177e+000	0.000000e+000
1.226048851847857e-007	1.004252e+000	0.000000e+000
1.228192449779904e-007	1.003227e+000	0.000000e+000
1.230144684126691e-007	1.002198e+000	0.000000e+000
1.232112794562662e-007	1.001093e+000	0.000000e+000
1.234056746665722e-007	9.999649e-001	0.000000e+000
1.236083574230365e-007	9.987862e-001	0.000000e+000
1.238682959323622e-007	9.973263e-001	0.000000e+000
1.241290552607521e-007	9.959757e-001	0.000000e+000
1.243644726248744e-007	9.949119e-001	0.000000e+000
1.245752358185225e-007	9.941320e-001	0.000000e+000
1.247746214159018e-007	9.935789e-001	0.000000e+000
1.249765795766722e-007	9.932187e-001	0.000000e+000
1.251669160726908e-007	9.930784e-001	0.000000e+000
1.253600521785661e-007	9.931452e-001	0.000000e+000
1.255542355374106e-007	9.934340e-001	0.000000e+000
1.257918423710489e-007	9.940640e-001	0.000000e+000
1.260236321004245e-007	9.949445e-001	0.000000e+000
1.262722306663427e-007	9.961457e-001	0.000000e+000
1.264819854836932e-007	9.973308e-001	0.000000e+000
1.266957472071875e-007	9.986640e-001	0.000000e+000
1.269112376409271e-007	1.000077e+000	0.000000e+000
1.271080661473921e-007	1.001383e+000	0.000000e+000
1.273075798662538e-007	1.002677e+000	0.000000e+000
1.274978294922316e-007	1.003840e+000	0.000000e+000
1.276904735751416e-007	1.004897e+000	0.000000e+000
1.279235047187271e-007	1.005976e+000	0.000000e+000
1.281401780770178e-007	1.006739e+000	0.000000e+000
1.283766455879122e-007	1.007265e+000	0.000000e+000
1.285899805059860e-007	1.007447e+000	0.000000e+000
1.287863074804879e-007	1.007340e+000	0.000000e+000
1.289860789581642e-007	1.006961e+000	0.000000e+000
1.291871200229531e-007	1.006324e+000	0.000000e+000
1.293797947754086e-007	1.005486e+000	0.000000e+000
1.295759659709005e-007	1.004425e+000	0.000000e+000
1.297884168130478e-007	1.003089e+000	0.000000e+000
1.299911816949125e-007	1.001677e+000	0.000000e+000
1.302137760007901e-007	1.000031e+000	0.000000e+000
1.304743476313485e-007	9.980775e-001	0.000000e+000
1.306851866842619e-007	9.965447e-001	0.000000e+000
1.308994522241777e-007	9.951091e-001	0.000000e+000
1.311302312434965e-007	9.937602e-001	0.000000e+000
1.313439088060876e-007	9.927458e-001	0.000000e+000
1.315459024939442e-007	9.920483e-001	0.000000e+000
1.317526613362924e-007	9.916204e-001	0.000000e+000
1.319457691131248e-007	9.915055e-001	0.000000e+000
1.321599757742446e-007	9.917090e-001	0.000000e+000
1.323858395233216e-007	9.922660e-001	0.000000e+000
1.325971188410660e-007	9.930937e-001	0.000000e+000
1.328133666149647e-007	9.942144e-001	0.000000e+000
1.330125398159482e-007	9.954487e-001	0.000000e+000
1.332170232774500e-007	9.968702e-001	0.000000e+000
1.334244435561792e-007	9.984065e-001	0.000000e+000
1.336412825388445e-007	1.000045e+000	0.000000e+000
1.338380589863726e-007	1.001498e+000	0.000000e+000
1.340487690491398e-007	1.002954e+000	0.000000e+000
1.342463025990128e-007	1.004162e+000	0.000000e+000
1.344627359364887e-007	1.005243e+000	0.000000e+000
1.347125368071577e-007	1.006148e+000	0.000000e+000
1.349223085264691e-007	1.006579e+000	0.000000e+000
1.351340592654760e-007	1.006665e+000	0.000000e+000
1.353330631167381e-007	1.006429e+000	0.000000e+000
1.355346202769744e-007	1.005879e+000	0.000000e+000
1.357346324493293e-007	1.005048e+000	0.000000e+000
1.359424423645709e-007	1.003922e+000	0.000000e+000
1.361374357871466e-007	1.002657e+000	0.000000e+000
1.363665050347435e-007	1.000986e+000	0.000000e+000
1.365755417205118e-007	9.993609e-001	0.000000e+000
1.367890449546832e-007	9.976692e-001	0.000000e+000
1.369953073762566e-007	9.960780e-001	0.000000e+000
1.371929146697724e-007	9.946600e-001	0.000000e+000
1.373957833963280e-007	9.933777e-001	0.000000e+000
1.376121619921733e-007	9.922562e-001	0.000000e+000
1.378242352583455e-007	9.914459e-001	0.000000e+000
1.380237518144445e-007	9.909905e-001	0.000000e+000
1.382319634972048e-007	9.908493e-001	0.000000e+000
1.384307846742002e-007	9.910389e-001	0.000000e+000
1.386435204301195e-007	9.915915e-001	0.000000e+000
1.388783675766608e-007	9.925569e-001	0.000000e+000
1.390849406366491e-007	9.936797e-001	0.000000e+000
1.392941986207195e-007	9.950367e-001	0.000000e+000
1.394943404766505e-007	9.964749e-001	0.000000e+000
1.396986392991854e-007	9.980195e-001	0.000000e+000
1.398974599189494e-007	9.995272e-001	0.000000e+000
1.401133694165747e-007	1.001097e+000	0.000000e+000
1.403084909930619e-007	1.002385e+000	0.000000e+000
1.405319477658868e-007	1.003640e+000	0.000000e+000
1.407369650511662e-007	1.004530e+000	0.000000e+000
1.409612877140128e-007	1.005166e+000	0.000000e+000
1.411654318182481e-007	1.005418e+000	0.000000e+000
1.413647435145419e-007	1.005333e+000	0.000000e+000
1.415666780506398e-007	1.004918e+000	0.000000e+000
1.417785092818648e-007	1.004155e+000	0.000000e+000
1.419929727658368e-007	1.003085e+000	0.000000e+000
1.421922907029711e-007	1.001857e+000	0.000000e+000
1.424080679681805e-007	1.000339e+000	0.000000e+000
1.426034036385944e-007	9.988613e-001	0.000000e+000
1.428165286566422e-007	9.972094e-001	0.000000e+000
1.430424816455883e-007	9.955013e-001	0.000000e+000
1.432462625839640e-007	9.940746e-001	0.000000e+000
1.434540173778645e-007	9.928030e-001	0.000000e+000
1.436546019433051e-007	9.918077e-001	0.000000e+000
1.438639577654147e-007	9.910561e-001	0.000000e+000
1.440629134402904e-007	9.906418e-001	0.000000e+000
1.442575891349433e-007	9.905452e-001	0.000000e+000
1.444546883498840e-007	9.907631e-001	0.000000e+000
1.446656321077004e-007	9.913262e-001	0.000000e+000
1.448781242479495e-007	9.922001e-001	0.000000e+000
1.450823161492497e-007	9.932952e-001	0.000000e+000
1.452895687539952e-007	9.946101e-001	0.000000e+000
1.455153056615715e-007	9.961882e-001	0.000000e+000
1.457189222574570e-007	9.976696e-001	0.000000e+000
1.459241859406214e-007	9.991472e-001	0.000000e+000
1.461214766718413e-007	1.000482e+000	0.000000e+000
1.463215172957941e-007	1.001687e+000	0.000000e+000
1.465165450177525e-007	1.002659e+000	0.000000e+000
1.467264876389378e-007	1.003427e+000	0.000000e+000
1.469543960211567e-007	1.003914e+000	0.000000e+000
1.471622149049173e-007	1.004017e+000	0.000000e+000
1.473641908791355e-007	1.003782e+000	0.000000e+000
1.475689188701478e-007	1.003221e+000	0.000000e+000
1.477801604948642e-007	1.002340e+000	0.000000e+000
1.479795753588111e-007	1.001265e+000	0.000000e+000
1.481819422114796e-007	9.999800e-001	0.000000e+000
1.483775771098694e-007	9.986112e-001	0.000000e+000
1.485770151271471e-007	9.971515e-001	0.000000e+000
1.487876312355187e-007	9.956169e-001	0.000000e+000
1.490014150730179e-007	9.941422e-001	0.000000e+000
1.492071504625418e-007	9.928744e-001	0.000000e+000
1.494148391604176e-007	9.918160e-001	0.000000e+000
1.496374506899509e-007	9.909798e-001	0.000000e+000
1.498582013683309e-007	9.904870e-001	0.000000e+000
1.500620568925746e-007	9.903596e-001	0.000000e+000
1.502574192958072e-007	9.905477e-001	0.000000e+000
1.504570839743003e-007	9.910413e-001	0.000000e+000
1.506687647437808e-007	9.918549e-001	0.000000e+000
1.508709874856872e-007	9.928745e-001	0.000000e+000
1.510940824341213e-007	9.942080e-001	0.000000e+000
1.512994621093185e-007	9.955585e-001	0.000000e+000
1.515289353525192e-007	9.971222e-001	0.000000e+000
1.517400135684434e-007	9.985270e-001	0.000000e+000
1.519469789081435e-007	9.997982e-001	0.000000e+000
1.521454719748176e-007	1.000853e+000	0.000000e+000
1.523470742583195e-007	1.001706e+000	0.000000e+000
1.525434541177715e-007	1.002284e+000	0.000000e+000
1.527444658874694e-007	1.002583e+000	0.000000e+000
1.529597438092940e-007	1.002569e+000	0.000000e+000
1.531674173352248e-007	1.002225e+000	0.000000e+000
1.533933837267762e-007	1.001509e+000	0.000000e+000
1.535998628139581e-007	1.000580e+000	0.000000e+000
1.538159720421092e-007	9.993690e-001	0.000000e+000
1.540404139470473e-007	9.979410e-001	0.000000e+000
1.542428382252238e-007	9.965693e-001	0.000000e+000
1.544381280818810e-007	9.952350e-001	0.000000e+000
1.546379554633816e-007	9.939294e-001	0.000000e+000
1.548469936027317e-007	9.926940e-001	0.000000e+000
1.550517562956778e-007	9.916776e-001	0.000000e+000
1.552699593959801e-007	9.908578e-001	0.000000e+000
1.554778847108888e-007	9.903685e-001	0.000000e+000
1.556886193901510e-007	9.901909e-001	0.000000e+000
1.558892085333494e-007	9.903259e-001	0.000000e+000
1.560924855423210e-007	9.907581e-001	0.000000e+000
1.562915913478869e-007	9.914433e-001	0.000000e+000
1.564948113218849e-007	9.923726e-001	0.000000e+000
1.567003529994934e-007	9.934934e-001	0.000000e+000
1.569010121620824e-007	9.947059e-001	0.000000e+000
1.571032179240697e-007	9.959826e-001	0.000000e+000
1.572810743017434e-007	9.970959e-001	0.000000e+000
1.574839117959839e-007	9.982917e-001	0.000000e+000
1.576829867058956e-007	9.993331e-001	0.000000e+000
1.578853463167004e-007	1.000202e+000	0.000000e+000
1.580824135176441e-007	1.000817e+000	0.000000e+000
1.582930502371126e-007	1.001183e+000	0.000000e+000
1.585166208035848e-007	1.001245e+000	0.000000e+000
1.587133241897224e-007	1.001014e+000	0.000000e+000
1.588933164588792e-007	1.000559e+000	0.000000e+000
1.590833717873213e-007	9.998559e-001	0.000000e+000
1.592591890744514e-007	9.990271e-001	0.000000e+000
1.594808141814625e-007	9.977995e-001	0.000000e+000
1.596939574265486e-007	9.965032e-001	0.000000e+000
1.598708653804381e-007	9.953815e-001	0.000000e+000
1.600523971746119e-007	9.942396e-001	0.000000e+000
1.602338209907186e-007	9.931682e-001	0.000000e+000
1.604745650688879e-007	9.919060e-001	0.000000e+000
1.606670720769902e-007	9.910731e-001	0.000000e+000
1.608473558922156e-007	9.904970e-001	0.000000e+000
1.610399812978512e-007	9.901279e-001	0.000000e+000
1.612659692846104e-007	9.900023e-001	0.000000e+000
1.614588883501067e-007	9.901643e-001	0.000000e+000
1.616526768695092e-007	9.905942e-001	0.000000e+000
1.618732650367426e-007	9.913586e-001	0.000000e+000
1.621149754903622e-007	9.924555e-001	0.000000e+000
1.623587789145716e-007	9.937553e-001	0.000000e+000
1.626031622463539e-007	9.951551e-001	0.000000e+000
1.628449749969702e-007	9.965261e-001	0.000000e+000
1.630880962634626e-007	9.977875e-001	0.000000e+000
1.633091609273449e-007	9.987403e-001	0.000000e+000
1.635497087001135e-007	9.994889e-001	0.000000e+000
1.637905464594068e-007	9.998970e-001	0.000000e+000
1.640244403060853e-007	9.999311e-001	0.000000e+000
1.642526867611545e-007	9.996184e-001	0.000000e+000
1.644627109188673e-007	9.990611e-001	0.000000e+000
1.645979371290624e-007	9.985645e-001	0.000000e+000
1.647300140173591e-007	9.979780e-001	0.000000e+000
1.648659591157225e-007	9.972939e-001	0.000000e+000
1.650680942423200e-007	9.961813e-001	0.000000e+000
1.652714422926527e-007	9.950092e-001	0.000000e+000
1.655644110426527e-007	9.933341e-001	0.000000e+000
1.657991018961757e-007	9.920842e-001	0.000000e+000
1.659585400542035e-007	9.913355e-001	0.000000e+000
1.660919436489610e-007	9.908041e-001	0.000000e+000
1.662210603206033e-007	9.904057e-001	0.000000e+000
1.664615056277074e-007	9.899210e-001	0.000000e+000
1.666694167831491e-007	9.897563e-001	0.000000e+000
1.668575866737876e-007	9.898551e-001	0.000000e+000
1.670325889726989e-007	9.901532e-001	0.000000e+000
1.672055186098092e-007	9.906306e-001	0.000000e+000
1.673935392236792e-007	9.913205e-001	0.000000e+000
1.675690693784448e-007	9.920956e-001	0.000000e+000
1.677557322126600e-007	9.930230e-001	0.000000e+000
1.679390556626209e-007	9.939903e-001	0.000000e+000
1.681415982813807e-007	9.950662e-001	0.000000e+000
1.683718110502965e-007	9.962130e-001	0.000000e+000
1.686522876691499e-007	9.974061e-001	0.000000e+000
1.689126043460815e-007	9.982190e-001	0.000000e+000
1.691739146391214e-007	9.986445e-001	0.000000e+000
1.694668833891214e-007	9.986301e-001	0.000000e+000
1.697598521391214e-007	9.981146e-001	0.000000e+000
1.700528208891214e-007	9.971437e-001	0.000000e+000
1.703457896391214e-007	9.958292e-001	0.000000e+000
1.706387583891214e-007	9.943219e-001	0.000000e+000
1.709317271391214e-007	9.927942e-001	0.000000e+000
1.712246958891214e-007	9.914192e-001	0.000000e+000
1.715176646391214e-007	9.903474e-001	0.000000e+000
1.718006826411907e-007	9.897057e-001	0.000000e+000
1.720647370141240e-007	9.895249e-001	0.000000e+000
1.723315223526530e-007	9.897770e-001	0.000000e+000
1.726244911026530e-007	9.904959e-001	0.000000e+000
1.729174598526530e-007	9.915780e-001	0.000000e+000
1.732104286026530e-007	9.928992e-001	0.000000e+000
1.735033973526530e-007	9.942974e-001	0.000000e+000
1.737963661026530e-007	9.956024e-001	0.000000e+000
1.740893348526531e-007	9.966559e-001	0.000000e+000
1.743823036026531e-007	9.973310e-001	0.000000e+000
1.746752723526531e-007	9.975464e-001	0.000000e+000
1.749682411026531e-007	9.972756e-001	0.000000e+000
1.752612098526531e-007	9.965503e-001	0.000000e+000
1.755541786026531e-007	9.954560e-001	0.000000e+000
1.758471473526531e-007	9.941213e-001	0.000000e+000
1.761401161026531e-007	9.927026e-001	0.000000e+000
1.764330848526531e-007	9.913653e-001	0.000000e+000
1.767260536026531e-007	9.902636e-001	0.000000e+000
1.770190223526531e-007	9.895227e-001	0.000000e+000
1.773119911026531e-007	9.892234e-001	0.000000e+000
1.776049598526531e-007	9.893929e-001	0.000000e+000
1.778979286026531e-007	9.900020e-001	0.000000e+000
1.781908973526532e-007	9.909688e-001	0.000000e+000
1.784838661026532e-007	9.921690e-001	0.000000e+000
1.787768348526532e-007	9.934511e-001	0.000000e+000
1.790698036026532e-007	9.946545e-001	0.000000e+000
1.793627723526532e-007	9.956298e-001	0.000000e+000
1.796557411026532e-007	9.962561e-001	0.000000e+000
1.799487098526532e-007	9.964555e-001	0.000000e+000
1.802416786026532e-007	9.962028e-001	0.000000e+000
1.805346473526532e-007	9.955279e-001	0.000000e+000
1.808276161026532e-007	9.945115e-001	0.000000e+000
1.811205848526532e-007	9.932755e-001	0.000000e+000
1.814135536026532e-007	9.919679e-001	0.000000e+000
1.817065223526532e-007	9.907438e-001	0.000000e+000
1.819994911026532e-007	9.897471e-001	0.000000e+000
1.822924598526533e-007	9.890931e-001	0.000000e+000
1.825854286026533e-007	9.888538e-001	0.000000e+000
1.828783973526533e-007	9.890500e-001	0.000000e+000
1.831713661026533e-007	9.896487e-001	0.000000e+000
1.834643348526533e-007	9.905678e-001	0.000000e+000
1.837573036026533e-007	9.916862e-001	0.000000e+000
1.840502723526533e-007	9.928592e-001	0.000000e+000
1.843432411026533e-007	9.939363e-001	0.000000e+000
1.846362098526533e-007	9.947799e-001	0.000000e+000
1.849291786026533e-007	9.952822e-001	0.000000e+000
1.852221473526533e-007	9.953783e-001	0.000000e+000
1.855151161026533e-007	9.950537e-001	0.000000e+000
1.858080848526533e-007	9.943461e-001	0.000000e+000
1.861010536026533e-007	9.933400e-001	0.000000e+000
1.863940223526534e-007	9.921561e-001	0.000000e+000
1.866869911026534e-007	9.909353e-001	0.000000e+000
1.869799598526534e-007	9.898219e-001	0.000000e+000
1.872729286026534e-007	9.889443e-001	0.000000e+000
1.875658973526534e-007	9.883999e-001	0.000000e+000
1.878588661026534e-007	9.882419e-001	0.000000e+000
1.881518348526534e-007	9.884737e-001	0.000000e+000
1.884448036026534e-007	9.890476e-001	0.000000e+000
1.887377723526534e-007	9.898711e-001	0.000000e+000
1.890307411026534e-007	9.908181e-001	0.000000e+000
1.893237098526534e-007	9.917448e-001	0.000000e+000
1.896166786026534e-007	9.925065e-001	0.000000e+000
1.899096473526534e-007	9.929757e-001	0.000000e+000
1.902026161026534e-007	9.930564e-001	0.000000e+000
1.904955848526535e-007	9.926955e-001	0.000000e+000
1.907885536026535e-007	9.918875e-001	0.000000e+000
1.910815223526535e-007	9.906732e-001	0.000000e+000
1.913744911026535e-007	9.891330e-001	0.000000e+000
1.916674598526535e-007	9.873739e-001	0.000000e+000
1.919604286026535e-007	9.855138e-001	0.000000e+000
1.922533973526535e-007	9.836633e-001	0.000000e+000
1.925463661026535e-007	9.819093e-001	0.000000e+000
1.928393348526535e-007	9.803004e-001	0.000000e+000
1.931323036026535e-007	9.788369e-001	0.000000e+000
1.934252723526535e-007	9.774674e-001	0.000000e+000
1.937182411026535e-007	9.760904e-001	0.000000e+000
1.940112098526535e-007	9.745625e-001	0.000000e+000
1.943041786026535e-007	9.727114e-001	0.000000e+000
1.945971473526536e-007	9.703515e-001	0.000000e+000
1.948901161026536e-007	9.673008e-001	0.000000e+000
1.951830848526536e-007	9.633970e-001	0.000000e+000
1.954760536026536e-007	9.585098e-001	0.000000e+000
1.957690223526536e-007	9.525495e-001	0.000000e+000
1.960619911026536e-007	9.454685e-001	0.000000e+000
1.963549598526536e-007	9.372582e-001	0.000000e+000
1.966479286026536e-007	9.279401e-001	0.000000e+000
1.969408973526536e-007	9.175522e-001	0.000000e+000
1.972338661026536e-007	9.061342e-001	0.000000e+000
1.975268348526536e-007	8.937120e-001	0.000000e+000
1.978198036026536e-007	8.802843e-001	0.000000e+000
1.981127723526536e-007	8.658125e-001	0.000000e+000
1.984057411026536e-007	8.502171e-001	0.000000e+000
1.986987098526537e-007	8.333789e-001	0.000000e+000
1.989916786026537e-007	8.151467e-001	0.000000e+000
1.992846473526537e-007	7.953509e-001	0.000000e+000
1.995776161026537e-007	7.738191e-001	0.000000e+000
1.998705848526537e-007	7.503954e-001	0.000000e+000
2.001635536026537e-007	7.249578e-001	0.000000e+000
2.004565223526537e-007	6.974345e-001	0.000000e+000
2.007494911026537e-007	6.678151e-001	0.000000e+000
2.010424598526537e-007	6.361566e-001	0.000000e+000
2.013354286026537e-007	6.025831e-001	0.000000e+000
2.016283973526537e-007	5.672802e-001	0.000000e+000
2.019213661026537e-007	5.304843e-001	0.000000e+000
2.022143348526537e-007	4.924681e-001	0.000000e+000
2.025073036026537e-007	4.535312e-001	0.000000e+000
2.027853474630602e-007	4.159893e-001	0.000000e+000
2.030491110280453e-007	3.800668e-001	0.000000e+000
2.033245116240941e-007	3.424777e-001	0.000000e+000
2.036174803740941e-007	3.026408e-001	0.000000e+000
2.039104491240941e-007	2.631818e-001	0.000000e+000
2.042034178740941e-007	2.243225e-001	0.000000e+000
2.044963866240941e-007	1.862753e-001	0.000000e+000
2.047893553740941e-007	1.492532e-001	0.000000e+000
2.050823241240941e-007	1.134794e-001	0.000000e+000
2.053752928740941e-007	7.919507e-002	0.000000e+000
2.056682616240942e-007	4.666297e-002	0.000000e+000
2.059612303740942e-007	1.616707e-002	0.000000e+000
2.062541991240942e-007	-1.199395e-002	0.000000e+000
2.065471678740942e-007	-3.751820e-002	0.000000e+000
2.068401366240942e-007	-6.011648e-002	0.000000e+000
2.071331053740942e-007	-7.956586e-002	0.000000e+000
2.074143665588821e-007	-9.505164e-002	0.000000e+000
2.076957566858841e-007	-1.072264e-001	0.000000e+000
2.079887254358841e-007	-1.163928e-001	0.000000e+000
2.082816941858842e-007	-1.220974e-001	0.000000e+000
2.085582376102623e-007	-1.243785e-001	0.000000e+000
2.088204652239681e-007	-1.237859e-001	0.000000e+000
2.091134339739682e-007	-1.203302e-001	0.000000e+000
2.094064027239682e-007	-1.143977e-001	0.000000e+000
2.096993714739682e-007	-1.063301e-001	0.000000e+000
2.099923402239682e-007	-9.658021e-002	0.000000e+000
2.102853089739682e-007	-8.560811e-002	0.000000e+000
2.105782777239682e-007	-7.387986e-002	0.000000e+000
2.107694418122671e-007	-6.598005e-002	0.000000e+000
2.109360595530371e-007	-5.902581e-002	0.000000e+000
2.111016954033334e-007	-5.213803e-002	0.000000e+000
2.112361211346289e-007	-4.661214e-002	0.000000e+000
2.113819089594829e-007	-4.072392e-002	0.000000e+000
2.115262658866891e-007	-3.505393e-002	0.000000e+000
2.117565258242486e-007	-2.638192e-002	0.000000e+000
2.120071734880890e-007	-1.752059e-002	0.000000e+000
2.123001422380890e-007	-8.060316e-003	0.000000e+000
2.125931109880890e-007	3.359894e-004	0.000000e+000
2.128846228846183e-007	7.518929e-003	0.000000e+000
2.131562425248655e-007	1.304640e-002	0.000000e+000
2.134492112748655e-007	1.769855e-002	0.000000e+000
2.137375553329765e-007	2.096185e-002	0.000000e+000
2.140178553370747e-007	2.287590e-002	0.000000e+000
2.142555314442671e-007	2.345888e-002	0.000000e+000
2.145221620888784e-007	2.296707e-002	0.000000e+000
2.148151308388784e-007	2.121471e-002	0.000000e+000
2.151080995888784e-007	1.832339e-002	0.000000e+000
2.153613301615758e-007	1.494967e-002	0.000000e+000
2.156350857360326e-007	1.053015e-002	0.000000e+000
2.159110118708820e-007	5.498863e-003	0.000000e+000
2.162039806208820e-007	-2.380198e-004	0.000000e+000
2.164969493708820e-007	-6.105158e-003	0.000000e+000
2.167899181208820e-007	-1.182557e-002	0.000000e+000
2.170828868708820e-007	-1.712887e-002	0.000000e+000
2.173758556208820e-007	-2.177770e-002	0.000000e+000
2.176688243708820e-007	-2.558437e-002	0.000000e+000
2.179617931208821e-007	-2.849818e-002	0.000000e+000
2.181705960581297e-007	-2.994041e-002	0.000000e+000
2.183927485177225e-007	-3.080973e-002	0.000000e+000
2.186693905688807e-007	-3.111170e-002	0.000000e+000
2.189623593188807e-007	-3.063408e-002	0.000000e+000
2.192553280688807e-007	-2.945598e-002	0.000000e+000
2.195372101935660e-007	-2.781365e-002	0.000000e+000
2.198301789435661e-007	-2.577372e-002	0.000000e+000
2.201050130518741e-007	-2.371877e-002	0.000000e+000
2.203211908303588e-007	-2.209736e-002	0.000000e+000
2.205613792918956e-007	-2.037401e-002	0.000000e+000
2.207919411715674e-007	-1.885692e-002	0.000000e+000
2.210712480275962e-007	-1.724067e-002	0.000000e+000
2.213642167775962e-007	-1.579337e-002	0.000000e+000
2.216000789799240e-007	-1.481395e-002	0.000000e+000
2.217909180082479e-007	-1.413918e-002	0.000000e+000
2.219413227967525e-007	-1.367146e-002	0.000000e+000
2.220871308833779e-007	-1.326462e-002	0.000000e+000
2.223319563978574e-007	-1.263919e-002	0.000000e+000
2.226146710081694e-007	-1.195673e-002	0.000000e+000
2.228326281345808e-007	-1.144034e-002	0.000000e+000
2.230935675028171e-007	-1.081289e-002	0.000000e+000
2.233580363342963e-007	-1.016223e-002	0.000000e+000
2.236070687740097e-007	-9.548531e-003	0.000000e+000
2.238731597264063e-007	-8.926833e-003	0.000000e+000
2.241661284764063e-007	-8.325535e-003	0.000000e+000
2.243791948169026e-007	-7.984408e-003	0.000000e+000
2.245791513295592e-007	-7.784302e-003	0.000000e+000
2.247913913470197e-007	-7.726963e-003	0.000000e+000
2.250288985155371e-007	-7.873381e-003	0.000000e+000
2.252761413777293e-007	-8.288925e-003	0.000000e+000
2.255599290982019e-007	-9.101621e-003	0.000000e+000
2.258528978482019e-007	-1.028700e-002	0.000000e+000
2.261458665982019e-007	-1.177867e-002	0.000000e+000
2.264239753938875e-007	-1.340311e-002	0.000000e+000
2.266427874442386e-007	-1.477087e-002	0.000000e+000
2.268751538337853e-007	-1.624142e-002	0.000000e+000
2.271115196845711e-007	-1.768109e-002	0.000000e+000
2.273482115992603e-007	-1.899294e-002	0.000000e+000
2.276075044391789e-007	-2.019976e-002	0.000000e+000
2.279004731891789e-007	-2.121111e-002	0.000000e+000
2.281934419391789e-007	-2.181341e-002	0.000000e+000
2.284412951307383e-007	-2.194967e-002	0.000000e+000
2.287127872278856e-007	-2.171266e-002	0.000000e+000
2.289476309598911e-007	-2.121595e-002	0.000000e+000
2.291719473652596e-007	-2.050736e-002	0.000000e+000
2.293638332340340e-007	-1.974858e-002	0.000000e+000
2.295550805533027e-007	-1.887699e-002	0.000000e+000
2.297659960277071e-007	-1.782526e-002	0.000000e+000
2.300570513794761e-007	-1.630454e-002	0.000000e+000
2.303500201294761e-007	-1.476972e-002	0.000000e+000
2.305796016170803e-007	-1.361347e-002	0.000000e+000
2.307982832785780e-007	-1.258663e-002	0.000000e+000
2.309642178097701e-007	-1.187812e-002	0.000000e+000
2.311594231101918e-007	-1.114490e-002	0.000000e+000
2.314000246202941e-007	-1.038139e-002	0.000000e+000
2.316353975686724e-007	-9.784030e-003	0.000000e+000
2.318280760557532e-007	-9.424382e-003	0.000000e+000
2.320439961243467e-007	-9.172691e-003	0.000000e+000
2.323140843117240e-007	-9.048530e-003	0.000000e+000
2.325617110081037e-007	-9.112876e-003	0.000000e+000
2.327862556889700e-007	-9.331239e-003	0.000000e+000
2.330114602474428e-007	-9.696304e-003	0.000000e+000
2.332150323258505e-007	-1.014438e-002	0.000000e+000
2.333877968358371e-007	-1.061513e-002	0.000000e+000
2.335546382273568e-007	-1.115780e-002	0.000000e+000
2.338284929677653e-007	-1.219577e-002	0.000000e+000
2.341214617177653e-007	-1.344898e-002	0.000000e+000
2.343116667292153e-007	-1.434103e-002	0.000000e+000
2.344896443877477e-007	-1.522423e-002	0.000000e+000
2.346691423617669e-007	-1.613645e-002	0.000000e+000
2.349121296758548e-007	-1.736219e-002	0.000000e+000
2.351966739437100e-007	-1.873661e-002	0.000000e+000
2.353901813025459e-007	-1.959439e-002	0.000000e+000
2.355550226658518e-007	-2.023594e-002	0.000000e+000
2.357203366841604e-007	-2.077028e-002	0.000000e+000
2.359168048684668e-007	-2.125031e-002	0.000000e+000
2.361017528915903e-007	-2.153967e-002	0.000000e+000
2.362483594834980e-007	-2.163194e-002	0.000000e+000
2.363884397152415e-007	-2.157124e-002	0.000000e+000
2.366162285493736e-007	-2.120883e-002	0.000000e+000
2.368324436069399e-007	-2.058051e-002	0.000000e+000
2.370760714061611e-007	-1.953965e-002	0.000000e+000
2.372787412706722e-007	-1.842213e-002	0.000000e+000
2.375129771666540e-007	-1.688468e-002	0.000000e+000
2.377351729391790e-007	-1.526569e-002	0.000000e+000
2.379020006918130e-007	-1.397735e-002	0.000000e+000
2.380294466234565e-007	-1.297153e-002	0.000000e+000
2.381334333730838e-007	-1.215222e-002	0.000000e+000
2.382289952486048e-007	-1.141510e-002	0.000000e+000
2.383888549035812e-007	-1.023335e-002	0.000000e+000
2.385503848006055e-007	-9.127311e-003	0.000000e+000
2.387283912865779e-007	-8.056583e-003	0.000000e+000
2.389182801577532e-007	-7.118396e-003	0.000000e+000
2.390966120867522e-007	-6.472816e-003	0.000000e+000
2.392849720831400e-007	-6.077796e-003	0.000000e+000
2.394797071671241e-007	-5.993466e-003	0.000000e+000
2.396780499167315e-007	-6.267085e-003	0.000000e+000
2.398981682263871e-007	-6.970477e-003	0.000000e+000
2.400967431955646e-007	-7.949573e-003	0.000000e+000
2.403044380659329e-007	-9.294952e-003	0.000000e+000
2.405028092588351e-007	-1.082790e-002	0.000000e+000
2.407163082498910e-007	-1.267029e-002	0.000000e+000
2.408751970705440e-007	-1.412445e-002	0.000000e+000
2.409937337295882e-007	-1.523480e-002	0.000000e+000
2.411401868585349e-007	-1.659032e-002	0.000000e+000
2.413647189657269e-007	-1.857157e-002	0.000000e+000
2.415699646561923e-007	-2.020990e-002	0.000000e+000
2.417822864153013e-007	-2.162902e-002	0.000000e+000
2.420062102894689e-007	-2.276136e-002	0.000000e+000
2.422128157338131e-007	-2.340628e-002	0.000000e+000
2.424355219815383e-007	-2.363428e-002	0.000000e+000
2.426451418002140e-007	-2.340944e-002	0.000000e+000
2.428427934869716e-007	-2.279023e-002	0.000000e+000
2.430556679276584e-007	-2.172925e-002	0.000000e+000
2.432530521749229e-007	-2.042532e-002	0.000000e+000
2.434767120843022e-007	-1.864984e-002	0.000000e+000
2.437058864703516e-007	-1.662314e-002	0.000000e+000
2.439255145369170e-007	-1.458107e-002	0.000000e+000
2.441039264231165e-007	-1.292420e-002	0.000000e+000
2.442823577391833e-007	-1.134097e-002	0.000000e+000
2.444666140075589e-007	-9.846711e-003	0.000000e+000
2.446565806393569e-007	-8.508997e-003	0.000000e+000
2.448383265378177e-007	-7.474481e-003	0.000000e+000
2.450277819066391e-007	-6.694550e-003	0.000000e+000
2.452197634454113e-007	-6.231807e-003	0.000000e+000
2.454028062632518e-007	-6.111894e-003	0.000000e+000
2.455745986221099e-007	-6.304534e-003	0.000000e+000
2.457728934734195e-007	-6.862062e-003	0.000000e+000
2.459577486607618e-007	-7.664020e-003	0.000000e+000
2.461257026288431e-007	-8.629118e-003	0.000000e+000
2.463435009589461e-007	-1.013426e-002	0.000000e+000
2.465670543629390e-007	-1.187054e-002	0.000000e+000
2.467983013083772e-007	-1.378049e-002	0.000000e+000
2.470143966353836e-007	-1.557085e-002	0.000000e+000
2.472314338104323e-007	-1.727652e-002	0.000000e+000
2.474501274460163e-007	-1.880393e-002	0.000000e+000
2.476931462754417e-007	-2.019761e-002	0.000000e+000
2.479201020762777e-007	-2.116069e-002	0.000000e+000
2.481137286572979e-007	-2.166791e-002	0.000000e+000
2.483038830440956e-007	-2.185062e-002	0.000000e+000
2.485155544804827e-007	-2.170963e-002	0.000000e+000
2.487252243458628e-007	-2.123917e-002	0.000000e+000
2.489330056932866e-007	-2.047639e-002	0.000000e+000
2.491149666717964e-007	-1.959384e-002	0.000000e+000
2.492902770454089e-007	-1.858287e-002	0.000000e+000
2.494662780843692e-007	-1.745163e-002	0.000000e+000
2.496750076992467e-007	-1.602417e-002	0.000000e+000
2.498757351757084e-007	-1.462357e-002	0.000000e+000
2.500639336977401e-007	-1.333614e-002	0.000000e+000
2.502513484279125e-007	-1.212971e-002	0.000000e+000
2.504399565341108e-007	-1.103611e-002	0.000000e+000
2.506314780885212e-007	-1.007380e-002	0.000000e+000
2.507721912098533e-007	-9.496178e-003	0.000000e+000
2.509518846527009e-007	-8.940211e-003	0.000000e+000
2.511281190696607e-007	-8.581480e-003	0.000000e+000
2.513004434218574e-007	-8.450373e-003	0.000000e+000
2.515546121126903e-007	-8.601394e-003	0.000000e+000
2.517900953553439e-007	-9.055057e-003	0.000000e+000
2.519941050785537e-007	-9.704735e-003	0.000000e+000
2.521979626806665e-007	-1.056247e-002	0.000000e+000
2.524158937007364e-007	-1.164319e-002	0.000000e+000
2.525779286024337e-007	-1.253080e-002	0.000000e+000
2.527345482439315e-007	-1.343755e-002	0.000000e+000
2.529114875918443e-007	-1.448131e-002	0.000000e+000
2.530633379328490e-007	-1.537008e-002	0.000000e+000
2.532109318662135e-007	-1.620259e-002	0.000000e+000
2.533989382582889e-007	-1.719480e-002	0.000000e+000
2.535674509883053e-007	-1.799269e-002	0.000000e+000
2.537594033184537e-007	-1.876326e-002	0.000000e+000
2.539513705822938e-007	-1.938587e-002	0.000000e+000
2.540760191004676e-007	-1.968692e-002	0.000000e+000
2.542190251720561e-007	-1.991444e-002	0.000000e+000
2.543626027317306e-007	-2.001654e-002	0.000000e+000
2.545650930758617e-007	-1.996267e-002	0.000000e+000
2.547497322068793e-007	-1.971519e-002	0.000000e+000
2.549729155885512e-007	-1.916836e-002	0.000000e+000
2.551810191951634e-007	-1.844622e-002	0.000000e+000
2.554004100352789e-007	-1.748781e-002	0.000000e+000
2.556113507743307e-007	-1.642292e-002	0.000000e+000
2.558170348326260e-007	-1.529165e-002	0.000000e+000
2.560211651328007e-007	-1.412653e-002	0.000000e+000
2.561683011247942e-007	-1.328510e-002	0.000000e+000
2.562765679177827e-007	-1.268067e-002	0.000000e+000
2.564074691835544e-007	-1.198411e-002	0.000000e+000
2.565676151486425e-007	-1.119844e-002	0.000000e+000
2.567555929977224e-007	-1.039959e-002	0.000000e+000
2.569844824138411e-007	-9.638255e-003	0.000000e+000
2.572183195691047e-007	-9.113902e-003	0.000000e+000
2.573912242132447e-007	-8.927892e-003	0.000000e+000
2.575572229647359e-007	-8.941192e-003	0.000000e+000
2.577339846075344e-007	-9.158449e-003	0.000000e+000
2.579541743884966e-007	-9.679746e-003	0.000000e+000
2.581435035381589e-007	-1.033209e-002	0.000000e+000
2.583247853301352e-007	-1.112940e-002	0.000000e+000
2.584988810900633e-007	-1.202167e-002	0.000000e+000
2.586622412218592e-007	-1.294310e-002	0.000000e+000
2.587877465021292e-007	-1.369170e-002	0.000000e+000
2.589076034939903e-007	-1.442643e-002	0.000000e+000
2.590271309003585e-007	-1.516048e-002	0.000000e+000
2.592080325804128e-007	-1.624465e-002	0.000000e+000
2.593883440550267e-007	-1.725534e-002	0.000000e+000
2.596025319593933e-007	-1.831203e-002	0.000000e+000
2.598143067827254e-007	-1.914618e-002	0.000000e+000
2.600496173859196e-007	-1.978778e-002	0.000000e+000
2.602333247726221e-007	-2.004394e-002	0.000000e+000
2.604119146647261e-007	-2.002063e-002	0.000000e+000
2.606740204326275e-007	-1.957882e-002	0.000000e+000
2.609134539769018e-007	-1.881978e-002	0.000000e+000
2.610914376310854e-007	-1.801479e-002	0.000000e+000
2.612692519219816e-007	-1.702903e-002	0.000000e+000
2.614343086942646e-007	-1.599632e-002	0.000000e+000
2.615982195380513e-007	-1.488977e-002	0.000000e+000
2.617908920345246e-007	-1.354467e-002	0.000000e+000
2.620258776114914e-007	-1.192945e-002	0.000000e+000
2.622720840270904e-007	-1.036983e-002	0.000000e+000
2.625241607194126e-007	-9.001440e-003	0.000000e+000
2.627079791970294e-007	-8.221141e-003	0.000000e+000
2.628879423898079e-007	-7.693059e-003	0.000000e+000
2.630603998799871e-007	-7.415472e-003	0.000000e+000
2.632322686199564e-007	-7.377204e-003	0.000000e+000
2.634146697317865e-007	-7.593741e-003	0.000000e+000
2.636044842825719e-007	-8.081971e-003	0.000000e+000
2.637958231889273e-007	-8.833915e-003	0.000000e+000
2.640398010127747e-007	-1.008754e-002	0.000000e+000
2.642966101319396e-007	-1.163454e-002	0.000000e+000
2.645122781680465e-007	-1.303552e-002	0.000000e+000
2.647302429162127e-007	-1.445322e-002	0.000000e+000
2.649102248883784e-007	-1.555122e-002	0.000000e+000
2.650878469078696e-007	-1.649950e-002	0.000000e+000
2.652935156074388e-007	-1.735936e-002	0.000000e+000
2.655447909259210e-007	-1.801824e-002	0.000000e+000
2.657943405944253e-007	-1.823802e-002	0.000000e+000
2.659617383051207e-007	-1.807447e-002	0.000000e+000
2.661644148574238e-007	-1.751954e-002	0.000000e+000
2.663631799596836e-007	-1.664795e-002	0.000000e+000
2.666135921482365e-007	-1.515363e-002	0.000000e+000
2.668636203456815e-007	-1.335644e-002	0.000000e+000
2.670184206008669e-007	-1.211221e-002	0.000000e+000
2.672185226478226e-007	-1.041872e-002	0.000000e+000
2.673417128593756e-007	-9.369893e-003	0.000000e+000
2.675000799418839e-007	-8.052989e-003	0.000000e+000
2.676713499522390e-007	-6.708323e-003	0.000000e+000
2.678434304227390e-007	-5.484488e-003	0.000000e+000
2.680194320813791e-007	-4.418510e-003	0.000000e+000
2.682305178285315e-007	-3.415683e-003	0.000000e+000
2.684260480429204e-007	-2.777288e-003	0.000000e+000
2.686100303330972e-007	-2.461955e-003	0.000000e+000
2.687764296883403e-007	-2.452824e-003	0.000000e+000
2.690424425972653e-007	-2.865289e-003	0.000000e+000
2.692611968027836e-007	-3.509290e-003	0.000000e+000
2.694318163961934e-007	-4.211543e-003	0.000000e+000
2.696227244007084e-007	-5.140872e-003	0.000000e+000
2.698821050551891e-007	-6.485934e-003	0.000000e+000
2.701439247004074e-007	-7.792234e-003	0.000000e+000
2.704095290419662e-007	-8.917422e-003	0.000000e+000
2.706432307214473e-007	-9.621349e-003	0.000000e+000
2.708527791535446e-007	-9.936516e-003	0.000000e+000
2.710476990511110e-007	-9.911717e-003	0.000000e+000
2.712446268908537e-007	-9.543480e-003	0.000000e+000
2.714774729154717e-007	-8.718290e-003	0.000000e+000
2.716527869499103e-007	-7.816310e-003	0.000000e+000
2.718624136792367e-007	-6.434950e-003	0.000000e+000
2.720781925885582e-007	-4.779023e-003	0.000000e+000
2.722511266239846e-007	-3.315384e-003	0.000000e+000
2.724172134638583e-007	-1.838893e-003	0.000000e+000
2.726769300908460e-007	4.714175e-004	0.000000e+000
2.729168138323729e-007	2.497465e-003	0.000000e+000
2.731379817438972e-007	4.161808e-003	0.000000e+000
2.733621438182507e-007	5.558957e-003	0.000000e+000
2.735780230455278e-007	6.548522e-003	0.000000e+000
2.738378613115931e-007	7.255510e-003	0.000000e+000
2.740742203810524e-007	7.457016e-003	0.000000e+000
2.742697347457000e-007	7.278796e-003	0.000000e+000
2.744614584696418e-007	6.824626e-003	0.000000e+000
2.746362757967814e-007	6.204635e-003	0.000000e+000
2.748390870705246e-007	5.296790e-003	0.000000e+000
2.750431386384049e-007	4.253185e-003	0.000000e+000
2.753361073884049e-007	2.673520e-003	0.000000e+000
2.755642579038540e-007	1.486704e-003	0.000000e+000
2.758003820813487e-007	3.986822e-004	0.000000e+000
2.760145980052291e-007	-3.738545e-004	0.000000e+000
2.762937311807472e-007	-1.012547e-003	0.000000e+000
2.765787421813244e-007	-1.288929e-003	0.000000e+000
2.767267851039188e-007	-1.244497e-003	0.000000e+000
2.769063767385878e-007	-1.001949e-003	0.000000e+000
2.770883538589833e-007	-6.083250e-004	0.000000e+000
2.773555871478194e-007	1.434872e-004	0.000000e+000
2.776011566763441e-007	9.096182e-004	0.000000e+000
2.778522724144612e-007	1.661758e-003	0.000000e+000
2.780945801483825e-007	2.223669e-003	0.000000e+000
2.783673492954813e-007	2.518996e-003	0.000000e+000
2.786603180454813e-007	2.322078e-003	0.000000e+000
2.789532867954813e-007	1.488053e-003	0.000000e+000
2.792462555454813e-007	-4.226142e-005	0.000000e+000
2.795392242954813e-007	-2.253475e-003	0.000000e+000
2.798321930454813e-007	-5.067071e-003	0.000000e+000
2.801251617954813e-007	-8.352092e-003	0.000000e+000
2.804181305454813e-007	-1.194162e-002	0.000000e+000
2.807110992954814e-007	-1.565761e-002	0.000000e+000
2.809615640231998e-007	-1.880046e-002	0.000000e+000
2.812271787140498e-007	-2.198019e-002	0.000000e+000
2.814770098183029e-007	-2.473547e-002	0.000000e+000
2.817699785683029e-007	-2.761778e-002	0.000000e+000
2.820629473183029e-007	-3.012322e-002	0.000000e+000
2.823559160683029e-007	-3.226666e-002	0.000000e+000
2.826488848183029e-007	-3.412227e-002	0.000000e+000
2.829418535683029e-007	-3.579822e-002	0.000000e+000
2.832348223183029e-007	-3.742042e-002	0.000000e+000
2.835277910683029e-007	-3.911445e-002	0.000000e+000
2.838207598183029e-007	-4.098817e-002	0.000000e+000
2.841137285683029e-007	-4.311687e-002	0.000000e+000
2.844066973183029e-007	-4.553271e-002	0.000000e+000
2.846996660683029e-007	-4.821963e-002	0.000000e+000
2.849926348183030e-007	-5.111405e-002	0.000000e+000
2.852856035683030e-007	-5.411124e-002	0.000000e+000
2.855785723183030e-007	-5.707632e-002	0.000000e+000
2.858715410683030e-007	-5.985862e-002	0.000000e+000
2.861645098183030e-007	-6.230753e-002	0.000000e+000
2.864574785683030e-007	-6.428819e-002	0.000000e+000
2.867504473183030e-007	-6.569501e-002	0.000000e+000
2.870434160683030e-007	-6.646185e-002	0.000000e+000
2.873363848183030e-007	-6.656766e-002	0.000000e+000
2.876293535683030e-007	-6.603725e-002	0.000000e+000
2.879223223183030e-007	-6.493719e-002	0.000000e+000
2.882152910683030e-007	-6.336753e-002	0.000000e+000
2.885082598183030e-007	-6.145043e-002	0.000000e+000
2.888012285683030e-007	-5.931698e-002	0.000000e+000
2.890941973183031e-007	-5.709387e-002	0.000000e+000
2.893871660683031e-007	-5.489123e-002	0.000000e+000
2.896801348183031e-007	-5.279298e-002	0.000000e+000
2.899731035683031e-007	-5.085078e-002	0.000000e+000
2.902660723183031e-007	-4.908187e-002	0.000000e+000
2.905590410683031e-007	-4.747120e-002	0.000000e+000
2.908520098183031e-007	-4.597723e-002	0.000000e+000
2.911449785683031e-007	-4.454074e-002	0.000000e+000
2.914379473183031e-007	-4.309565e-002	0.000000e+000
2.917309160683031e-007	-4.158036e-002	0.000000e+000
2.920238848183031e-007	-3.994849e-002	0.000000e+000
2.923168535683031e-007	-3.817770e-002	0.000000e+000
2.926098223183031e-007	-3.627551e-002	0.000000e+000
2.929027910683031e-007	-3.428154e-002	0.000000e+000
2.931957598183032e-007	-3.226578e-002	0.000000e+000
2.934887285683032e-007	-3.032308e-002	0.000000e+000
2.937816973183032e-007	-2.856437e-002	0.000000e+000
2.940746660683032e-007	-2.710560e-002	0.000000e+000
2.943676348183032e-007	-2.605556e-002	0.000000e+000
2.946606035683032e-007	-2.550386e-002	0.000000e+000
2.949535723183032e-007	-2.551054e-002	0.000000e+000
2.952465410683032e-007	-2.609843e-002	0.000000e+000
2.955395098183032e-007	-2.724908e-002	0.000000e+000
2.958324785683032e-007	-2.890306e-002	0.000000e+000
2.961254473183032e-007	-3.096438e-002	0.000000e+000
2.964184160683032e-007	-3.330882e-002	0.000000e+000
2.967113848183032e-007	-3.579528e-002	0.000000e+000
2.970043535683032e-007	-3.827887e-002	0.000000e+000
2.972973223183033e-007	-4.062438e-002	0.000000e+000
2.975902910683033e-007	-4.271856e-002	0.000000e+000
2.978832598183033e-007	-4.447982e-002	0.000000e+000
2.981762285683033e-007	-4.586428e-002	0.000000e+000
2.984691973183033e-007	-4.686734e-002	0.000000e+000
2.987621660683033e-007	-4.752076e-002	0.000000e+000
2.990551348183033e-007	-4.788546e-002	0.000000e+000
2.993481035683033e-007	-4.804095e-002	0.000000e+000
2.996410723183033e-007	-4.807285e-002	0.000000e+000
2.999340410683033e-007	-4.805454e-002	0.000000e+000
3.000000000000000e-007	-4.804847e-002	0.000000e+000
