time	V(-1)
0.000000000000000e+000	0.000000e+000
4.882812480489244e-016	0.000000e+000
9.765624960978488e-016	0.000000e+000
2.286551330149107e-012	0.000000e+000
4.572126097802116e-012	0.000000e+000
6.857700865455125e-012	0.000000e+000
9.143275633108134e-012	0.000000e+000
1.142885040076114e-011	0.000000e+000
1.371442516841415e-011	0.000000e+000
1.599999993606716e-011	0.000000e+000
3.199999987213431e-011	0.000000e+000
4.743854186629217e-011	1.401298e-045
6.110252927687474e-011	8.407791e-045
7.398508686009542e-011	7.146622e-044
8.773602691301597e-011	7.567012e-043
1.021942483524311e-010	1.878300e-041
1.198170629797410e-010	8.232699e-040
1.397913435918968e-010	8.836040e-038
1.640270740559588e-010	1.982139e-036
1.872030253149583e-010	1.888848e-035
2.080890674816298e-010	1.912613e-034
2.315954604549491e-010	2.103381e-033
2.557183990020939e-010	3.168825e-032
2.838690400293308e-010	5.501945e-031
3.142307314492573e-010	5.085233e-030
3.415507190778819e-010	3.485499e-029
3.693955654209037e-010	2.503059e-028
3.989742754312621e-010	2.001916e-027
4.311735247301799e-010	1.805609e-026
4.662974884432812e-010	1.345331e-025
5.000000000000000e-010	4.016536e-025
5.033702511556719e-010	4.741840e-025
5.101107534670157e-010	6.627051e-025
5.235917580897032e-010	1.360629e-024
5.456696016500951e-010	6.045993e-024
5.835555816329512e-010	4.027613e-023
6.178817657727110e-010	2.069352e-022
6.566182488105300e-010	1.062666e-021
6.928974450748663e-010	4.775077e-021
7.317937622755483e-010	2.256429e-020
7.720255577329070e-010	1.095402e-019
8.159468453905296e-010	4.846806e-019
8.554459713996730e-010	1.895969e-018
8.999251093914384e-010	7.755631e-018
9.420157865303577e-010	2.998206e-017
9.901291391467767e-010	1.277011e-016
1.038608630932215e-009	4.646947e-016
1.082979098449795e-009	1.531682e-015
1.131678243073559e-009	5.360317e-015
1.180506368073559e-009	1.744510e-014
1.229334493073559e-009	5.327375e-014
1.276928956672797e-009	1.533525e-013
1.325757081672797e-009	4.352484e-013
1.374585206672797e-009	1.181711e-012
1.423413331672797e-009	2.759505e-012
1.451171875000000e-009	4.810203e-012
1.500000000000000e-009	1.056502e-011
1.504882812500000e-009	1.157897e-011
1.514648437500000e-009	1.390479e-011
1.534179687500000e-009	2.048406e-011
1.571758066237038e-009	4.291216e-011
1.620586191237038e-009	1.020107e-010
1.669414316237038e-009	2.290826e-010
1.718242441237038e-009	5.008169e-010
1.767070566237038e-009	1.067295e-009
1.815898691237038e-009	2.219903e-009
1.864726816237038e-009	4.511339e-009
1.913554941237038e-009	8.692713e-009
1.951171875000000e-009	1.463155e-008
2.000000000000000e-009	2.591935e-008
2.000220000000000e-009	2.599292e-008
2.000660000000000e-009	2.614066e-008
2.006820000000000e-009	2.831819e-008
2.013860000000000e-009	3.108054e-008
2.027940000000000e-009	3.765668e-008
2.056100000000000e-009	5.611638e-008
2.104928125000000e-009	1.066698e-007
2.153756250000000e-009	1.903481e-007
2.196456270186137e-009	3.129981e-007
2.240895441761084e-009	5.229741e-007
2.287178778573532e-009	8.764118e-007
2.332818323021179e-009	1.435992e-006
2.378867636435028e-009	2.329278e-006
2.424092959732477e-009	3.691662e-006
2.468415358532657e-009	5.719082e-006
2.510855771169421e-009	8.594411e-006
2.551531859822073e-009	1.257089e-005
2.590209042076927e-009	1.777823e-005
2.619584894537184e-009	2.286699e-005
2.635333663575379e-009	2.620449e-005
2.652284130738402e-009	3.041825e-005
2.669777878272620e-009	3.550615e-005
2.695511084003118e-009	4.450603e-005
2.725413358517358e-009	5.763268e-005
2.763741666808797e-009	7.916265e-005
2.796538403257929e-009	1.026656e-004
2.825499383967157e-009	1.288304e-004
2.853664092983781e-009	1.607083e-004
2.888728023307032e-009	2.110622e-004
2.929773642295882e-009	2.873109e-004
2.973114375867598e-009	3.915735e-004
3.009663912907076e-009	5.021959e-004
3.034890599575212e-009	5.952668e-004
3.059612188966545e-009	7.028368e-004
3.083106199128089e-009	8.239517e-004
3.121234846457111e-009	1.061868e-003
3.163473826431534e-009	1.386301e-003
3.204339536786743e-009	1.780750e-003
3.249865330363412e-009	2.327954e-003
3.289666060656117e-009	2.906203e-003
3.316519166959024e-009	3.366606e-003
3.343401458759280e-009	3.898081e-003
3.372580970134094e-009	4.556423e-003
3.405361888674148e-009	5.414369e-003
3.450003876308623e-009	6.782847e-003
3.492498153871096e-009	8.311902e-003
3.532111973820508e-009	9.961377e-003
3.560450171336773e-009	1.130209e-002
3.592075686167918e-009	1.296658e-002
3.616994686939014e-009	1.441360e-002
3.651275958504809e-009	1.660472e-002
3.683001860923630e-009	1.885431e-002
3.731829985923631e-009	2.271398e-002
3.775105156627247e-009	2.648398e-002
3.805042480140768e-009	2.933091e-002
3.834335886647148e-009	3.232265e-002
3.866728868579500e-009	3.582442e-002
3.892858797345784e-009	3.879599e-002
3.920734160590136e-009	4.211884e-002
3.954756340440601e-009	4.634725e-002
3.989599893959963e-009	5.084438e-002
4.024833021082295e-009	5.553899e-002
4.059889916090956e-009	6.031967e-002
4.094577756869799e-009	6.511576e-002
4.128252123450197e-009	6.979256e-002
4.155495000476801e-009	7.356047e-002
4.182026692154891e-009	7.718535e-002
4.210891255217121e-009	8.104228e-002
4.246606849412049e-009	8.565864e-002
4.278864897876482e-009	8.964971e-002
4.304504360984384e-009	9.264631e-002
4.334643958538917e-009	9.592531e-002
4.369033864332855e-009	9.935376e-002
4.399307897413070e-009	1.020499e-001
4.431052072341661e-009	1.045083e-001
4.461405611980176e-009	1.064915e-001
4.491824795870988e-009	1.080831e-001
4.524658493403866e-009	1.093326e-001
4.563556050349899e-009	1.102522e-001
4.592910377760052e-009	1.105167e-001
4.625221878593933e-009	1.103432e-001
4.657831114651084e-009	1.097430e-001
4.688684808165910e-009	1.087808e-001
4.722511601744536e-009	1.073183e-001
4.757182408160050e-009	1.054398e-001
4.790868532557773e-009	1.032865e-001
4.823364722952293e-009	1.009384e-001
4.860272387955838e-009	9.803476e-002
4.886838380971028e-009	9.581988e-002
4.915323474512346e-009	9.335279e-002
4.940290294794548e-009	9.114504e-002
4.969085210094503e-009	8.857433e-002
5.008483397409597e-009	8.506826e-002
5.049655084333609e-009	8.146252e-002
5.087383561785058e-009	7.825302e-002
5.129478955090419e-009	7.479308e-002
5.156931502887290e-009	7.261243e-002
5.182285698090776e-009	7.066054e-002
5.210482310834627e-009	6.854349e-002
5.243719508123650e-009	6.609552e-002
5.273665958294785e-009	6.391343e-002
5.303805285753319e-009	6.171732e-002
5.329699817507034e-009	5.980814e-002
5.356021752484558e-009	5.781098e-002
5.399152119730775e-009	5.440211e-002
5.429549497458134e-009	5.186359e-002
5.462613353061997e-009	4.891414e-002
5.495933698749169e-009	4.573598e-002
5.528258408471075e-009	4.243579e-002
5.558733332515570e-009	3.910631e-002
5.595145859110643e-009	3.486821e-002
5.629768316530098e-009	3.060624e-002
5.663190818486758e-009	2.629948e-002
5.689645268143596e-009	2.277792e-002
5.714707958056289e-009	1.937112e-002
5.738750138944768e-009	1.606848e-002
5.761120538668704e-009	1.298738e-002
5.780003768611182e-009	1.039689e-002
5.796803542477725e-009	8.116039e-003
5.817202850427928e-009	5.390669e-003
5.835948499687573e-009	2.944858e-003
5.857370368661883e-009	2.385225e-004
5.877790483072433e-009	-2.249102e-003
5.890773447645045e-009	-3.769215e-003
5.902958078732291e-009	-5.137330e-003
5.917539269737865e-009	-6.703247e-003
5.932965748538693e-009	-8.272803e-003
5.949608537508019e-009	-9.856849e-003
5.966683195991774e-009	-1.135690e-002
5.984065594016512e-009	-1.272381e-002
6.011054775548023e-009	-1.451151e-002
6.048233339100656e-009	-1.637021e-002
6.089601970283484e-009	-1.761855e-002
6.129847115110649e-009	-1.796257e-002
6.169808978268212e-009	-1.751854e-002
6.196307701070779e-009	-1.677572e-002
6.225719091891505e-009	-1.554960e-002
6.250049036369536e-009	-1.427140e-002
6.280501928220599e-009	-1.237550e-002
6.315126658566901e-009	-9.959934e-003
6.343430121008260e-009	-7.833354e-003
6.365343116749468e-009	-6.120689e-003
6.388064595148538e-009	-4.330535e-003
6.423994546367652e-009	-1.548106e-003
6.451796422705531e-009	5.036715e-004
6.482866167047369e-009	2.612559e-003
6.513623073378291e-009	4.455920e-003
6.546198434705403e-009	6.076315e-003
6.581651012560354e-009	7.439827e-003
6.610156861928697e-009	8.183350e-003
6.643094732451914e-009	8.617771e-003
6.677182210833098e-009	8.657246e-003
6.704908761520991e-009	8.364068e-003
6.736505957068559e-009	7.696848e-003
6.767050666448206e-009	6.785374e-003
6.794555038006947e-009	5.766013e-003
6.820287355223102e-009	4.674724e-003
6.845223707225000e-009	3.525862e-003
6.873504772718663e-009	2.165055e-003
6.915453068232059e-009	1.462794e-004
6.955849040217113e-009	-1.712502e-003
6.983247819758407e-009	-2.854841e-003
7.015134247348325e-009	-3.995840e-003
7.048060072863802e-009	-4.938541e-003
7.083386511376866e-009	-5.657492e-003
7.115528322893348e-009	-6.020395e-003
7.151425515626456e-009	-6.084386e-003
7.190749150993509e-009	-5.814156e-003
7.219161279440069e-009	-5.399326e-003
7.249424024990286e-009	-4.770478e-003
7.274578912860379e-009	-4.136696e-003
7.300948379816545e-009	-3.384500e-003
7.330328018154216e-009	-2.485676e-003
7.358395512378297e-009	-1.603336e-003
7.394444378017995e-009	-4.963632e-004
7.436458161827427e-009	6.991561e-004
7.466585897871054e-009	1.437127e-003
7.503717245780074e-009	2.151327e-003
7.540995970775413e-009	2.651347e-003
7.573329390387789e-009	2.887511e-003
7.600807604452538e-009	2.930469e-003
7.627553437799162e-009	2.830175e-003
7.660010654951198e-009	2.555768e-003
7.687552792556611e-009	2.207958e-003
7.716664232097848e-009	1.732766e-003
7.755120372603078e-009	1.001290e-003
7.791811089019449e-009	2.458536e-004
7.829620614974223e-009	-5.452075e-004
7.858133704471137e-009	-1.115860e-003
7.885886032524507e-009	-1.614421e-003
7.923869010610679e-009	-2.180028e-003
7.964255067996215e-009	-2.624595e-003
7.998060405701113e-009	-2.844688e-003
8.031467355620975e-009	-2.910775e-003
8.064248371482125e-009	-2.840302e-003
8.094782048645535e-009	-2.661000e-003
8.125883061897656e-009	-2.380985e-003
8.155088105286292e-009	-2.044534e-003
8.190178266632221e-009	-1.576890e-003
8.220370136941242e-009	-1.144712e-003
8.255705563082340e-009	-6.330659e-004
8.289620049756421e-009	-1.667006e-004
8.322486785481120e-009	2.366101e-004
8.353795596068848e-009	5.576387e-004
8.382143342809508e-009	7.796581e-004
8.412700455419258e-009	9.335749e-004
8.448879232279365e-009	1.009535e-003
8.480763694868058e-009	9.839716e-004
8.508798570039233e-009	8.871997e-004
8.535235635793735e-009	7.409272e-004
8.555247046702689e-009	5.978077e-004
8.576989224162188e-009	4.148454e-004
8.600214864125466e-009	1.978480e-004
8.624417297154382e-009	-4.438443e-005
8.652597965330070e-009	-3.348834e-004
8.686583901165402e-009	-6.787480e-004
8.721956044708241e-009	-1.010497e-003
8.754347372481200e-009	-1.273055e-003
8.786132362499942e-009	-1.477225e-003
8.817775816294925e-009	-1.617920e-003
8.851571411411621e-009	-1.695806e-003
8.883876507297069e-009	-1.703099e-003
8.909541962146370e-009	-1.659895e-003
8.934894134858090e-009	-1.575862e-003
8.960047497316648e-009	-1.459231e-003
8.984123667025037e-009	-1.320990e-003
9.010365431132208e-009	-1.147874e-003
9.035927761619720e-009	-9.642344e-004
9.075257154925027e-009	-6.717051e-004
9.106286552575773e-009	-4.467722e-004
9.140280031345865e-009	-2.208321e-004
9.171648702228701e-009	-4.094974e-005
9.197522858053761e-009	7.619632e-005
9.230167203770934e-009	1.809489e-004
9.256972883823057e-009	2.306257e-004
9.282476589360369e-009	2.425321e-004
9.308598603671599e-009	2.205969e-004
9.337516331160076e-009	1.601223e-004
9.367942750677209e-009	6.212668e-005
9.396075221702997e-009	-5.432862e-005
9.418934355606225e-009	-1.642018e-004
9.441506281612365e-009	-2.822498e-004
9.467800393059300e-009	-4.248691e-004
9.497851312660258e-009	-5.864705e-004
9.530830380456008e-009	-7.525668e-004
9.565987293819122e-009	-9.036263e-004
9.610802344902268e-009	-1.050636e-003
9.642605635802006e-009	-1.116680e-003
9.672777493184060e-009	-1.141472e-003
9.701494860683134e-009	-1.133720e-003
9.725293070024934e-009	-1.103598e-003
9.750758301729233e-009	-1.048630e-003
9.778081103312624e-009	-9.678161e-004
9.811093691244926e-009	-8.473109e-004
9.842809813520485e-009	-7.148792e-004
9.881877374746849e-009	-5.403527e-004
9.912388742932659e-009	-4.041955e-004
9.948464506435660e-009	-2.518699e-004
9.976284096546204e-009	-1.463234e-004
1.000223332918257e-008	-6.285402e-005
1.003231895744886e-008	1.457709e-005
1.005975809980024e-008	6.428470e-005
1.009720215028180e-008	1.018023e-004
1.012879157775062e-008	1.105543e-004
1.014968652321791e-008	1.029332e-004
1.017361648511402e-008	8.219731e-005
1.020361556727825e-008	4.483872e-005
1.023808481203600e-008	-7.095451e-006
1.026410906458580e-008	-4.894509e-005
1.029272714572050e-008	-9.287629e-005
1.032087339822940e-008	-1.279396e-004
1.035928647298104e-008	-1.555655e-004
1.040038639015598e-008	-1.563095e-004
1.042974946930935e-008	-1.309182e-004
1.046440988698384e-008	-6.678084e-005
1.050292868541261e-008	4.087323e-005
1.053223035858566e-008	1.505495e-004
1.056492202486966e-008	3.014207e-004
1.059779305628015e-008	4.771292e-004
1.063113004909978e-008	6.762980e-004
1.066757948729455e-008	9.109359e-004
1.069731003209144e-008	1.110921e-003
1.072555374083562e-008	1.304600e-003
1.075800076895358e-008	1.526597e-003
1.078820796107057e-008	1.729669e-003
1.081210981927684e-008	1.885689e-003
1.083581724299271e-008	2.034046e-003
1.087039697084377e-008	2.238894e-003
1.090804371875912e-008	2.447936e-003
1.093887836990057e-008	2.607101e-003
1.097259803360989e-008	2.769510e-003
1.100370397796121e-008	2.910960e-003
1.103550426540932e-008	3.049395e-003
1.106062590006709e-008	3.155913e-003
1.108934602314542e-008	3.276387e-003
1.111610670802587e-008	3.389188e-003
1.114873600407522e-008	3.528839e-003
1.117302122400106e-008	3.635305e-003
1.120303894804246e-008	3.770662e-003
1.123338352636933e-008	3.911114e-003
1.126182959153604e-008	4.045584e-003
1.130001027360841e-008	4.227686e-003
1.132735857700759e-008	4.356930e-003
1.135529103484241e-008	4.485045e-003
1.138242633881532e-008	4.602674e-003
1.141156370884136e-008	4.718007e-003
1.144026717844182e-008	4.816851e-003
1.146911151039968e-008	4.896415e-003
1.150110938507566e-008	4.957570e-003
1.153211074471393e-008	4.986043e-003
1.156108274258660e-008	4.981153e-003
1.158660005994210e-008	4.947568e-003
1.161361540514591e-008	4.877904e-003
1.164707722614988e-008	4.747405e-003
1.167581310876043e-008	4.594083e-003
1.170782907468648e-008	4.375243e-003
1.173927988265106e-008	4.111546e-003
1.177899791353967e-008	3.712512e-003
1.182396985736936e-008	3.191719e-003
1.185373067603928e-008	2.806330e-003
1.188207036538245e-008	2.405945e-003
1.191922126925033e-008	1.848598e-003
1.194592770178935e-008	1.429041e-003
1.197136962493833e-008	1.014749e-003
1.199825126255144e-008	5.659283e-004
1.203254171469092e-008	-1.720576e-005
1.207246034603850e-008	-7.033420e-004
1.209900092351294e-008	-1.160899e-003
1.212659849355330e-008	-1.634615e-003
1.215855659822517e-008	-2.177197e-003
1.219014562017923e-008	-2.703872e-003
1.222477742790433e-008	-3.266924e-003
1.225637245763952e-008	-3.762927e-003
1.229634400989487e-008	-4.360504e-003
1.234193075466749e-008	-5.003695e-003
1.237129678190217e-008	-5.390765e-003
1.239840646150808e-008	-5.722904e-003
1.242350089183821e-008	-6.006770e-003
1.245621353222204e-008	-6.343061e-003
1.248651879196377e-008	-6.619101e-003
1.251882789953782e-008	-6.870479e-003
1.255067315676177e-008	-7.070500e-003
1.258951408391487e-008	-7.253821e-003
1.261809912371764e-008	-7.343687e-003
1.264579374268742e-008	-7.386606e-003
1.267534490518098e-008	-7.386731e-003
1.270824707310055e-008	-7.334843e-003
1.273967342978299e-008	-7.235617e-003
1.276934377640831e-008	-7.097609e-003
1.279601392297026e-008	-6.936926e-003
1.282552218015322e-008	-6.719398e-003
1.286569511247685e-008	-6.373791e-003
1.289849256084152e-008	-6.055675e-003
1.293109895858242e-008	-5.710723e-003
1.295700596114395e-008	-5.421619e-003
1.298260875500954e-008	-5.126319e-003
1.301145339752959e-008	-4.788517e-003
1.304454224994310e-008	-4.400897e-003
1.307313910558370e-008	-4.070916e-003
1.310143349387203e-008	-3.754082e-003
1.312990918618543e-008	-3.449200e-003
1.316058406131302e-008	-3.140455e-003
1.319367550798651e-008	-2.832035e-003
1.322255025687801e-008	-2.585568e-003
1.324660116250568e-008	-2.399510e-003
1.327384981160198e-008	-2.210539e-003
1.330598891576799e-008	-2.013602e-003
1.333937385468787e-008	-1.834573e-003
1.336407008105728e-008	-1.719394e-003
1.339316797480588e-008	-1.600306e-003
1.341859850146215e-008	-1.507547e-003
1.345126134465602e-008	-1.399907e-003
1.348633067496997e-008	-1.291523e-003
1.351095827460937e-008	-1.217067e-003
1.353940137100196e-008	-1.128763e-003
1.357263631109867e-008	-1.018450e-003
1.360233948107412e-008	-9.101212e-004
1.362925012138277e-008	-8.006516e-004
1.365682897127397e-008	-6.740077e-004
1.369433275486719e-008	-4.791177e-004
1.372986641909235e-008	-2.713168e-004
1.376162812348252e-008	-6.484497e-005
1.379134334505213e-008	1.450471e-004
1.381839448324265e-008	3.485721e-004
1.384567885658898e-008	5.634724e-004
1.386914798614283e-008	7.542373e-004
1.389818068079547e-008	9.944722e-004
1.393050144462977e-008	1.262133e-003
1.396326295578596e-008	1.528815e-003
1.399023171613460e-008	1.739165e-003
1.402470898733679e-008	1.989723e-003
1.405731894207724e-008	2.200609e-003
1.409792577993440e-008	2.417914e-003
1.413905913068833e-008	2.582222e-003
1.417465334798241e-008	2.667041e-003
1.421210093120710e-008	2.690643e-003
1.424934231678855e-008	2.647179e-003
1.428380626292645e-008	2.544258e-003
1.431608453594946e-008	2.391846e-003
1.434580932707501e-008	2.203985e-003
1.437453690954510e-008	1.979752e-003
1.440535183974071e-008	1.697474e-003
1.443497498522288e-008	1.389205e-003
1.446752848754870e-008	1.016050e-003
1.449229059568049e-008	7.109368e-004
1.452408201857998e-008	2.981984e-004
1.456032765197667e-008	-1.858733e-004
1.459544553299446e-008	-6.568774e-004
1.463302055497670e-008	-1.146879e-003
1.467297274898174e-008	-1.637536e-003
1.470263099515462e-008	-1.969072e-003
1.473102535047061e-008	-2.244912e-003
1.476714098587860e-008	-2.536254e-003
1.479626881162810e-008	-2.713986e-003
1.482970712513339e-008	-2.844988e-003
1.485928725784923e-008	-2.893485e-003
1.489079778694509e-008	-2.872445e-003
1.491663678867696e-008	-2.800674e-003
1.493771702399032e-008	-2.698815e-003
1.496509930218757e-008	-2.513620e-003
1.499322730805548e-008	-2.268954e-003
1.502563719086240e-008	-1.922753e-003
1.506023080418463e-008	-1.491179e-003
1.509297599322182e-008	-1.033684e-003
1.512516407032641e-008	-5.489396e-004
1.516616178829094e-008	9.129738e-005
1.520175799540536e-008	6.465667e-004
1.523335415864797e-008	1.121710e-003
1.526378809229221e-008	1.547689e-003
1.529358644216700e-008	1.921484e-003
1.532428044868992e-008	2.250240e-003
1.535526712680047e-008	2.511364e-003
1.539136970091563e-008	2.719956e-003
1.542536544367310e-008	2.817301e-003
1.545852186100743e-008	2.806061e-003
1.549749629512779e-008	2.670926e-003
1.553050713910483e-008	2.459099e-003
1.556233489867015e-008	2.170834e-003
1.559121140932976e-008	1.845819e-003
1.562492562096781e-008	1.406643e-003
1.565412600904407e-008	9.881670e-004
1.568224554620573e-008	5.607479e-004
1.570728285648416e-008	1.705260e-004
1.573712057300156e-008	-2.920647e-004
1.577282088567562e-008	-8.244580e-004
1.580623319590951e-008	-1.284865e-003
1.583842457705754e-008	-1.675808e-003
1.586973341703981e-008	-1.993387e-003
1.589995067044819e-008	-2.232311e-003
1.592785090870027e-008	-2.387282e-003
1.595410494859662e-008	-2.467416e-003
1.598538517584674e-008	-2.483976e-003
1.601358321965409e-008	-2.427906e-003
1.604179731888060e-008	-2.303332e-003
1.606741457861944e-008	-2.132701e-003
1.609769789306690e-008	-1.866973e-003
1.613145806513232e-008	-1.508557e-003
1.616174521895803e-008	-1.140885e-003
1.619026892368212e-008	-7.629789e-004
1.622517255743002e-008	-2.794483e-004
1.625289452975549e-008	1.083029e-004
1.627965063870139e-008	4.744645e-004
1.630922969948552e-008	8.580681e-004
1.633813728473305e-008	1.194118e-003
1.638356710522729e-008	1.640845e-003
1.641542925080515e-008	1.883949e-003
1.644677730592167e-008	2.045006e-003
1.647699412802017e-008	2.130218e-003
1.650233948598856e-008	2.145118e-003
1.652655406313768e-008	2.108802e-003
1.655084984128817e-008	2.024944e-003
1.657730812010786e-008	1.881694e-003
1.660996605625863e-008	1.642639e-003
1.664193258192317e-008	1.353723e-003
1.667082095485163e-008	1.050778e-003
1.670283279622667e-008	6.819771e-004
1.673585556956990e-008	2.823724e-004
1.676509393205549e-008	-7.566325e-005
1.679436383121765e-008	-4.257301e-004
1.682296624810681e-008	-7.476089e-004
1.685421435833674e-008	-1.065638e-003
1.688369460895550e-008	-1.324281e-003
1.691243896990782e-008	-1.523711e-003
1.695008060918958e-008	-1.706431e-003
1.698177033476915e-008	-1.794473e-003
1.700180531380263e-008	-1.808298e-003
1.702686066715118e-008	-1.776025e-003
1.705785468720908e-008	-1.678669e-003
1.708574323437282e-008	-1.538238e-003
1.711469883742662e-008	-1.339495e-003
1.714778585737900e-008	-1.059916e-003
1.718222231382969e-008	-7.237775e-004
1.721998620080794e-008	-3.210608e-004
1.725484211295062e-008	6.342114e-005
1.729121441309683e-008	4.567782e-004
1.732925727300023e-008	8.364806e-004
1.736877750526342e-008	1.176597e-003
1.740455685348568e-008	1.422265e-003
1.743417643310769e-008	1.565138e-003
1.746904503185926e-008	1.655749e-003
1.750592261747565e-008	1.667451e-003
1.753932535167523e-008	1.601621e-003
1.757050180606843e-008	1.475616e-003
1.759890977289403e-008	1.309500e-003
1.763257372536037e-008	1.064915e-003
1.765371670714425e-008	8.885023e-004
1.767894766007014e-008	6.579571e-004
1.770438167839860e-008	4.143261e-004
1.774198509160171e-008	4.986237e-005
1.778090427409367e-008	-3.144907e-004
1.781298085024225e-008	-5.892582e-004
1.784392876938689e-008	-8.184095e-004
1.787282187381109e-008	-9.875682e-004
1.791146942521099e-008	-1.138968e-003
1.795201039854021e-008	-1.210890e-003
1.798452441600286e-008	-1.192805e-003
1.802083704820215e-008	-1.093721e-003
1.805184739178638e-008	-9.515127e-004
1.808148051814692e-008	-7.686552e-004
1.810955523325246e-008	-5.609171e-004
1.813988980510788e-008	-3.082360e-004
1.817740455600822e-008	2.514483e-005
1.821497105610027e-008	3.632514e-004
1.824793433621014e-008	6.470691e-004
1.828342919657202e-008	9.188624e-004
1.832559771166080e-008	1.181225e-003
1.836416411718239e-008	1.350477e-003
1.839968753828858e-008	1.434116e-003
1.843122410281135e-008	1.444744e-003
1.846261278842176e-008	1.394609e-003
1.849512681202488e-008	1.285445e-003
1.852477575352969e-008	1.138875e-003
1.855601065199991e-008	9.431637e-004
1.858347435503675e-008	7.430663e-004
1.861374453138286e-008	5.006856e-004
1.864198180299784e-008	2.637172e-004
1.867366522622518e-008	-4.261004e-006
1.870354570421423e-008	-2.482019e-004
1.873622671779768e-008	-4.927940e-004
1.877322293824457e-008	-7.317090e-004
1.880707666126253e-008	-9.052554e-004
1.884020539238055e-008	-1.022587e-003
1.887681867642988e-008	-1.092348e-003
1.890799842728223e-008	-1.101392e-003
1.893849403233760e-008	-1.064643e-003
1.896656851857703e-008	-9.941716e-004
1.899874076609394e-008	-8.774054e-004
1.903029843250769e-008	-7.348345e-004
1.906369761971358e-008	-5.631112e-004
1.909412753444223e-008	-3.977032e-004
1.912611723848029e-008	-2.251329e-004
1.916012836663162e-008	-5.410488e-005
1.919118887690132e-008	8.045354e-005
1.922638203873868e-008	1.978661e-004
1.926233558547309e-008	2.743479e-004
1.929536632714458e-008	2.989211e-004
1.932987128065705e-008	2.763791e-004
1.936028330481108e-008	2.170326e-004
1.938818657619408e-008	1.298128e-004
1.941699303365564e-008	1.148643e-005
1.944475816997540e-008	-1.243554e-004
1.947023542717680e-008	-2.642363e-004
1.949782901276936e-008	-4.264635e-004
1.952879723497948e-008	-6.131456e-004
1.956272099188578e-008	-8.121554e-004
1.960426270208165e-008	-1.036713e-003
1.963351515031521e-008	-1.171697e-003
1.966703171397810e-008	-1.291653e-003
1.969892609265751e-008	-1.368395e-003
1.973029719739506e-008	-1.402866e-003
1.976063898811337e-008	-1.394278e-003
1.979440628905405e-008	-1.339062e-003
1.982294176886566e-008	-1.255367e-003
1.985441170069808e-008	-1.124821e-003
1.988771352881778e-008	-9.529467e-004
1.991680475290718e-008	-7.789085e-004
1.994478398398879e-008	-5.951383e-004
1.997102074587268e-008	-4.138505e-004
1.999689712524689e-008	-2.318142e-004
2.002992915256515e-008	-4.349002e-006
2.007492067222001e-008	2.834214e-004
2.012031001277762e-008	5.362284e-004
2.015730613128162e-008	7.052857e-004
2.018077680885699e-008	7.871148e-004
2.021238900167804e-008	8.645661e-004
2.024180901368724e-008	9.065633e-004
2.027544798593371e-008	9.203494e-004
2.030187906144439e-008	9.069770e-004
2.032995874707536e-008	8.695303e-004
2.036231902435098e-008	8.046458e-004
2.039518853208181e-008	7.216890e-004
2.042217976961521e-008	6.442892e-004
2.045202598995872e-008	5.542164e-004
2.048302492663616e-008	4.618031e-004
2.051195461574298e-008	3.813279e-004
2.054084272908998e-008	3.117137e-004
2.057595014764487e-008	2.444494e-004
2.060535516757104e-008	2.057653e-004
2.063631343293512e-008	1.856866e-004
2.066709321107122e-008	1.854645e-004
2.069344770972347e-008	2.015406e-004
2.072189955193632e-008	2.343737e-004
2.074770299172539e-008	2.759748e-004
2.077678383485064e-008	3.335793e-004
2.080343759965950e-008	3.931082e-004
2.083327296124726e-008	4.636086e-004
2.086386916021195e-008	5.349592e-004
2.089881276664268e-008	6.093662e-004
2.093267112371370e-008	6.681103e-004
2.096828319310722e-008	7.106867e-004
2.099746690509739e-008	7.262958e-004
2.103006249829303e-008	7.215840e-004
2.105297180090148e-008	7.027586e-004
2.108057951158998e-008	6.614591e-004
2.110834992960953e-008	6.028186e-004
2.113492455699717e-008	5.307521e-004
2.116376903483865e-008	4.373059e-004
2.119223783662987e-008	3.331082e-004
2.121725508783351e-008	2.337991e-004
2.124565787088057e-008	1.160135e-004
2.127440911658365e-008	-4.226809e-006
2.130181843973244e-008	-1.153486e-004
2.133704173749522e-008	-2.469709e-004
2.137403032515963e-008	-3.665470e-004
2.140743408566873e-008	-4.511996e-004
2.144345687449852e-008	-5.130872e-004
2.147677219226469e-008	-5.411334e-004
2.151035034241836e-008	-5.392170e-004
2.154377987668966e-008	-5.109073e-004
2.156591196670220e-008	-4.770123e-004
2.159112173691318e-008	-4.241079e-004
2.161712133585163e-008	-3.579916e-004
2.164619586127173e-008	-2.732943e-004
2.167967635073382e-008	-1.677067e-004
2.171483144044921e-008	-5.428810e-005
2.174641655478739e-008	4.362882e-005
2.178020844552092e-008	1.380639e-004
2.180988388432596e-008	2.064277e-004
2.184606794853262e-008	2.664919e-004
2.188101217200175e-008	2.987037e-004
2.191253278619214e-008	3.018939e-004
2.194663436843624e-008	2.784900e-004
2.197516974759766e-008	2.382533e-004
2.200509190301217e-008	1.768682e-004
2.203394842244634e-008	1.029306e-004
2.206125936680354e-008	2.216820e-005
2.208905484266643e-008	-6.721899e-005
2.211587684042575e-008	-1.565064e-004
2.215067524558787e-008	-2.708274e-004
2.218283962782371e-008	-3.688895e-004
2.221869469742552e-008	-4.633961e-004
2.224987006181948e-008	-5.273190e-004
2.228448668143241e-008	-5.734164e-004
2.231784858226125e-008	-5.914853e-004
2.234979844726723e-008	-5.827484e-004
2.237818134500178e-008	-5.524349e-004
2.240926188150164e-008	-4.963856e-004
2.243895293381742e-008	-4.235681e-004
2.246801763164734e-008	-3.357918e-004
2.249970502798755e-008	-2.263973e-004
2.252579439689442e-008	-1.286223e-004
2.255355198609389e-008	-2.012387e-005
2.258157792752678e-008	8.993973e-005
2.260928859122205e-008	1.954131e-004
2.264147605082102e-008	3.094506e-004
2.267327934171981e-008	4.089083e-004
2.270765249451965e-008	4.977874e-004
2.273907560704484e-008	5.593145e-004
2.276995613260857e-008	5.990428e-004
2.279947945534036e-008	6.184733e-004
2.282155924018394e-008	6.196641e-004
2.284958632178390e-008	6.055634e-004
2.287647976540126e-008	5.787079e-004
2.290254299101436e-008	5.407927e-004
2.292749587111994e-008	4.945156e-004
2.296173227912554e-008	4.197921e-004
2.299483729976505e-008	3.398196e-004
2.302446887765316e-008	2.642287e-004
2.305312381308539e-008	1.904715e-004
2.308347750582336e-008	1.145521e-004
2.311491773602408e-008	4.040347e-005
2.314102412407856e-008	-1.580580e-005
2.317148665484953e-008	-7.403000e-005
2.319967462078038e-008	-1.207552e-004
2.322567837048201e-008	-1.570860e-004
2.325202100079721e-008	-1.874627e-004
2.327809301297342e-008	-2.117221e-004
2.330446958203962e-008	-2.308783e-004
2.333510575222892e-008	-2.475459e-004
2.337236929245659e-008	-2.624597e-004
2.340343726696755e-008	-2.718072e-004
2.343728115774379e-008	-2.802025e-004
2.346679519389955e-008	-2.871968e-004
2.349569839283229e-008	-2.943811e-004
2.352594733696408e-008	-3.025168e-004
2.355453985993447e-008	-3.106540e-004
2.358157312713185e-008	-3.182944e-004
2.361236728645251e-008	-3.261440e-004
2.363770077838484e-008	-3.309925e-004
2.366531814733198e-008	-3.334497e-004
2.369191319166107e-008	-3.320290e-004
2.371834518316863e-008	-3.258074e-004
2.374313500981831e-008	-3.139123e-004
2.377874005902254e-008	-2.859593e-004
2.381369775148726e-008	-2.460383e-004
2.384656128923818e-008	-1.951330e-004
2.388234844413759e-008	-1.254231e-004
2.391587456887567e-008	-4.812315e-005
2.394644487925118e-008	3.146821e-005
2.397634703985284e-008	1.156283e-004
2.400505023330586e-008	1.997940e-004
2.403448964949068e-008	2.867630e-004
2.406280548950753e-008	3.680689e-004
2.409237198443039e-008	4.474139e-004
2.412073092645842e-008	5.152569e-004
2.414865642197479e-008	5.707401e-004
2.418005483442809e-008	6.174772e-004
2.420908786864256e-008	6.431494e-004
2.424176552735449e-008	6.495938e-004
2.427312284949035e-008	6.330810e-004
2.430327085357327e-008	5.943499e-004
2.433595303385119e-008	5.289358e-004
2.436446258452803e-008	4.529225e-004
2.439544262528656e-008	3.523678e-004
2.442296247843283e-008	2.503609e-004
2.445117464138303e-008	1.356349e-004
2.448737663541885e-008	-1.937072e-005
2.452030361125253e-008	-1.623450e-004
2.454712628416257e-008	-2.763559e-004
2.457290665326516e-008	-3.797481e-004
2.460174597600669e-008	-4.844784e-004
2.463308920281920e-008	-5.821462e-004
2.466345833331171e-008	-6.571547e-004
2.469352933310547e-008	-7.095217e-004
2.472100465143612e-008	-7.352042e-004
2.475375404304369e-008	-7.379139e-004
2.478557257996698e-008	-7.134978e-004
2.481484593573041e-008	-6.669208e-004
2.484237506738794e-008	-6.027508e-004
2.487098597835602e-008	-5.178360e-004
2.489880250364365e-008	-4.205084e-004
2.492621863677666e-008	-3.131094e-004
2.495220416595158e-008	-2.037039e-004
2.497786144693389e-008	-9.134863e-005
2.501002041067167e-008	5.056230e-005
2.504120406063996e-008	1.843382e-004
2.507478288385505e-008	3.186962e-004
2.510808084672660e-008	4.371109e-004
2.514013168519890e-008	5.325733e-004
2.517148474137325e-008	6.054729e-004
2.519940305600141e-008	6.504426e-004
2.523039110794974e-008	6.775786e-004
2.525913973789147e-008	6.816603e-004
2.528814498935477e-008	6.646191e-004
2.531743417245014e-008	6.277634e-004
2.534440702952810e-008	5.774396e-004
2.537123932652366e-008	5.128234e-004
2.540167141679624e-008	4.256984e-004
2.543043349033460e-008	3.329325e-004
2.545827841322662e-008	2.358004e-004
2.548625025534656e-008	1.340872e-004
2.551830957740651e-008	1.667862e-005
2.555525218365809e-008	-1.151132e-004
2.558465250585238e-008	-2.134273e-004
2.561693351231356e-008	-3.108144e-004
2.564695724098894e-008	-3.895916e-004
2.567431218061012e-008	-4.493617e-004
2.569919966743542e-008	-4.924734e-004
2.572359084816756e-008	-5.236132e-004
2.574789349336007e-008	-5.429846e-004
2.577728624771946e-008	-5.519874e-004
2.580406501721503e-008	-5.469752e-004
2.583099686379040e-008	-5.287948e-004
2.585859766180040e-008	-4.974737e-004
2.588973610409059e-008	-4.490962e-004
2.591716387979100e-008	-3.964729e-004
2.594391964465909e-008	-3.368648e-004
2.597365807807469e-008	-2.636044e-004
2.600358841619528e-008	-1.849026e-004
2.603246894498807e-008	-1.062577e-004
2.606225110302034e-008	-2.468524e-005
2.609066176124116e-008	5.151770e-005
2.611747069149207e-008	1.202589e-004
2.614235985603941e-008	1.797745e-004
2.616877090548055e-008	2.372232e-004
2.619369392785736e-008	2.848616e-004
2.622167024255708e-008	3.298623e-004
2.624754602014285e-008	3.621928e-004
2.628076533054916e-008	3.899382e-004
2.631418031089575e-008	4.035552e-004
2.634063709265322e-008	4.023150e-004
2.637170657325925e-008	3.873480e-004
2.640037553782775e-008	3.618842e-004
2.643016837755770e-008	3.238460e-004
2.645844762325771e-008	2.782462e-004
2.648317898245244e-008	2.312184e-004
2.650913520051166e-008	1.756217e-004
2.653820234480278e-008	1.079650e-004
2.656394981981209e-008	4.454206e-005
2.659395707618936e-008	-3.165981e-005
2.662270502806151e-008	-1.048384e-004
2.665022457366068e-008	-1.730963e-004
2.668003895077496e-008	-2.430137e-004
2.670793273927962e-008	-3.025034e-004
2.673930012891275e-008	-3.606092e-004
2.676803138265906e-008	-4.039196e-004
2.679805250045092e-008	-4.371481e-004
2.682701970357239e-008	-4.561217e-004
2.685974411401454e-008	-4.623012e-004
2.688472012485157e-008	-4.554371e-004
2.690996014248098e-008	-4.371157e-004
2.693510653942494e-008	-4.085636e-004
2.695975119219655e-008	-3.703533e-004
2.699154548277980e-008	-3.083159e-004
2.702222061329044e-008	-2.373439e-004
2.705064987855739e-008	-1.629498e-004
2.707410983690813e-008	-9.636406e-005
2.710215320477880e-008	-1.280599e-005
2.712811073949248e-008	6.615914e-005
2.715391634698642e-008	1.444435e-004
2.717866460397927e-008	2.173757e-004
2.720508728420135e-008	2.906020e-004
2.723672104090364e-008	3.698564e-004
2.726704250813721e-008	4.354072e-004
2.729278358492162e-008	4.806207e-004
2.731780656349448e-008	5.124971e-004
2.735286537431501e-008	5.382738e-004
2.738566433555613e-008	5.437529e-004
2.741208827551864e-008	5.323870e-004
2.744151878572867e-008	5.034987e-004
2.746926360622708e-008	4.621441e-004
2.750010834515273e-008	4.015715e-004
2.752966776398929e-008	3.318962e-004
2.755488282143904e-008	2.644628e-004
2.758329169821665e-008	1.821877e-004
2.761058043745345e-008	9.984106e-005
2.764676039896849e-008	-1.027019e-005
2.767140716200315e-008	-8.336809e-005
2.769511699864809e-008	-1.497590e-004
2.772029024085418e-008	-2.137726e-004
2.775174220471393e-008	-2.825898e-004
2.778320960596397e-008	-3.376452e-004
2.781075689634113e-008	-3.720910e-004
2.783672150438867e-008	-3.908869e-004
2.786452537660761e-008	-3.956343e-004
2.789682841156380e-008	-3.832424e-004
2.792451670490029e-008	-3.575622e-004
2.795249938387511e-008	-3.176099e-004
2.797908447407303e-008	-2.682660e-004
2.800878548013688e-008	-2.024872e-004
2.803724403686633e-008	-1.318160e-004
2.806330437833657e-008	-6.248974e-005
2.809005713122412e-008	1.062002e-005
2.811961636710994e-008	9.001303e-005
2.815648267049231e-008	1.826637e-004
2.818971004366959e-008	2.555929e-004
2.822488275455896e-008	3.174383e-004
2.825572026280721e-008	3.563068e-004
2.828235858999679e-008	3.757792e-004
2.830824019811985e-008	3.809994e-004
2.833531518450179e-008	3.721773e-004
2.836327347928809e-008	3.480727e-004
2.839370798909422e-008	3.060454e-004
2.842205166214670e-008	2.538218e-004
2.844656528668098e-008	1.993299e-004
2.846809894719341e-008	1.451096e-004
2.849372215963323e-008	7.490467e-005
2.852716885537573e-008	-2.135980e-005
2.855927167809779e-008	-1.147456e-004
2.859331712476178e-008	-2.110312e-004
2.861685812871518e-008	-2.728791e-004
2.864536269364167e-008	-3.395907e-004
2.867170143464191e-008	-3.916641e-004
2.870043437234469e-008	-4.357961e-004
2.872792960080474e-008	-4.646843e-004
2.875408223747106e-008	-4.783451e-004
2.878210319393579e-008	-4.777559e-004
2.881031037797839e-008	-4.622520e-004
2.883505916884925e-008	-4.360138e-004
2.886143123680632e-008	-3.956367e-004
2.888861706098509e-008	-3.426105e-004
2.891741962430611e-008	-2.755847e-004
2.895094436440220e-008	-1.875685e-004
2.898220930083899e-008	-9.938862e-005
2.901843953486440e-008	5.219713e-006
2.905395382141018e-008	1.054316e-004
2.907949787610340e-008	1.731546e-004
2.910260415540943e-008	2.287855e-004
2.912663119346625e-008	2.797135e-004
2.915064170966689e-008	3.224970e-004
2.917558494946444e-008	3.570033e-004
2.920372765121692e-008	3.837084e-004
2.922902850766673e-008	3.953080e-004
2.926144647556681e-008	3.934653e-004
2.929133552190786e-008	3.766745e-004
2.932074451866896e-008	3.455660e-004
2.935273154620013e-008	2.980891e-004
2.938171885988288e-008	2.446800e-004
2.941426374066466e-008	1.757800e-004
2.944497204092420e-008	1.056335e-004
2.946418287599000e-008	6.021189e-005
2.948743659852833e-008	5.094167e-006
2.950934504769846e-008	-4.538067e-005
2.953830252206125e-008	-1.081077e-004
2.956833453605026e-008	-1.665620e-004
2.959932451874378e-008	-2.173161e-004
2.963164213374511e-008	-2.578599e-004
2.966490864107494e-008	-2.848626e-004
2.969894544409181e-008	-2.952837e-004
2.974037036319436e-008	-2.868100e-004
2.977406201890598e-008	-2.640189e-004
2.980327130708680e-008	-2.322759e-004
2.983176511151574e-008	-1.924865e-004
2.985829357813822e-008	-1.492281e-004
2.988644925429436e-008	-9.848006e-005
2.992109512705632e-008	-3.265091e-005
2.995606515943333e-008	3.432137e-005
2.998650697323569e-008	9.044910e-005
3.001651948446889e-008	1.412805e-004
3.004626287696828e-008	1.850754e-004
3.007908456675865e-008	2.237338e-004
3.011559269074592e-008	2.541167e-004
3.014751826964681e-008	2.682087e-004
3.018215921867989e-008	2.694505e-004
3.021558119709718e-008	2.573928e-004
3.025173224430353e-008	2.311803e-004
3.028087060716191e-008	2.012398e-004
3.030605400881946e-008	1.691795e-004
3.033480243909069e-008	1.271764e-004
3.037483391236017e-008	6.356887e-005
3.040632378789143e-008	1.160736e-005
3.043709145618950e-008	-3.877958e-005
3.046965259132336e-008	-8.899091e-005
3.050608172636913e-008	-1.387320e-004
3.054501488432159e-008	-1.819757e-004
3.058325004141832e-008	-2.112592e-004
3.063085706924962e-008	-2.300608e-004
3.066231274601415e-008	-2.311140e-004
3.069054551759723e-008	-2.227201e-004
3.071789631884345e-008	-2.072107e-004
3.074828369397650e-008	-1.826165e-004
3.078091788883940e-008	-1.493186e-004
3.081409046814709e-008	-1.099677e-004
3.084275024659373e-008	-7.281992e-005
3.087638533931481e-008	-2.764284e-005
3.090929426994697e-008	1.538816e-005
3.095781158454832e-008	7.290528e-005
3.100168581080014e-008	1.160453e-004
3.103616528115429e-008	1.407542e-004
3.107014706206601e-008	1.554698e-004
3.110174228228213e-008	1.601469e-004
3.113537640559200e-008	1.559266e-004
3.116338254169399e-008	1.453896e-004
3.119188336274346e-008	1.282070e-004
3.122277254307983e-008	1.035974e-004
3.125924252960874e-008	6.879297e-005
3.129672012617069e-008	2.919279e-005
3.133047128297782e-008	-7.582674e-006
3.136558813496299e-008	-4.420103e-005
3.140386321356238e-008	-7.944255e-005
3.143945103715097e-008	-1.054766e-004
3.147410488628540e-008	-1.224702e-004
3.150802696614166e-008	-1.300253e-004
3.153984689983250e-008	-1.283106e-004
3.157037833097794e-008	-1.181769e-004
3.160485451829952e-008	-9.774711e-005
3.163738810791194e-008	-7.105133e-005
3.166703131066911e-008	-4.105484e-005
3.170281958889882e-008	-7.187371e-008
3.173810269045716e-008	4.265501e-005
3.176700576088623e-008	7.761674e-005
3.179652056946770e-008	1.110756e-004
3.183176720009781e-008	1.457201e-004
3.186843294779880e-008	1.737955e-004
3.190036787688590e-008	1.897500e-004
3.192827954210823e-008	1.953338e-004
3.195978511488204e-008	1.919164e-004
3.199015651514373e-008	1.793364e-004
3.201816632352150e-008	1.590988e-004
3.205041391026445e-008	1.266265e-004
3.208173622343198e-008	8.718172e-005
3.211680388533912e-008	3.594391e-005
3.214465634615552e-008	-8.433227e-006
3.217465881691217e-008	-5.795819e-005
3.221306519232839e-008	-1.201296e-004
3.224840870901542e-008	-1.726613e-004
3.228663664852499e-008	-2.201054e-004
3.232778605495010e-008	-2.580054e-004
3.235871384452031e-008	-2.750412e-004
3.238771418331245e-008	-2.796790e-004
3.241824388090228e-008	-2.729996e-004
3.244862539117912e-008	-2.548676e-004
3.247995153798707e-008	-2.249976e-004
3.250769436768347e-008	-1.895578e-004
3.253920711090402e-008	-1.404815e-004
3.257272051389529e-008	-8.116348e-005
3.260321885878666e-008	-2.286315e-005
3.263276193986960e-008	3.495244e-005
3.267954490945180e-008	1.229491e-004
3.272577175596924e-008	1.998845e-004
3.276782469581790e-008	2.557737e-004
3.280126955376650e-008	2.872130e-004
3.282871769383379e-008	3.020931e-004
3.285691802224103e-008	3.065693e-004
3.288537299617809e-008	2.996979e-004
3.292269174449068e-008	2.758755e-004
3.295323649297535e-008	2.448534e-004
3.298611455874553e-008	2.001890e-004
3.302123514114992e-008	1.434177e-004
3.305301174068360e-008	8.634321e-005
3.308302546020020e-008	2.971941e-005
3.312036569839517e-008	-4.044214e-005
3.315675692982011e-008	-1.051119e-004
3.318904215586779e-008	-1.562747e-004
3.322253613144307e-008	-2.004221e-004
3.325671118940995e-008	-2.349164e-004
3.328588450629307e-008	-2.543216e-004
3.331729486344020e-008	-2.640586e-004
3.334780317793398e-008	-2.628493e-004
3.337936692219941e-008	-2.504998e-004
3.341526418346169e-008	-2.250534e-004
3.344554507658384e-008	-1.953292e-004
3.347653626394238e-008	-1.580793e-004
3.351195746926207e-008	-1.103246e-004
3.354403952496995e-008	-6.463822e-005
3.358065045224535e-008	-1.255593e-005
3.361870551306470e-008	3.847171e-005
3.365374659241413e-008	7.988062e-005
3.369217776239844e-008	1.170993e-004
3.372566148214796e-008	1.415255e-004
3.375465883076874e-008	1.554737e-004
3.378365083213867e-008	1.625144e-004
3.381366644753145e-008	1.629709e-004
3.384572437442036e-008	1.565873e-004
3.387747676628221e-008	1.442327e-004
3.390859928379190e-008	1.273020e-004
3.393863769132280e-008	1.075991e-004
3.396796824794167e-008	8.634177e-005
3.399915795200137e-008	6.296092e-005
3.403639638471830e-008	3.581870e-005
3.407390814158141e-008	1.090922e-005
3.410869740973440e-008	-8.574974e-006
3.414457393928954e-008	-2.424132e-005
3.417420634913018e-008	-3.325327e-005
3.420712084291458e-008	-3.898994e-005
3.423766323290058e-008	-4.064092e-005
3.427281882610129e-008	-3.879185e-005
3.430530111282633e-008	-3.443426e-005
3.433496748357007e-008	-2.879896e-005
3.436770064649897e-008	-2.174906e-005
3.439841157525689e-008	-1.521273e-005
3.442801573302053e-008	-9.710468e-006
3.445815453095288e-008	-5.683823e-006
3.449628467408639e-008	-3.321212e-006
3.453178543550628e-008	-4.156551e-006
3.456730725426777e-008	-8.132645e-006
3.459930237664910e-008	-1.421242e-005
3.463283118093581e-008	-2.263044e-005
3.466634877438592e-008	-3.228607e-005
3.469821724738302e-008	-4.179296e-005
3.473046326558598e-008	-5.067118e-005
3.476949451386993e-008	-5.933543e-005
3.480035239031562e-008	-6.350692e-005
3.483578535562272e-008	-6.442484e-005
3.486554184061068e-008	-6.152705e-005
3.489745974526088e-008	-5.424657e-005
3.492633132330296e-008	-4.400362e-005
3.495583657361728e-008	-2.994209e-005
3.498698439893262e-008	-1.165582e-005
3.502473225396638e-008	1.383240e-005
3.505381227067736e-008	3.512988e-005
3.508274137528063e-008	5.690587e-005
3.511765165388548e-008	8.247528e-005
3.514589744625235e-008	1.014379e-004
3.517671528411457e-008	1.187264e-004
3.521540383031650e-008	1.347989e-004
3.524542068615119e-008	1.419579e-004
3.527322278666787e-008	1.430241e-004
3.530321020754843e-008	1.381201e-004
3.533281225394973e-008	1.271640e-004
3.536268469895356e-008	1.099610e-004
3.539262966214807e-008	8.688067e-005
3.542528475493336e-008	5.622155e-005
3.545249692668530e-008	2.698637e-005
3.548360963459737e-008	-9.436252e-006
3.551750975675061e-008	-5.060853e-005
3.555062480365006e-008	-9.047181e-005
3.558255179117518e-008	-1.267032e-004
3.561266944398643e-008	-1.570208e-004
3.564556965466360e-008	-1.843288e-004
3.567583980290952e-008	-2.028857e-004
3.570542866090901e-008	-2.137211e-004
3.573400483289966e-008	-2.175194e-004
3.575084159834296e-008	-2.160415e-004
3.577078408188068e-008	-2.101861e-004
3.579269408807266e-008	-1.994370e-004
3.581884152080100e-008	-1.807076e-004
3.585335921855168e-008	-1.482611e-004
3.588125579414186e-008	-1.161981e-004
3.591289695799879e-008	-7.433866e-005
3.594311317939935e-008	-3.095205e-005
3.597605620399001e-008	1.814248e-005
3.601134673955489e-008	6.996726e-005
3.604948535510459e-008	1.222313e-004
3.608256554154034e-008	1.619860e-004
3.611308186517939e-008	1.916419e-004
3.614621711719114e-008	2.148291e-004
3.617918877294854e-008	2.278054e-004
3.621209680143760e-008	2.298704e-004
3.624514589137627e-008	2.210250e-004
3.627696261913555e-008	2.026760e-004
3.630644782559643e-008	1.775839e-004
3.633575542663539e-008	1.458996e-004
3.636577860441081e-008	1.080845e-004
3.639374810002117e-008	6.925929e-005
3.642932028828779e-008	1.738646e-005
3.645916437141958e-008	-2.610735e-005
3.649531343352424e-008	-7.598615e-005
3.653411664939233e-008	-1.234517e-004
3.656982947886289e-008	-1.589826e-004
3.660415829560863e-008	-1.833942e-004
3.663973535933906e-008	-1.979027e-004
3.667010157266176e-008	-2.009234e-004
3.670037738320030e-008	-1.947991e-004
3.673178440757749e-008	-1.798515e-004
3.676112946794882e-008	-1.588232e-004
3.678700035093454e-008	-1.350867e-004
3.681259298467678e-008	-1.074123e-004
3.684787828522838e-008	-6.496033e-005
3.688752794138012e-008	-1.466135e-005
3.692590778427332e-008	3.382389e-005
3.696229627465540e-008	7.672464e-005
3.699716036123299e-008	1.124864e-004
3.703189935545034e-008	1.412813e-004
3.706150730673030e-008	1.590938e-004
3.709233293908221e-008	1.703519e-004
3.711967398616456e-008	1.739926e-004
3.714673123899759e-008	1.714462e-004
3.717408926783435e-008	1.631224e-004
3.720058017185818e-008	1.497617e-004
3.723182832594784e-008	1.282799e-004
3.726397023176680e-008	1.013538e-004
3.728975424620159e-008	7.672569e-005
3.732155051282520e-008	4.398172e-005
3.735396162481287e-008	9.781032e-006
3.738873886239389e-008	-2.594965e-005
3.743016834091160e-008	-6.525291e-005
3.746134781526015e-008	-9.098398e-005
3.749130893713107e-008	-1.109324e-004
3.752497154157943e-008	-1.274739e-004
3.755629363809743e-008	-1.367627e-004
3.759148036892749e-008	-1.399838e-004
3.762522174527891e-008	-1.363947e-004
3.765760055100257e-008	-1.270916e-004
3.768633097584074e-008	-1.144721e-004
3.771479557083607e-008	-9.850276e-005
3.774289973128281e-008	-8.010934e-005
3.777480657906589e-008	-5.711018e-005
3.780677271440337e-008	-3.291263e-005
3.783638490076350e-008	-1.037003e-005
3.787082542064609e-008	1.495615e-005
3.789991072944209e-008	3.476312e-005
3.793101305428797e-008	5.361318e-005
3.795838940979603e-008	6.776936e-005
3.798620742497892e-008	7.927101e-005
3.801782459210789e-008	8.865492e-005
3.805371314421722e-008	9.489205e-005
3.808422455685677e-008	9.643278e-005
3.811362682216245e-008	9.453615e-005
3.814220329375489e-008	8.988162e-005
3.816936350617163e-008	8.319140e-005
3.819382371337458e-008	7.536935e-005
3.822785737446718e-008	6.239164e-005
3.826058084285764e-008	4.837577e-005
3.829133511602370e-008	3.419722e-005
3.832273693939367e-008	1.926942e-005
3.835191972141538e-008	5.435430e-006
3.837954816406513e-008	-7.275275e-006
3.840630736020000e-008	-1.889713e-005
3.843725177681022e-008	-3.121815e-005
3.846827568471302e-008	-4.209801e-005
3.850261180936476e-008	-5.223616e-005
3.853171285314025e-008	-5.908515e-005
3.855993378088092e-008	-6.392622e-005
3.859098261835253e-008	-6.730284e-005
3.861903803553149e-008	-6.857986e-005
3.864753092277310e-008	-6.795622e-005
3.868453982357450e-008	-6.474160e-005
3.871428527687233e-008	-6.026359e-005
3.874596696156472e-008	-5.358736e-005
3.877569420665751e-008	-4.576851e-005
3.880843899343665e-008	-3.564012e-005
3.883931904429038e-008	-2.489375e-005
3.887323358225509e-008	-1.207468e-005
3.890396988875933e-008	1.238790e-007
3.893051155535907e-008	1.087477e-005
3.896218339381564e-008	2.361087e-005
3.899110633033831e-008	3.483044e-005
3.902053008366729e-008	4.543911e-005
3.905480848775814e-008	5.652813e-005
3.908018264562289e-008	6.358035e-005
3.910406889166582e-008	6.894884e-005
3.913036417507815e-008	7.327346e-005
3.916140657296813e-008	7.617770e-005
3.919324761357594e-008	7.660305e-005
3.922306588420904e-008	7.440236e-005
3.925400034172885e-008	6.937923e-005
3.928525301771669e-008	6.149179e-005
3.932262464223289e-008	4.875518e-005
3.936028908957795e-008	3.310605e-005
3.938409778718093e-008	2.182443e-005
3.940645104177587e-008	1.034240e-005
3.942978337799144e-008	-2.169269e-006
3.945434854798067e-008	-1.561194e-005
3.948189412508453e-008	-3.055854e-005
3.951852986484306e-008	-4.949249e-005
3.955575172630945e-008	-6.668751e-005
3.959602051233763e-008	-8.201183e-005
3.962910378464755e-008	-9.110769e-005
3.966466058335151e-008	-9.658617e-005
3.969778924572375e-008	-9.739479e-005
3.973306543766694e-008	-9.336699e-005
3.976986433479239e-008	-8.395922e-005
3.981062085564088e-008	-6.805176e-005
3.984738010539168e-008	-4.959214e-005
3.987479767398162e-008	-3.351877e-005
3.990118048475678e-008	-1.662202e-005
3.992924167927588e-008	2.138084e-006
3.995653884689235e-008	2.047833e-005
3.999629845348572e-008	4.625925e-005
4.002919680512369e-008	6.580118e-005
4.006086186354076e-008	8.194257e-005
4.009277018880748e-008	9.471299e-005
4.012777259482206e-008	1.041621e-004
4.016084518420679e-008	1.081773e-004
4.019565857457872e-008	1.066394e-004
4.023574026390426e-008	9.821697e-005
4.027179933725718e-008	8.503861e-005
4.030427724208040e-008	6.888742e-005
4.033247285084156e-008	5.216691e-005
4.035475097430315e-008	3.747094e-005
4.038133972942895e-008	1.881344e-005
4.041052311295853e-008	-2.195487e-006
4.043911450376652e-008	-2.251954e-005
4.047559615039472e-008	-4.685177e-005
4.051349226199933e-008	-6.917696e-005
4.054484356613629e-008	-8.400638e-005
4.058186537330099e-008	-9.627546e-005
4.061624225523828e-008	-1.020397e-004
4.065536734666640e-008	-1.014637e-004
4.069501229084406e-008	-9.369792e-005
4.073255385213406e-008	-7.996104e-005
4.076969791212582e-008	-6.118330e-005
4.080336927089992e-008	-4.071419e-005
4.084064717958068e-008	-1.575624e-005
4.087513221066706e-008	7.902781e-006
4.091257190824411e-008	3.274038e-005
4.094114423177970e-008	4.999278e-005
4.097083409786585e-008	6.510782e-005
4.100722053041185e-008	7.930143e-005
4.103958451205970e-008	8.715299e-005
4.107573926877806e-008	8.959683e-005
4.111791825758805e-008	8.505377e-005
4.115152986600116e-008	7.576772e-005
4.118524712480149e-008	6.149707e-005
4.121861349447590e-008	4.366859e-005
4.125433560182978e-008	2.179705e-005
4.129483246665632e-008	-4.410871e-006
4.133436767383993e-008	-2.940923e-005
4.137223275232799e-008	-5.085670e-005
4.140947604825737e-008	-6.789008e-005
4.144458412572401e-008	-7.887234e-005
4.148205669037514e-008	-8.423797e-005
4.151996713867125e-008	-8.257645e-005
4.156150702210151e-008	-7.315962e-005
4.159448058129772e-008	-6.022913e-005
4.163044675409164e-008	-4.117496e-005
4.166853420716197e-008	-1.741850e-005
4.170415230183341e-008	6.660391e-006
4.173529178726072e-008	2.796997e-005
4.176381872716233e-008	4.647944e-005
4.179817776594960e-008	6.633549e-005
4.182861578776987e-008	8.057928e-005
4.186466244158867e-008	9.215211e-005
4.190150491955573e-008	9.815107e-005
4.192670132780292e-008	9.783840e-005
4.196061654239489e-008	9.151939e-005
4.199360542254596e-008	7.991384e-005
4.203083719019003e-008	6.080089e-005
4.206912810673287e-008	3.612874e-005
4.210543348622644e-008	9.447858e-006
4.214339965270616e-008	-1.982554e-005
4.218588121284389e-008	-5.143223e-005
4.222883499852383e-008	-8.000273e-005
4.225758183392379e-008	-9.546772e-005
4.229164428569186e-008	-1.082071e-004
4.233030905152225e-008	-1.155217e-004
4.236690943551037e-008	-1.146468e-004
4.240713142475647e-008	-1.049631e-004
4.244412964214088e-008	-8.881343e-005
4.247823400245491e-008	-6.846786e-005
4.250533046439155e-008	-4.920747e-005
4.253060249185476e-008	-2.933477e-005
4.256118485715669e-008	-4.086344e-006
4.259107835454351e-008	2.067419e-005
4.262728960298837e-008	4.923046e-005
4.266470902312953e-008	7.573584e-005
4.269407756085464e-008	9.287814e-005
4.273005346754851e-008	1.085742e-004
4.275842891564460e-008	1.164792e-004
4.278578188004012e-008	1.190681e-004
4.282591086343835e-008	1.153459e-004
4.286250130968788e-008	1.051500e-004
4.289583984856240e-008	8.992817e-005
4.293206956059802e-008	6.826665e-005
4.296735643861023e-008	4.358283e-005
4.300406740590337e-008	1.572416e-005
4.303927075528337e-008	-1.134636e-005
4.307737255431998e-008	-3.918112e-005
4.311478338100489e-008	-6.336605e-005
4.315101023270408e-008	-8.232550e-005
4.318734954352280e-008	-9.633793e-005
4.321236688648177e-008	-1.024496e-004
4.323762739122828e-008	-1.049185e-004
4.327182154616315e-008	-1.031492e-004
4.331117459974871e-008	-9.499002e-005
4.334941439252967e-008	-8.131100e-005
4.338728102136157e-008	-6.300750e-005
4.342774017721053e-008	-3.996228e-005
4.346431314500629e-008	-1.750715e-005
4.349960528927895e-008	4.326091e-006
4.353410187813624e-008	2.455442e-005
4.356945100498752e-008	4.303121e-005
4.360580320862689e-008	5.879004e-005
4.364113028311885e-008	7.020077e-005
4.367857877342596e-008	7.766282e-005
4.371572606476966e-008	8.022508e-005
4.375528769032746e-008	7.797055e-005
4.379039084885262e-008	7.191343e-005
4.383046650401010e-008	6.106224e-005
4.386893760138524e-008	4.780744e-005
4.390857253382333e-008	3.220939e-005
4.394370943101973e-008	1.764339e-005
4.398189124825612e-008	1.966331e-006
4.401944108070399e-008	-1.239786e-005
4.406081818150065e-008	-2.625380e-005
4.409960394566675e-008	-3.672582e-005
4.414199549291998e-008	-4.496918e-005
4.418159164179869e-008	-4.957388e-005
4.421879055982542e-008	-5.105324e-005
4.425548920148937e-008	-4.999504e-005
4.429074172013350e-008	-4.687123e-005
4.432720299442431e-008	-4.177258e-005
4.436785240422473e-008	-3.443284e-005
4.440744317275456e-008	-2.612312e-005
4.444877154791574e-008	-1.675237e-005
4.448533947384980e-008	-8.329415e-006
4.452848697654159e-008	1.251960e-006
4.457097290070411e-008	9.831573e-006
4.461704993773526e-008	1.784825e-005
4.465090863966850e-008	2.261293e-005
4.468557071423124e-008	2.624609e-005
4.472037086034492e-008	2.862381e-005
4.475776722338457e-008	2.975205e-005
4.479490638393800e-008	2.947421e-005
4.482973642769579e-008	2.796806e-005
4.486471557437970e-008	2.529826e-005
4.490652224628503e-008	2.096521e-005
4.493743729303340e-008	1.708828e-005
4.497603597457147e-008	1.165602e-005
4.501336318490171e-008	6.155743e-006
4.505346217741719e-008	2.822711e-007
4.508786610649973e-008	-4.421012e-006
4.512834317942523e-008	-9.259745e-006
4.516493449579264e-008	-1.276369e-005
4.520346991106604e-008	-1.532865e-005
4.524223652602251e-008	-1.671100e-005
4.527678908288895e-008	-1.688017e-005
4.531011398992772e-008	-1.609085e-005
4.534566848055359e-008	-1.437284e-005
4.538250814514332e-008	-1.186845e-005
4.541792999017850e-008	-8.979725e-006
4.546028559705918e-008	-5.300062e-006
4.550713697079280e-008	-1.405361e-006
4.554431135226608e-008	1.234492e-006
4.557987405005263e-008	3.094153e-006
4.561835428634051e-008	4.241936e-006
4.565811946012024e-008	4.481038e-006
4.569450754399184e-008	3.844960e-006
4.573767663186416e-008	2.259322e-006
4.577420696994016e-008	4.662118e-007
4.580859805066026e-008	-1.391323e-006
4.584261555126131e-008	-3.111475e-006
4.587757051371454e-008	-4.504576e-006
4.591109712334023e-008	-5.276132e-006
4.594294707183550e-008	-5.301829e-006
4.597828268582224e-008	-4.394846e-006
4.601812589684009e-008	-2.247169e-006
4.605639125656003e-008	8.370142e-007
4.609033143765639e-008	4.309660e-006
4.612569408668442e-008	8.400587e-006
4.616516648019876e-008	1.305823e-005
4.620773838290481e-008	1.767247e-005
4.624256363898773e-008	2.066957e-005
4.627754705277468e-008	2.264249e-005
4.630129109725355e-008	2.322751e-005
4.632090687607267e-008	2.305605e-005
4.634557260005805e-008	2.202469e-005
4.637105951643643e-008	2.001768e-005
4.640250816425700e-008	1.629008e-005
4.643126036946168e-008	1.178738e-005
4.645739903218716e-008	6.784231e-006
4.648642373962718e-008	4.367096e-007
4.651416287288116e-008	-6.158858e-006
4.654819425837409e-008	-1.454452e-005
4.658485741867652e-008	-2.332371e-005
4.662457413183702e-008	-3.187455e-005
4.665914102831366e-008	-3.781995e-005
4.669607858048748e-008	-4.181419e-005
4.674046212554410e-008	-4.314624e-005
4.678043323776451e-008	-4.093675e-005
4.681351587582490e-008	-3.630429e-005
4.684585946374663e-008	-2.939362e-005
4.687679485549344e-008	-2.091358e-005
4.690775516832686e-008	-1.092193e-005
4.694300353342420e-008	1.617190e-006
4.698033210941935e-008	1.539184e-005
4.701558491602705e-008	2.805612e-005
4.705055790954484e-008	3.933095e-005
4.709097329326944e-008	4.978425e-005
4.713163079299067e-008	5.681988e-005
4.716739657401094e-008	5.919810e-005
4.720879959457596e-008	5.728778e-005
4.724434838685677e-008	5.171099e-005
4.728109580036096e-008	4.210925e-005
4.731866963413087e-008	2.915787e-005
4.734935480350777e-008	1.667059e-005
4.738016951410032e-008	2.939780e-006
4.741042272475573e-008	-1.090013e-005
4.745218917120374e-008	-2.924439e-005
4.749805855275244e-008	-4.692856e-005
4.753986471147038e-008	-5.917350e-005
4.758377627220538e-008	-6.673016e-005
4.762427478774737e-008	-6.802261e-005
4.766966725785020e-008	-6.305299e-005
4.770612798001175e-008	-5.438899e-005
4.774109228960567e-008	-4.222651e-005
4.777886527621647e-008	-2.601233e-005
4.781913926223270e-008	-6.631413e-006
4.785088561813511e-008	9.287803e-006
4.788650549586904e-008	2.675830e-005
4.791924801713534e-008	4.144326e-005
4.795433492370228e-008	5.479760e-005
4.798752702233162e-008	6.414080e-005
4.803205066542706e-008	7.110328e-005
4.807469183186357e-008	7.177486e-005
4.811441894410335e-008	6.655663e-005
4.815397352822339e-008	5.607766e-005
4.819522400292885e-008	4.058518e-005
4.823711004013117e-008	2.151603e-005
4.827489995815078e-008	2.663940e-006
4.830985068394395e-008	-1.503644e-005
4.834198899819010e-008	-3.055365e-005
4.837258518084745e-008	-4.383644e-005
4.840389799033409e-008	-5.513979e-005
4.844067677287148e-008	-6.491939e-005
4.847755436151679e-008	-7.036430e-005
4.851939926277855e-008	-7.109563e-005
4.855597650721098e-008	-6.691398e-005
4.859541618643532e-008	-5.768842e-005
4.862793164576949e-008	-4.697635e-005
4.865870083149091e-008	-3.456805e-005
4.869265631571032e-008	-1.926378e-005
4.872693920299611e-008	-3.037202e-006
4.876325735340442e-008	1.403976e-005
4.879649263733736e-008	2.873270e-005
4.882638438374773e-008	4.042018e-005
4.885943486673405e-008	5.112738e-005
4.888918756989605e-008	5.806384e-005
4.893415036796437e-008	6.348210e-005
4.898006198172440e-008	6.311576e-005
4.902889010672440e-008	5.660924e-005
4.905978338444556e-008	4.920976e-005
4.909785882254429e-008	3.697888e-005
4.913603577463190e-008	2.279556e-005
4.917041746734995e-008	9.067369e-006
4.920861228547209e-008	-6.207536e-006
4.924713246663062e-008	-2.071383e-005
4.927782727244330e-008	-3.089935e-005
4.931180560017753e-008	-4.011585e-005
4.934544905404060e-008	-4.689891e-005
4.937609223377585e-008	-5.038921e-005
4.942408242608328e-008	-5.118906e-005
4.946956190823952e-008	-4.736000e-005
4.951839003323952e-008	-3.860842e-005
4.956284686926650e-008	-2.750469e-005
4.961167499426650e-008	-1.327621e-005
4.964371439332398e-008	-3.544756e-006
4.967882793490259e-008	6.816769e-006
4.971006101019032e-008	1.520954e-005
4.974446680728870e-008	2.310051e-005
4.977787005424455e-008	2.917556e-005
4.980700271761691e-008	3.289138e-005
4.983878762093777e-008	3.510636e-005
4.987306475695776e-008	3.529275e-005
4.992189288195776e-008	3.230312e-005
4.996906159894459e-008	2.670859e-005
5.000000000000000e-008	2.183667e-005
