time	V(-1)
0.000000000000000e+000	0.000000e+000
4.882812480489244e-016	0.000000e+000
9.765624960978488e-016	0.000000e+000
2.286551330149107e-012	0.000000e+000
4.572126097802116e-012	0.000000e+000
6.857700865455125e-012	0.000000e+000
9.143275633108134e-012	0.000000e+000
1.142885040076114e-011	0.000000e+000
1.371442516841415e-011	0.000000e+000
1.599999993606716e-011	0.000000e+000
3.199999987213431e-011	0.000000e+000
4.743854186629217e-011	0.000000e+000
6.110252927687477e-011	0.000000e+000
7.398508686009549e-011	0.000000e+000
8.773602691301608e-011	0.000000e+000
1.021942483524313e-010	0.000000e+000
1.198170629797411e-010	0.000000e+000
1.397913435918970e-010	0.000000e+000
1.640270740559593e-010	0.000000e+000
1.872030253149590e-010	0.000000e+000
2.080890674816307e-010	0.000000e+000
2.315954604549498e-010	0.000000e+000
2.557183990020949e-010	0.000000e+000
2.838690400293319e-010	0.000000e+000
3.142307314492586e-010	0.000000e+000
3.415507190778831e-010	0.000000e+000
3.693955654209051e-010	0.000000e+000
3.989742754312637e-010	0.000000e+000
4.311735247301817e-010	0.000000e+000
4.662974884432834e-010	0.000000e+000
5.000000000000000e-010	0.000000e+000
5.033702511556717e-010	0.000000e+000
5.101107534670150e-010	0.000000e+000
5.235917580897016e-010	0.000000e+000
5.456696016500939e-010	0.000000e+000
5.835555816329480e-010	0.000000e+000
6.178817657727088e-010	0.000000e+000
6.566182488105294e-010	0.000000e+000
6.928974450748662e-010	0.000000e+000
7.317937622755487e-010	0.000000e+000
7.720255577329074e-010	0.000000e+000
8.159468453905301e-010	0.000000e+000
8.554459713996730e-010	0.000000e+000
8.999251093914389e-010	0.000000e+000
9.420157865303579e-010	0.000000e+000
9.901291391467773e-010	0.000000e+000
1.038608630932216e-009	0.000000e+000
1.082979098449796e-009	0.000000e+000
1.131678243073560e-009	0.000000e+000
1.180506368073560e-009	0.000000e+000
1.229334493073560e-009	0.000000e+000
1.276928956672799e-009	0.000000e+000
1.325757081672799e-009	0.000000e+000
1.374585206672799e-009	0.000000e+000
1.423413331672799e-009	0.000000e+000
1.451171875000000e-009	0.000000e+000
1.500000000000000e-009	0.000000e+000
1.504882812500000e-009	0.000000e+000
1.514648437500000e-009	0.000000e+000
1.534179687500000e-009	0.000000e+000
1.571758066237037e-009	0.000000e+000
1.620586191237037e-009	0.000000e+000
1.669414316237037e-009	0.000000e+000
1.718242441237037e-009	0.000000e+000
1.767070566237037e-009	0.000000e+000
1.815898691237037e-009	0.000000e+000
1.864726816237037e-009	0.000000e+000
1.913554941237037e-009	0.000000e+000
1.951171875000000e-009	0.000000e+000
2.000000000000000e-009	0.000000e+000
2.000220000000000e-009	0.000000e+000
2.000660000000000e-009	0.000000e+000
2.006820000000000e-009	0.000000e+000
2.013860000000000e-009	0.000000e+000
2.027940000000000e-009	0.000000e+000
2.056100000000000e-009	0.000000e+000
2.104928125000000e-009	0.000000e+000
2.153756250000000e-009	0.000000e+000
2.196456270186177e-009	0.000000e+000
2.240895441761159e-009	0.000000e+000
2.287178778573629e-009	0.000000e+000
2.332818323021285e-009	0.000000e+000
2.378867636435150e-009	0.000000e+000
2.424092959732603e-009	0.000000e+000
2.468415358532786e-009	0.000000e+000
2.510855771169545e-009	0.000000e+000
2.551531859822194e-009	0.000000e+000
2.590209042077042e-009	0.000000e+000
2.619584894537158e-009	0.000000e+000
2.635333663575246e-009	0.000000e+000
2.652284130738110e-009	0.000000e+000
2.669777878272420e-009	0.000000e+000
2.695511084002619e-009	0.000000e+000
2.725413358516877e-009	0.000000e+000
2.763741666808027e-009	0.000000e+000
2.796538403257347e-009	0.000000e+000
2.825499383966397e-009	0.000000e+000
2.853664092982749e-009	0.000000e+000
2.888728023305718e-009	0.000000e+000
2.929773642294619e-009	0.000000e+000
2.973114375866104e-009	0.000000e+000
3.009663912906128e-009	0.000000e+000
3.034890599574782e-009	0.000000e+000
3.059612188965949e-009	0.000000e+000
3.083106199127127e-009	0.000000e+000
3.121234846455583e-009	0.000000e+000
3.163473826429800e-009	0.000000e+000
3.204339536784946e-009	0.000000e+000
3.249865330361460e-009	0.000000e+000
3.289666060654652e-009	0.000000e+000
3.316519166956840e-009	0.000000e+000
3.343401458757429e-009	0.000000e+000
3.372580970133362e-009	0.000000e+000
3.405361888672637e-009	0.000000e+000
3.450003876312440e-009	0.000000e+000
3.492498153880853e-009	0.000000e+000
3.532111973827608e-009	0.000000e+000
3.560450171347113e-009	0.000000e+000
3.592075686232434e-009	0.000000e+000
3.616994686993245e-009	0.000000e+000
3.651275958536336e-009	0.000000e+000
3.683001861064377e-009	0.000000e+000
3.731829986064377e-009	0.000000e+000
3.775105156710198e-009	0.000000e+000
3.805042480262184e-009	0.000000e+000
3.834335897835481e-009	0.000000e+000
3.866728877974676e-009	0.000000e+000
3.892858823280595e-009	0.000000e+000
3.920734167272959e-009	0.000000e+000
3.954756351277484e-009	0.000000e+000
3.989599912049481e-009	0.000000e+000
4.024833039846558e-009	0.000000e+000
4.059889946207655e-009	0.000000e+000
4.094577800645604e-009	0.000000e+000
4.128252154301682e-009	0.000000e+000
4.155495990969158e-009	0.000000e+000
4.182027125484241e-009	0.000000e+000
4.210891550441181e-009	0.000000e+000
4.246607191711415e-009	0.000000e+000
4.278879687512160e-009	0.000000e+000
4.304532008559867e-009	0.000000e+000
4.334652333391676e-009	0.000000e+000
4.369060558111702e-009	0.000000e+000
4.399331474911717e-009	0.000000e+000
4.431068868911177e-009	0.000000e+000
4.461431433632555e-009	0.000000e+000
4.491861889470252e-009	0.000000e+000
4.525072100602009e-009	0.000000e+000
4.564159230490788e-009	0.000000e+000
4.593092315946451e-009	0.000000e+000
4.625402935228782e-009	0.000000e+000
4.658021554137115e-009	0.000000e+000
4.688912779343390e-009	0.000000e+000
4.722734770265672e-009	0.000000e+000
4.757543100445481e-009	0.000000e+000
4.791828636996805e-009	1.401298e-045
4.824735018115082e-009	1.401298e-045
4.861257444068124e-009	4.203895e-045
4.889032488836512e-009	8.407791e-045
4.915794686127974e-009	1.401298e-044
4.941918057585614e-009	2.242078e-044
4.972908195810899e-009	4.624285e-044
5.012876682507850e-009	1.121039e-043
5.055679810408397e-009	2.718519e-043
5.095723275170756e-009	6.249791e-043
5.136959219702610e-009	1.359260e-042
5.163884945091919e-009	2.260294e-042
5.190424201157681e-009	3.824144e-042
5.217443414798082e-009	6.961651e-042
5.260649295803393e-009	1.749241e-041
5.302608165385038e-009	4.038542e-041
5.344247200165509e-009	9.051968e-041
5.382294506496559e-009	1.871995e-040
5.418405492811266e-009	3.634268e-040
5.447135666522382e-009	6.153228e-040
5.474128745386698e-009	1.079367e-039
5.516715296675230e-009	2.516981e-039
5.555169774292263e-009	5.155214e-039
5.592685256767051e-009	1.047934e-038
5.631226665029628e-009	2.193501e-038
5.672568692736383e-009	4.528558e-038
5.701247120287160e-009	7.501182e-038
5.731186441566079e-009	1.302794e-037
5.763207294675049e-009	2.406538e-037
5.803313334232740e-009	5.080993e-037
5.842373240425447e-009	1.029653e-036
5.881831347512138e-009	2.093673e-036
5.921092616049509e-009	4.052787e-036
5.949918412366396e-009	6.558527e-036
5.976759198849937e-009	1.058431e-035
6.009905985628023e-009	1.914477e-035
6.044195822221271e-009	3.531350e-035
6.083008763595334e-009	7.117307e-035
6.126128536417456e-009	1.497012e-034
6.165741371331412e-009	2.790157e-034
6.191079760326362e-009	4.272037e-034
6.225607475494280e-009	7.694495e-034
6.256953163820065e-009	1.281675e-033
6.285936497829450e-009	2.127860e-033
6.326627429729861e-009	4.370984e-033
6.371071807890292e-009	9.108083e-033
6.411702269507474e-009	1.697587e-032
6.440690040461168e-009	2.667830e-032
6.470321226209054e-009	4.271684e-032
6.497741401274948e-009	6.572098e-032
6.523943742621578e-009	9.980570e-032
6.552482662759891e-009	1.613715e-031
6.592003320290707e-009	2.971242e-031
6.617615307508814e-009	4.396314e-031
6.647762641999502e-009	7.041727e-031
6.675424896901906e-009	1.078997e-030
6.704075054030950e-009	1.696978e-030
6.737245470122545e-009	2.876346e-030
6.774002667039039e-009	5.022406e-030
6.805242646097521e-009	8.007505e-030
6.835895543748109e-009	1.281352e-029
6.869809144502544e-009	2.141784e-029
6.902271493321620e-009	3.515522e-029
6.939299253501957e-009	6.045668e-029
6.968113280014944e-009	9.151953e-029
6.996189189321534e-009	1.380902e-028
7.023979352692296e-009	2.069216e-028
7.050697457048326e-009	3.093823e-028
7.085543284967894e-009	5.175080e-028
7.117480533764368e-009	8.295836e-028
7.155593054879483e-009	1.465212e-027
7.196324750728431e-009	2.580798e-027
7.226599044184507e-009	3.903413e-027
7.254621908757386e-009	5.776762e-027
7.282231321534348e-009	8.478453e-027
7.307707795644764e-009	1.208406e-026
7.333892249061823e-009	1.751756e-026
7.364317306499896e-009	2.716976e-026
7.400783056766319e-009	4.640437e-026
7.445809771987626e-009	8.450017e-026
7.473996220437338e-009	1.230621e-025
7.507477260239591e-009	1.980520e-025
7.547752903768484e-009	3.430486e-025
7.584019477025871e-009	5.547223e-025
7.618691981080978e-009	8.769593e-025
7.651232309816549e-009	1.388413e-024
7.699096121830705e-009	2.577550e-024
7.727062829320948e-009	3.691165e-024
7.762716100801760e-009	5.977066e-024
7.801587017982260e-009	9.737847e-024
7.828381044167636e-009	1.357416e-023
7.854007847364330e-009	1.880372e-023
7.879191569529770e-009	2.653222e-023
7.922660525360661e-009	4.752115e-023
7.964879786345955e-009	7.969299e-023
7.997658216622186e-009	1.189524e-022
8.029447008004973e-009	1.782841e-022
8.067176690445884e-009	2.840083e-022
8.098075006513738e-009	4.122986e-022
8.127610627714534e-009	5.907523e-022
8.156251169489967e-009	8.556430e-022
8.200914805080591e-009	1.474835e-021
8.232192182107606e-009	2.130370e-021
8.264972097012072e-009	3.190850e-021
8.303723769191846e-009	5.115892e-021
8.342671748376452e-009	7.978336e-021
8.368602139763655e-009	1.070685e-020
8.393092632309361e-009	1.426519e-020
8.419029284726066e-009	1.963705e-020
8.459546555745073e-009	3.159253e-020
8.489917569364528e-009	4.489236e-020
8.527083443951113e-009	6.982867e-020
8.567908749416069e-009	1.116217e-019
8.605877488579410e-009	1.690471e-019
8.632867918204753e-009	2.271233e-019
8.658531610551706e-009	3.046609e-019
8.691384130874417e-009	4.444897e-019
8.726937779079611e-009	6.620372e-019
8.761838459692423e-009	9.727488e-019
8.795385400282964e-009	1.405569e-018
8.828553417285096e-009	2.030772e-018
8.865860558409868e-009	3.025799e-018
8.893204510359319e-009	4.039253e-018
8.920546327481094e-009	5.439750e-018
8.951902775968033e-009	7.635866e-018
8.983071782091755e-009	1.056923e-017
9.006819289981274e-009	1.355440e-017
9.032706072652606e-009	1.805576e-017
9.072744999001824e-009	2.800298e-017
9.114305388120606e-009	4.258913e-017
9.141040014852273e-009	5.606442e-017
9.175404298262660e-009	8.004304e-017
9.204340581829608e-009	1.076658e-016
9.236486352961862e-009	1.493636e-016
9.264572438605379e-009	1.981284e-016
9.292206514779323e-009	2.642502e-016
9.330412354670735e-009	3.941102e-016
9.372701579623408e-009	5.948270e-016
9.400262064192139e-009	7.771452e-016
9.430203791534547e-009	1.046008e-015
9.459525834464677e-009	1.398558e-015
9.491784294697978e-009	1.916711e-015
9.520715142988389e-009	2.534977e-015
9.549475319540328e-009	3.373211e-015
9.587363728212320e-009	4.922745e-015
9.629717043608841e-009	7.318033e-015
9.658390195937127e-009	9.590790e-015
9.693916602135075e-009	1.350587e-014
9.730330310961731e-009	1.893040e-014
9.759877081716367e-009	2.487205e-014
9.790206877836835e-009	3.309154e-014
9.824610019402726e-009	4.603345e-014
9.869126118876483e-009	6.976698e-014
9.910319481517738e-009	1.008482e-013
9.944965306923500e-009	1.375675e-013
9.979828551877215e-009	1.873123e-013
1.000732376017688e-008	2.386774e-013
1.003471127699438e-008	3.044363e-013
1.006160981066503e-008	3.888292e-013
1.009964068141672e-008	5.493176e-013
1.014026158224691e-008	7.801150e-013
1.017189529158705e-008	1.026792e-012
1.020951558503147e-008	1.423996e-012
1.024398416005948e-008	1.901034e-012
1.027018406131638e-008	2.371248e-012
1.029821223308538e-008	3.012439e-012
1.032721096990009e-008	3.872670e-012
1.036592593633539e-008	5.408490e-012
1.040728337714284e-008	7.571163e-012
1.043394844541289e-008	9.427683e-012
1.046873629991742e-008	1.264197e-011
1.050663540589590e-008	1.718937e-011
1.053677339313713e-008	2.192977e-011
1.056999458161168e-008	2.873025e-011
1.060284866073662e-008	3.765067e-011
1.064612049974286e-008	5.345019e-011
1.068615445985453e-008	7.325839e-011
1.072491531008171e-008	9.884162e-011
1.075579055448224e-008	1.256071e-010
1.079003995943789e-008	1.635239e-010
1.081760440483439e-008	2.018311e-010
1.084604042444471e-008	2.525625e-010
1.088692691794099e-008	3.460094e-010
1.092138957323215e-008	4.463773e-010
1.094906960723064e-008	5.486081e-010
1.097795291030081e-008	6.821386e-010
1.101026524368281e-008	8.677344e-010
1.104051117018938e-008	1.081740e-009
1.106555347161060e-008	1.298349e-009
1.109128841847876e-008	1.566950e-009
1.111657491705076e-008	1.889267e-009
1.115126220227066e-008	2.426686e-009
1.117641368167718e-008	2.905031e-009
1.120727897357712e-008	3.629133e-009
1.123790238191269e-008	4.507710e-009
1.126691284299891e-008	5.552788e-009
1.130659283550263e-008	7.328382e-009
1.133477276656875e-008	8.880919e-009
1.136125578228789e-008	1.066395e-008
1.138836736202205e-008	1.286205e-008
1.141743474601068e-008	1.570466e-008
1.144692975290286e-008	1.919818e-008
1.147667015157878e-008	2.350937e-008
1.151038147131356e-008	2.951851e-008
1.154343494314746e-008	3.675732e-008
1.157392145511795e-008	4.490283e-008
1.160148345117563e-008	5.384140e-008
1.163208763989258e-008	6.576916e-008
1.165979665624840e-008	7.857370e-008
1.168279698430948e-008	9.120532e-008
1.171190335455247e-008	1.102570e-007
1.174408392404022e-008	1.358661e-007
1.178316955460821e-008	1.746085e-007
1.182355981548858e-008	2.239436e-007
1.185035233263047e-008	2.639469e-007
1.187913845991800e-008	3.157649e-007
1.190984285870908e-008	3.815105e-007
1.193987798708573e-008	4.584478e-007
1.197141963440050e-008	5.556318e-007
1.200481073821632e-008	6.797189e-007
1.203827903404286e-008	8.316509e-007
1.207732770588024e-008	1.045517e-006
1.210405881371295e-008	1.220848e-006
1.213297540824593e-008	1.447280e-006
1.216550902320995e-008	1.748419e-006
1.219671874721132e-008	2.090986e-006
1.222717193292315e-008	2.488552e-006
1.225950658528203e-008	2.996149e-006
1.229952437662400e-008	3.760962e-006
1.234082185239705e-008	4.710407e-006
1.236689124242159e-008	5.428315e-006
1.239771905839636e-008	6.430698e-006
1.242825033840124e-008	7.589254e-006
1.245924767326516e-008	8.970409e-006
1.249155997640734e-008	1.065832e-005
1.252246715617413e-008	1.257128e-005
1.256126848913749e-008	1.546288e-005
1.260564113273325e-008	1.940938e-005
1.263492476611055e-008	2.249116e-005
1.266196176381696e-008	2.579365e-005
1.268707418264057e-008	2.931955e-005
1.272106796673704e-008	3.482046e-005
1.275362704005960e-008	4.095492e-005
1.278970094008536e-008	4.898679e-005
1.282950242697059e-008	5.949679e-005
1.286830240252373e-008	7.157188e-005
1.289896277845042e-008	8.270582e-005
1.292847072464519e-008	9.501158e-005
1.295553256026428e-008	1.078301e-004
1.298431272248560e-008	1.233288e-004
1.301646812326472e-008	1.431459e-004
1.305256249989941e-008	1.688119e-004
1.308890889124696e-008	1.989380e-004
1.312896845035733e-008	2.375007e-004
1.316121282681374e-008	2.733217e-004
1.319311731913471e-008	3.137742e-004
1.322117840338319e-008	3.537817e-004
1.324713644030460e-008	3.951481e-004
1.327444020029435e-008	4.440399e-004
1.331161001914715e-008	5.190498e-004
1.334450608590836e-008	5.934169e-004
1.336699590967906e-008	6.502947e-004
1.339475183392947e-008	7.282774e-004
1.342521917329405e-008	8.232275e-004
1.345680246605099e-008	9.334504e-004
1.349145660992145e-008	1.068443e-003
1.351835835248365e-008	1.184699e-003
1.354382418904830e-008	1.307219e-003
1.358036837729976e-008	1.501487e-003
1.360814372330618e-008	1.664523e-003
1.363589033298741e-008	1.844416e-003
1.366435103737480e-008	2.046862e-003
1.369363867677199e-008	2.275964e-003
1.372584722602652e-008	2.553191e-003
1.375638971774959e-008	2.842601e-003
1.378757154087968e-008	3.167101e-003
1.381629774388751e-008	3.494997e-003
1.384858001719186e-008	3.896280e-003
1.387224305042503e-008	4.214974e-003
1.389808650537288e-008	4.591873e-003
1.392792499749363e-008	5.061386e-003
1.395657247274795e-008	5.549668e-003
1.398796137214811e-008	6.128512e-003
1.401487491703371e-008	6.663701e-003
1.404195213448441e-008	7.242293e-003
1.406774196358961e-008	7.834822e-003
1.410174601943122e-008	8.671580e-003
1.412542961232890e-008	9.296454e-003
1.415639628310460e-008	1.017479e-002
1.418975196988224e-008	1.118875e-002
1.422124256872749e-008	1.221702e-002
1.425266564600502e-008	1.331577e-002
1.428188660634717e-008	1.440530e-002
1.431100775374500e-008	1.556079e-002
1.434225378314316e-008	1.687959e-002
1.437672519729439e-008	1.842459e-002
1.440691659840688e-008	1.985918e-002
1.443734400177192e-008	2.138610e-002
1.446504866804961e-008	2.284740e-002
1.449325983659510e-008	2.441199e-002
1.452934814005782e-008	2.650797e-002
1.455521860846170e-008	2.808071e-002
1.458757682620705e-008	3.013823e-002
1.462052441354713e-008	3.231547e-002
1.464491671267881e-008	3.398980e-002
1.467654115380710e-008	3.623674e-002
1.470531063712847e-008	3.834929e-002
1.474261958943052e-008	4.118175e-002
1.478009903271036e-008	4.411185e-002
1.480872250511126e-008	4.640970e-002
1.484033445099715e-008	4.900451e-002
1.487473901450209e-008	5.187869e-002
1.490655181997750e-008	5.457480e-002
1.493885343062408e-008	5.734121e-002
1.497316713234304e-008	6.029745e-002
1.500599160744948e-008	6.312923e-002
1.503741059827203e-008	6.583101e-002
1.506617003865862e-008	6.828482e-002
1.509498320121855e-008	7.071403e-002
1.512163913974065e-008	7.292426e-002
1.515107355944667e-008	7.531428e-002
1.517708188669239e-008	7.737303e-002
1.520283982830996e-008	7.934958e-002
1.523021371901917e-008	8.136661e-002
1.526699317085468e-008	8.393577e-002
1.530379356037125e-008	8.634599e-002
1.533101260865638e-008	8.798699e-002
1.536643015803598e-008	8.993217e-002
1.539436025436561e-008	9.131139e-002
1.542352272201666e-008	9.257385e-002
1.545367084222974e-008	9.368778e-002
1.548539263823172e-008	9.462828e-002
1.552316973184023e-008	9.543266e-002
1.556308742604172e-008	9.593353e-002
1.559338443784004e-008	9.603358e-002
1.562741953901342e-008	9.584638e-002
1.565454196907000e-008	9.547437e-002
1.568291047968408e-008	9.484795e-002
1.571388379440935e-008	9.391462e-002
1.574266090298543e-008	9.279590e-002
1.577989966948893e-008	9.102476e-002
1.580845888781068e-008	8.942699e-002
1.583707038738068e-008	8.758856e-002
1.586762922142083e-008	8.539435e-002
1.589737135291271e-008	8.304188e-002
1.592671130294685e-008	8.051910e-002
1.595436898756564e-008	7.795904e-002
1.598717432379587e-008	7.471380e-002
1.602259392684545e-008	7.100638e-002
1.605058604852785e-008	6.793667e-002
1.607331723485693e-008	6.534959e-002
1.609915346028500e-008	6.232271e-002
1.612824873410212e-008	5.883019e-002
1.616077737871989e-008	5.484588e-002
1.619052631634943e-008	5.114776e-002
1.621888602771123e-008	4.759060e-002
1.624843694114589e-008	4.387325e-002
1.627942111769433e-008	3.998538e-002
1.630682887241239e-008	3.657236e-002
1.633346807832327e-008	3.329588e-002
1.636038462725906e-008	3.004475e-002
1.639348158494332e-008	2.614561e-002
1.642789008612435e-008	2.222190e-002
1.646112214244218e-008	1.857537e-002
1.648732513121526e-008	1.581899e-002
1.651265824759295e-008	1.328270e-002
1.654867765841169e-008	9.861495e-003
1.657520985757476e-008	7.491229e-003
1.660602676975020e-008	4.920995e-003
1.663284633933448e-008	2.839196e-003
1.666200759621769e-008	7.563352e-004
1.669463104498536e-008	-1.370754e-003
1.672504391831363e-008	-3.163794e-003
1.675251458789484e-008	-4.616492e-003
1.677970429400838e-008	-5.890919e-003
1.681374378459613e-008	-7.298784e-003
1.683727527741814e-008	-8.145891e-003
1.686594253412400e-008	-9.027909e-003
1.689525327878341e-008	-9.792350e-003
1.692335741259441e-008	-1.039149e-002
1.695579418263442e-008	-1.093534e-002
1.698793143579812e-008	-1.133984e-002
1.701700137126394e-008	-1.159372e-002
1.704632344610169e-008	-1.174759e-002
1.707978285111829e-008	-1.182341e-002
1.710612775137203e-008	-1.181536e-002
1.713117955827227e-008	-1.174829e-002
1.716609205317600e-008	-1.158254e-002
1.719981054255049e-008	-1.136020e-002
1.722817757000213e-008	-1.112506e-002
1.725910831325052e-008	-1.082554e-002
1.728645353691398e-008	-1.052836e-002
1.731609680809383e-008	-1.017383e-002
1.734679323161511e-008	-9.776326e-003
1.737610185796278e-008	-9.368864e-003
1.740550741647342e-008	-8.933480e-003
1.743258087506998e-008	-8.507550e-003
1.746693004102013e-008	-7.934941e-003
1.749616806928911e-008	-7.418832e-003
1.752769579476453e-008	-6.829862e-003
1.755675155540329e-008	-6.257935e-003
1.758403461911590e-008	-5.693455e-003
1.761096874304942e-008	-5.108939e-003
1.764184434876846e-008	-4.407314e-003
1.767296170941603e-008	-3.667861e-003
1.770621493126815e-008	-2.843035e-003
1.774265851627217e-008	-1.905346e-003
1.777411376689429e-008	-1.072132e-003
1.780692762701694e-008	-1.856313e-004
1.783767023530677e-008	6.518587e-004
1.787326914671830e-008	1.617987e-003
1.790773255883058e-008	2.536456e-003
1.793979583113180e-008	3.362210e-003
1.797057302031695e-008	4.112483e-003
1.800615720448456e-008	4.917658e-003
1.803485945877989e-008	5.503683e-003
1.806682542978380e-008	6.074665e-003
1.809470260402437e-008	6.495184e-003
1.812223752888028e-008	6.828091e-003
1.814740624345642e-008	7.054810e-003
1.817257471293379e-008	7.186005e-003
1.821489086471107e-008	7.225817e-003
1.825052328207781e-008	7.093568e-003
1.828211392807606e-008	6.819131e-003
1.831443102119707e-008	6.385871e-003
1.835021021086740e-008	5.749843e-003
1.837981918536614e-008	5.103602e-003
1.840907288600134e-008	4.360294e-003
1.843638422577205e-008	3.582852e-003
1.846883820679023e-008	2.574406e-003
1.849905554510948e-008	1.574426e-003
1.852442036833857e-008	6.976059e-004
1.855263795351818e-008	-3.006985e-004
1.858944297477404e-008	-1.607045e-003
1.861924908716908e-008	-2.644508e-003
1.865292853782421e-008	-3.767485e-003
1.868258055364620e-008	-4.691390e-003
1.871156187666190e-008	-5.513747e-003
1.873824554293702e-008	-6.187672e-003
1.876200402759050e-008	-6.707765e-003
1.878473219046456e-008	-7.118586e-003
1.881467668714098e-008	-7.533495e-003
1.884320617246364e-008	-7.777610e-003
1.888506372816762e-008	-7.884652e-003
1.891889408849712e-008	-7.758693e-003
1.895248372510851e-008	-7.415297e-003
1.898733296978480e-008	-6.853783e-003
1.902144127982710e-008	-6.130611e-003
1.904477133976109e-008	-5.535435e-003
1.907027331370522e-008	-4.795773e-003
1.909607060528939e-008	-3.972251e-003
1.913512743451508e-008	-2.628586e-003
1.917210172961279e-008	-1.295814e-003
1.920567184216102e-008	-6.603712e-005
1.924419925386633e-008	1.319312e-003
1.927652140336664e-008	2.427999e-003
1.930080223173172e-008	3.203826e-003
1.932376936734617e-008	3.866791e-003
1.935718388358117e-008	4.694676e-003
1.939741256989405e-008	5.482477e-003
1.943398535065073e-008	5.991298e-003
1.945639731185242e-008	6.171965e-003
1.948423611852814e-008	6.242711e-003
1.951232185971162e-008	6.159208e-003
1.954758976825529e-008	5.829132e-003
1.959158746335806e-008	5.128808e-003
1.963204994729925e-008	4.228187e-003
1.967240129559728e-008	3.119859e-003
1.970137100827880e-008	2.216021e-003
1.973662005829974e-008	1.030573e-003
1.977334540879083e-008	-2.428642e-004
1.980832174725532e-008	-1.450162e-003
1.984282189119993e-008	-2.590554e-003
1.987764915103783e-008	-3.655985e-003
1.990495340487892e-008	-4.402554e-003
1.993198264483120e-008	-5.032392e-003
1.996520845984486e-008	-5.654921e-003
1.999602643271890e-008	-6.065422e-003
2.003140648929567e-008	-6.312156e-003
2.007088975898238e-008	-6.314277e-003
2.011224023696810e-008	-6.027221e-003
2.014627281009047e-008	-5.571075e-003
2.017725331306002e-008	-4.984607e-003
2.020777495240953e-008	-4.266217e-003
2.024704893912426e-008	-3.201463e-003
2.027360645286164e-008	-2.412742e-003
2.030216302938637e-008	-1.517185e-003
2.033092075170441e-008	-6.030973e-004
2.037447345910609e-008	7.481259e-004
2.041632105603222e-008	1.953183e-003
2.045526435445850e-008	2.926129e-003
2.049567214517799e-008	3.744119e-003
2.052715638341174e-008	4.216975e-003
2.055653188220285e-008	4.499735e-003
2.058559522338131e-008	4.620045e-003
2.062045423631309e-008	4.562068e-003
2.065761541941215e-008	4.277442e-003
2.069524891660877e-008	3.772729e-003
2.072771788123455e-008	3.172695e-003
2.076176162363768e-008	2.402866e-003
2.079624112281802e-008	1.519218e-003
2.082924895630707e-008	6.079135e-004
2.087401020502838e-008	-6.619848e-004
2.090519918086051e-008	-1.532021e-003
2.093310521047248e-008	-2.269919e-003
2.096037814897850e-008	-2.927109e-003
2.099329574903863e-008	-3.622578e-003
2.102050687491287e-008	-4.102762e-003
2.104572886398044e-008	-4.442983e-003
2.107842239838859e-008	-4.737842e-003
2.110931164693240e-008	-4.857873e-003
2.114736884015363e-008	-4.794404e-003
2.118174569209834e-008	-4.554120e-003
2.121219125575371e-008	-4.189901e-003
2.124279914946824e-008	-3.692868e-003
2.127712973337256e-008	-3.017555e-003
2.130473314163682e-008	-2.402830e-003
2.132883280899890e-008	-1.822884e-003
2.135201496067540e-008	-1.242181e-003
2.137806655250930e-008	-5.802768e-004
2.140196498562459e-008	2.169887e-005
2.142548623076066e-008	5.910030e-004
2.146151691176479e-008	1.399071e-003
2.149446647262221e-008	2.053157e-003
2.152357833340505e-008	2.531896e-003
2.155470237878327e-008	2.920556e-003
2.158802878774691e-008	3.201425e-003
2.161204464523873e-008	3.297757e-003
2.164433389816857e-008	3.280797e-003
2.167657030770725e-008	3.114751e-003
2.171553886950716e-008	2.731172e-003
2.174985647555921e-008	2.249789e-003
2.178290401771251e-008	1.674110e-003
2.180864585005310e-008	1.163862e-003
2.183780228202059e-008	5.391883e-004
2.187422963042333e-008	-2.674533e-004
2.190956813445242e-008	-1.045684e-003
2.193828973636621e-008	-1.651309e-003
2.196391359084861e-008	-2.148744e-003
2.199310502888291e-008	-2.649628e-003
2.202271765018252e-008	-3.060281e-003
2.206791304481096e-008	-3.508234e-003
2.210052517670221e-008	-3.692640e-003
2.212717998586312e-008	-3.730489e-003
2.215050615889421e-008	-3.681338e-003
2.217292310864725e-008	-3.557909e-003
2.220519351660125e-008	-3.274079e-003
2.223519315552071e-008	-2.909459e-003
2.227597873372708e-008	-2.289217e-003
2.230663662682668e-008	-1.753374e-003
2.233689862252664e-008	-1.178914e-003
2.235957663199235e-008	-7.344682e-004
2.238407567105326e-008	-2.551441e-004
2.241575093473584e-008	3.394020e-004
2.245430220518751e-008	9.935407e-004
2.249876054029074e-008	1.629632e-003
2.253069463234099e-008	1.980523e-003
2.256016771232890e-008	2.192917e-003
2.259541076223712e-008	2.310864e-003
2.263053556693067e-008	2.288623e-003
2.266368624237669e-008	2.135029e-003
2.269735464609644e-008	1.857971e-003
2.272791183660444e-008	1.510303e-003
2.276407844511324e-008	1.003738e-003
2.280283315175118e-008	3.886683e-004
2.283641388026961e-008	-1.796991e-004
2.286955943206535e-008	-7.405810e-004
2.291838755706535e-008	-1.517721e-003
2.295457455930653e-008	-2.021838e-003
2.298965769697889e-008	-2.411393e-003
2.302620834215911e-008	-2.694540e-003
2.306540392925195e-008	-2.855331e-003
2.309797085358730e-008	-2.867319e-003
2.313004301616985e-008	-2.768183e-003
2.315681110211932e-008	-2.607692e-003
2.318042899455079e-008	-2.406692e-003
2.320691978358477e-008	-2.126830e-003
2.323123444055389e-008	-1.828220e-003
2.325875454026821e-008	-1.451500e-003
2.328900305979582e-008	-1.008609e-003
2.332183406687587e-008	-5.143615e-004
2.335633533401420e-008	-4.865944e-006
2.339257287499917e-008	4.898997e-004
2.343208517837239e-008	9.514933e-004
2.347220208836811e-008	1.312719e-003
2.350859014590107e-008	1.530672e-003
2.353708511094468e-008	1.612311e-003
2.356768953667539e-008	1.605561e-003
2.360143157694803e-008	1.502400e-003
2.362927773332146e-008	1.343815e-003
2.365610704320158e-008	1.127433e-003
2.368681893292641e-008	8.184889e-004
2.372200626107245e-008	4.080589e-004
2.375621243699314e-008	-2.829705e-005
2.378753735016177e-008	-4.395467e-004
2.383636547516177e-008	-1.055633e-003
2.388170301272248e-008	-1.559321e-003
2.392455254615311e-008	-1.937784e-003
2.395779340609794e-008	-2.142145e-003
2.398979831414107e-008	-2.250135e-003
2.402029954992754e-008	-2.273824e-003
2.404687145620793e-008	-2.223414e-003
2.408439827620471e-008	-2.054237e-003
2.412054034887711e-008	-1.810268e-003
2.414395316027380e-008	-1.606232e-003
2.417396773006488e-008	-1.301332e-003
2.420300672267829e-008	-9.793786e-004
2.424112351874191e-008	-5.380242e-004
2.427648293218649e-008	-1.321517e-004
2.430717296552159e-008	1.972023e-004
2.434427212762824e-008	5.470477e-004
2.437731026657532e-008	8.013959e-004
2.440763011236742e-008	9.719711e-004
2.443790740825060e-008	1.073214e-003
2.447178240155837e-008	1.105369e-003
2.450425612738428e-008	1.059551e-003
2.453237745243246e-008	9.565440e-004
2.456222307600647e-008	7.884245e-004
2.459080776471611e-008	5.791503e-004
2.462411500758949e-008	2.889296e-004
2.465701065251073e-008	-2.948813e-005
2.468675936312283e-008	-3.319470e-004
2.472819046458103e-008	-7.496875e-004
2.476424405410918e-008	-1.088019e-003
2.479910275196232e-008	-1.369889e-003
2.483628621782105e-008	-1.606726e-003
2.486935319798019e-008	-1.750836e-003
2.490133912421141e-008	-1.822436e-003
2.492990432369470e-008	-1.826010e-003
2.496119533500280e-008	-1.766761e-003
2.498991971096883e-008	-1.657718e-003
2.502246521361323e-008	-1.477148e-003
2.505489549304717e-008	-1.249900e-003
2.508712110056142e-008	-9.865365e-004
2.513352800750662e-008	-5.762646e-004
2.517060747961828e-008	-2.462535e-004
2.520660544929494e-008	5.473012e-005
2.524296108132262e-008	3.211541e-004
2.527370777759307e-008	5.030924e-004
2.530572017579936e-008	6.399151e-004
2.533595730310386e-008	7.145665e-004
2.536908421595065e-008	7.324266e-004
2.540226018614706e-008	6.887680e-004
2.542931676036597e-008	6.055457e-004
2.545926929927481e-008	4.674127e-004
2.548774950712466e-008	2.999810e-004
2.551819204441320e-008	8.933990e-005
2.555146541622441e-008	-1.643939e-004
2.558482438328267e-008	-4.299275e-004
2.561417824211183e-008	-6.620890e-004
2.564144448224070e-008	-8.659458e-004
2.567286832406467e-008	-1.076589e-003
2.570460431710553e-008	-1.250929e-003
2.574615077372639e-008	-1.416290e-003
2.577816590618715e-008	-1.489538e-003
2.580761003582436e-008	-1.505660e-003
2.583540242788106e-008	-1.476267e-003
2.586565426659967e-008	-1.397937e-003
2.589795286877368e-008	-1.270329e-003
2.592441276628150e-008	-1.134445e-003
2.595426413230547e-008	-9.528662e-004
2.598682454198227e-008	-7.341290e-004
2.602287190390795e-008	-4.813984e-004
2.606295510336426e-008	-2.063332e-004
2.610098157897315e-008	3.226409e-005
2.613318188809071e-008	2.020595e-004
2.616866235763670e-008	3.438887e-004
2.620181522488271e-008	4.284667e-004
2.623405142285796e-008	4.611651e-004
2.626396048202234e-008	4.471706e-004
2.629176488322566e-008	3.957548e-004
2.631976152868804e-008	3.082555e-004
2.635266160507925e-008	1.675364e-004
2.638866789990056e-008	-1.961746e-005
2.641444890665310e-008	-1.706851e-004
2.644515944812273e-008	-3.612706e-004
2.648423495172525e-008	-6.029096e-004
2.651852026062960e-008	-8.020710e-004
2.655170291804386e-008	-9.716494e-004
2.658224131280571e-008	-1.099536e-003
2.661051992820473e-008	-1.186871e-003
2.664110353491920e-008	-1.244312e-003
2.667158729146325e-008	-1.263818e-003
2.669815851541686e-008	-1.246793e-003
2.672965286878661e-008	-1.188136e-003
2.675923811238249e-008	-1.100873e-003
2.678638057859221e-008	-9.941149e-004
2.681908480118261e-008	-8.399405e-004
2.685195845986807e-008	-6.672950e-004
2.688340211996983e-008	-4.933623e-004
2.691185198450297e-008	-3.370382e-004
2.694833767130693e-008	-1.488723e-004
2.698173156247998e-008	2.629177e-006
2.701307303699017e-008	1.178151e-004
2.704346513713732e-008	1.973962e-004
2.707836265817211e-008	2.484721e-004
2.710862187059755e-008	2.561058e-004
2.713960067132986e-008	2.267196e-004
2.716945692356389e-008	1.644958e-004
2.720582989082284e-008	5.176284e-005
2.723730218944796e-008	-7.121184e-005
2.726388657276927e-008	-1.910347e-004
2.729444477771596e-008	-3.389340e-004
2.733186591063188e-008	-5.227151e-004
2.736287070313325e-008	-6.684854e-004
2.739738565963054e-008	-8.146428e-004
2.742801900301518e-008	-9.238202e-004
2.745665522329192e-008	-9.999617e-004
2.749470470347395e-008	-1.063351e-003
2.752333350069004e-008	-1.080648e-003
2.755324730740710e-008	-1.066629e-003
2.758136419451428e-008	-1.026534e-003
2.760986081674815e-008	-9.600142e-004
2.764336061602906e-008	-8.557094e-004
2.767300121228417e-008	-7.450514e-004
2.770201375714132e-008	-6.241387e-004
2.773113611628055e-008	-4.967492e-004
2.776229016657602e-008	-3.607208e-004
2.779254146195193e-008	-2.351045e-004
2.782040166295263e-008	-1.307230e-004
2.784901436490162e-008	-4.101645e-005
2.788444098003287e-008	4.180721e-005
2.792010005610085e-008	9.300584e-005
2.794755642303560e-008	1.063446e-004
2.797417929977322e-008	9.533313e-005
2.800076540813595e-008	6.200679e-005
2.803302239260231e-008	-4.632944e-006
2.806780494752403e-008	-1.010420e-004
2.809531477746894e-008	-1.927353e-004
2.812139881158453e-008	-2.894180e-004
2.814550828321923e-008	-3.831876e-004
2.817499792374072e-008	-4.980341e-004
2.821213252078176e-008	-6.355009e-004
2.824564918418044e-008	-7.462551e-004
2.827612108510276e-008	-8.298520e-004
2.830334152231930e-008	-8.859499e-004
2.833428995985872e-008	-9.256307e-004
2.836725683331253e-008	-9.404147e-004
2.839803179688405e-008	-9.283714e-004
2.842473663346738e-008	-8.964391e-004
2.845524345293070e-008	-8.388379e-004
2.848060363961576e-008	-7.761716e-004
2.850942872103166e-008	-6.909362e-004
2.854160407852592e-008	-5.850297e-004
2.857524831615940e-008	-4.684764e-004
2.860822893812735e-008	-3.551474e-004
2.864186246598426e-008	-2.485453e-004
2.868230937324003e-008	-1.400521e-004
2.871913934710385e-008	-6.496381e-005
2.874840096049996e-008	-2.772527e-005
2.878119593232737e-008	-1.106471e-005
2.880860847491489e-008	-1.773674e-005
2.884002078381281e-008	-4.804283e-005
2.886799731753791e-008	-9.269226e-005
2.889500464763636e-008	-1.508622e-004
2.892432351283407e-008	-2.270263e-004
2.895666605593651e-008	-3.213240e-004
2.898813405202178e-008	-4.182534e-004
2.902475427862793e-008	-5.301719e-004
2.906150563569934e-008	-6.347628e-004
2.909059325111853e-008	-7.063471e-004
2.912220172580889e-008	-7.680826e-004
2.915260246137537e-008	-8.097707e-004
2.918180009471269e-008	-8.313090e-004
2.920932076642040e-008	-8.335218e-004
2.923996481342885e-008	-8.156670e-004
2.927280570370954e-008	-7.761699e-004
2.930139070953534e-008	-7.257335e-004
2.933194912994463e-008	-6.578548e-004
2.936100825119426e-008	-5.838886e-004
2.939228792207967e-008	-4.982068e-004
2.942308028987727e-008	-4.125189e-004
2.945416213859199e-008	-3.291946e-004
2.948368223167858e-008	-2.571174e-004
2.951268254316276e-008	-1.973652e-004
2.954756157737973e-008	-1.431224e-004
2.958249407689915e-008	-1.084588e-004
2.960770294893818e-008	-9.861886e-005
2.963532763680537e-008	-1.045070e-004
2.966777611117522e-008	-1.296254e-004
2.969815023984014e-008	-1.696081e-004
2.973052250018564e-008	-2.277685e-004
2.976324733780025e-008	-2.983043e-004
2.979143373186166e-008	-3.656534e-004
2.982162239289206e-008	-4.406800e-004
2.985516344970554e-008	-5.224787e-004
2.988644977910160e-008	-5.927543e-004
2.992079070284495e-008	-6.592960e-004
2.994843795482055e-008	-7.018517e-004
2.997611465918910e-008	-7.311454e-004
3.000873449887739e-008	-7.483228e-004
3.004272482766222e-008	-7.476390e-004
3.006956796731553e-008	-7.327477e-004
3.009634442578303e-008	-7.046716e-004
3.012803521135261e-008	-6.584382e-004
3.015556646917510e-008	-6.088326e-004
3.018575838936639e-008	-5.468052e-004
3.020918533584438e-008	-4.953120e-004
3.023311869422717e-008	-4.414417e-004
3.026012267562490e-008	-3.820245e-004
3.029269969677142e-008	-3.157464e-004
3.032883954945780e-008	-2.521940e-004
3.035873538986207e-008	-2.107176e-004
3.038693485575458e-008	-1.836905e-004
3.041493559578058e-008	-1.701120e-004
3.044954299432008e-008	-1.699376e-004
3.047670841877311e-008	-1.823824e-004
3.050226252888191e-008	-2.052584e-004
3.053075713660728e-008	-2.410109e-004
3.055672703564373e-008	-2.812964e-004
3.058212795389257e-008	-3.265333e-004
3.060684358247395e-008	-3.742220e-004
3.063054235149458e-008	-4.216805e-004
3.065742702775716e-008	-4.750561e-004
3.069432578229157e-008	-5.442257e-004
3.072417111141218e-008	-5.939403e-004
3.075221705560944e-008	-6.319128e-004
3.078591090324246e-008	-6.648552e-004
3.081771035095277e-008	-6.825117e-004
3.084688793663359e-008	-6.855447e-004
3.087641476993701e-008	-6.752831e-004
3.091046356461880e-008	-6.484273e-004
3.094872273824303e-008	-6.037487e-004
3.097411375854530e-008	-5.663718e-004
3.100364855539853e-008	-5.166340e-004
3.103707076226304e-008	-4.570490e-004
3.106545893592552e-008	-4.062015e-004
3.109469796592771e-008	-3.563720e-004
3.112502570115204e-008	-3.101455e-004
3.115661724638510e-008	-2.702469e-004
3.118703780432259e-008	-2.418873e-004
3.121797041556432e-008	-2.241664e-004
3.124291493599486e-008	-2.191190e-004
3.126998444911328e-008	-2.239228e-004
3.130195634451108e-008	-2.408979e-004
3.132900009670562e-008	-2.642919e-004
3.135800773365625e-008	-2.979222e-004
3.138820495397049e-008	-3.397301e-004
3.141994764987074e-008	-3.885187e-004
3.144413764181256e-008	-4.274758e-004
3.146855057162920e-008	-4.667957e-004
3.149455072685445e-008	-5.068436e-004
3.152221212336718e-008	-5.456328e-004
3.155127389305245e-008	-5.804414e-004
3.158015881685964e-008	-6.072720e-004
3.161083397313739e-008	-6.259962e-004
3.164117432792394e-008	-6.340223e-004
3.167024188333721e-008	-6.312110e-004
3.170143099256389e-008	-6.170712e-004
3.173463852384750e-008	-5.910994e-004
3.176682045950217e-008	-5.569443e-004
3.179588609422614e-008	-5.199264e-004
3.182730240757583e-008	-4.757810e-004
3.185824864563569e-008	-4.308890e-004
3.189128928209583e-008	-3.844152e-004
3.192689314231964e-008	-3.392405e-004
3.196167105530459e-008	-3.028956e-004
3.199518575893652e-008	-2.770583e-004
3.202141150821396e-008	-2.649169e-004
3.205165240147199e-008	-2.606313e-004
3.208265760211785e-008	-2.662507e-004
3.211584347688385e-008	-2.829729e-004
3.214859581821894e-008	-3.088008e-004
3.217733633435152e-008	-3.380671e-004
3.220528130068321e-008	-3.711024e-004
3.223521661055282e-008	-4.093038e-004
3.226255723882269e-008	-4.449457e-004
3.229250509586298e-008	-4.829720e-004
3.231802326335951e-008	-5.128910e-004
3.234709836572662e-008	-5.423582e-004
3.237908641746618e-008	-5.682572e-004
3.240635902449141e-008	-5.835675e-004
3.243553105465291e-008	-5.919244e-004
3.246510030676379e-008	-5.917064e-004
3.250020316675346e-008	-5.807547e-004
3.253499840178641e-008	-5.601732e-004
3.256336813754351e-008	-5.365614e-004
3.259350222116171e-008	-5.059821e-004
3.262776552746548e-008	-4.673433e-004
3.265840546712434e-008	-4.313350e-004
3.268762929109157e-008	-3.976479e-004
3.271969768045214e-008	-3.638125e-004
3.275576753938250e-008	-3.317388e-004
3.278978329355701e-008	-3.089626e-004
3.281963871100499e-008	-2.965791e-004
3.284930454770636e-008	-2.922397e-004
3.288068181408404e-008	-2.959155e-004
3.291000054204293e-008	-3.065992e-004
3.293683071968058e-008	-3.223108e-004
3.296444610563179e-008	-3.438044e-004
3.300226566326427e-008	-3.788040e-004
3.303131707770814e-008	-4.084106e-004
3.306554120365677e-008	-4.444086e-004
3.309852348628060e-008	-4.777139e-004
3.313124292341169e-008	-5.071988e-004
3.316492886355666e-008	-5.324410e-004
3.318904639570578e-008	-5.459129e-004
3.321885721755268e-008	-5.562966e-004
3.324688845205167e-008	-5.597763e-004
3.327911040163870e-008	-5.560158e-004
3.331080392432804e-008	-5.449497e-004
3.334191089761322e-008	-5.274548e-004
3.337256193414212e-008	-5.047935e-004
3.340690264277016e-008	-4.750092e-004
3.343751105760660e-008	-4.462460e-004
3.346522243717341e-008	-4.197607e-004
3.349696362106478e-008	-3.907611e-004
3.352955624009153e-008	-3.640449e-004
3.355955305598681e-008	-3.435261e-004
3.358617922593461e-008	-3.298285e-004
3.361562442290747e-008	-3.207296e-004
3.365341283652338e-008	-3.175263e-004
3.368625809723767e-008	-3.222266e-004
3.371441995103113e-008	-3.323775e-004
3.374482186718563e-008	-3.489608e-004
3.377959318369958e-008	-3.730343e-004
3.381197585743609e-008	-3.988074e-004
3.383841645050083e-008	-4.212901e-004
3.386926434871702e-008	-4.474539e-004
3.390718197508443e-008	-4.775091e-004
3.393908836048333e-008	-4.997246e-004
3.396191344231086e-008	-5.126202e-004
3.398886237675003e-008	-5.235539e-004
3.402312869266048e-008	-5.312869e-004
3.405569867137357e-008	-5.320637e-004
3.408711971525884e-008	-5.265711e-004
3.411275720272548e-008	-5.176008e-004
3.413912958305743e-008	-5.042320e-004
3.417596961805294e-008	-4.808078e-004
3.421314231259582e-008	-4.538002e-004
3.423678306712193e-008	-4.354955e-004
3.426797977394505e-008	-4.114137e-004
3.430138391461011e-008	-3.873644e-004
3.433447564667971e-008	-3.668235e-004
3.436849545730009e-008	-3.504436e-004
3.440067585894272e-008	-3.405309e-004
3.443635391674559e-008	-3.364599e-004
3.447107561852516e-008	-3.393122e-004
3.450336702046710e-008	-3.480617e-004
3.453696153327927e-008	-3.626138e-004
3.456895692613902e-008	-3.805245e-004
3.460035648294257e-008	-4.008397e-004
3.462894267693839e-008	-4.206100e-004
3.465554159873904e-008	-4.391484e-004
3.468378141227856e-008	-4.579091e-004
3.471483505035969e-008	-4.764388e-004
3.474468867571767e-008	-4.910895e-004
3.477893345125390e-008	-5.031300e-004
3.481280914061178e-008	-5.094356e-004
3.484822070083715e-008	-5.098346e-004
3.487790117420323e-008	-5.052136e-004
3.490676163457569e-008	-4.964707e-004
3.493311417621190e-008	-4.851734e-004
3.496863997460725e-008	-4.663740e-004
3.499838375503358e-008	-4.485974e-004
3.502786897377834e-008	-4.299477e-004
3.506277674675873e-008	-4.081850e-004
3.509785774415043e-008	-3.878931e-004
3.512345547750404e-008	-3.751262e-004
3.515310706663838e-008	-3.635567e-004
3.518655688003223e-008	-3.549294e-004
3.522192829070337e-008	-3.512967e-004
3.525683827180496e-008	-3.532414e-004
3.528574689815734e-008	-3.591031e-004
3.531419905996037e-008	-3.685207e-004
3.534605236031836e-008	-3.823330e-004
3.537773762861908e-008	-3.984926e-004
3.540758744247787e-008	-4.150929e-004
3.543766942607911e-008	-4.321595e-004
3.546927618811704e-008	-4.492837e-004
3.550389341751435e-008	-4.660679e-004
3.553217971069876e-008	-4.773694e-004
3.556135361759766e-008	-4.855175e-004
3.560407916636852e-008	-4.914895e-004
3.564039118051342e-008	-4.911160e-004
3.567180646687498e-008	-4.859888e-004
3.570689837676277e-008	-4.757942e-004
3.573735500376629e-008	-4.639013e-004
3.576639953244466e-008	-4.504281e-004
3.579380517248849e-008	-4.365541e-004
3.582092248074878e-008	-4.225090e-004
3.586199816283379e-008	-4.019323e-004
3.588965080732441e-008	-3.894887e-004
3.592320763251466e-008	-3.770534e-004
3.595480360101497e-008	-3.685516e-004
3.598890326414471e-008	-3.637348e-004
3.602907630588531e-008	-3.636885e-004
3.606748747719099e-008	-3.690122e-004
3.610209404297762e-008	-3.781470e-004
3.613546807753962e-008	-3.901707e-004
3.616746232184336e-008	-4.037570e-004
3.620025788087527e-008	-4.187298e-004
3.623964478795822e-008	-4.366729e-004
3.626990766623602e-008	-4.493789e-004
3.630446161831997e-008	-4.615468e-004
3.634102694578775e-008	-4.710612e-004
3.637508277907883e-008	-4.763040e-004
3.640267087702682e-008	-4.776247e-004
3.642584877618052e-008	-4.763838e-004
3.645443839813941e-008	-4.721843e-004
3.648357586464229e-008	-4.653864e-004
3.651362609594382e-008	-4.560442e-004
3.654241889066971e-008	-4.452736e-004
3.659124701566971e-008	-4.251596e-004
3.662840996445454e-008	-4.097410e-004
3.666328857454266e-008	-3.962984e-004
3.669495412633655e-008	-3.858047e-004
3.671984635954201e-008	-3.793880e-004
3.675217497039919e-008	-3.738681e-004
3.678503177326136e-008	-3.714933e-004
3.681994931820206e-008	-3.727337e-004
3.685415588148434e-008	-3.776732e-004
3.689592940351841e-008	-3.879577e-004
3.694475752851841e-008	-4.037654e-004
3.699078315791336e-008	-4.206139e-004
3.702231369669555e-008	-4.322716e-004
3.705214994850746e-008	-4.423686e-004
3.708969628287097e-008	-4.529766e-004
3.712376006559774e-008	-4.598715e-004
3.716245905913620e-008	-4.640540e-004
3.719379594433408e-008	-4.642982e-004
3.722868319056915e-008	-4.609060e-004
3.727201034541570e-008	-4.525470e-004
3.731403564598227e-008	-4.411802e-004
3.734408670656950e-008	-4.314649e-004
3.738057793888553e-008	-4.188550e-004
3.741644419705772e-008	-4.066988e-004
3.744761950587528e-008	-3.970235e-004
3.747583750454105e-008	-3.896377e-004
3.750815182051381e-008	-3.832307e-004
3.754042595139599e-008	-3.793048e-004
3.757451928490583e-008	-3.780901e-004
3.760800088213706e-008	-3.799141e-004
3.764600503637164e-008	-3.851456e-004
3.767586539440032e-008	-3.913157e-004
3.770393946822892e-008	-3.986233e-004
3.773706915114720e-008	-4.083410e-004
3.776736208574018e-008	-4.176538e-004
3.780139981999377e-008	-4.279207e-004
3.783510071970690e-008	-4.371224e-004
3.787147866881297e-008	-4.452124e-004
3.790896225498743e-008	-4.509418e-004
3.794636590135561e-008	-4.534881e-004
3.798648647137313e-008	-4.525307e-004
3.802738192462534e-008	-4.481592e-004
3.805380135977117e-008	-4.434325e-004
3.808963313697906e-008	-4.350624e-004
3.812233305475705e-008	-4.263331e-004
3.815534178333058e-008	-4.169941e-004
3.819503857201395e-008	-4.060181e-004
3.822983578626004e-008	-3.973906e-004
3.826474596462954e-008	-3.904749e-004
3.830346973285906e-008	-3.852003e-004
3.833425326226468e-008	-3.831183e-004
3.836360320135930e-008	-3.832789e-004
3.840006923274910e-008	-3.860123e-004
3.843539084511966e-008	-3.908728e-004
3.846560056705204e-008	-3.966475e-004
3.849985346888792e-008	-4.044423e-004
3.852334872596618e-008	-4.102549e-004
3.855382642343072e-008	-4.179580e-004
3.858730655094989e-008	-4.260468e-004
3.861990778259616e-008	-4.330045e-004
3.865605355886117e-008	-4.390805e-004
3.869340162033548e-008	-4.431800e-004
3.872811671676500e-008	-4.446859e-004
3.876131239817244e-008	-4.438401e-004
3.879696212757896e-008	-4.406395e-004
3.883045862328428e-008	-4.357312e-004
3.886641247098796e-008	-4.288277e-004
3.890241798234954e-008	-4.208693e-004
3.893120071806765e-008	-4.141298e-004
3.895564236664921e-008	-4.084529e-004
3.898516812022802e-008	-4.020646e-004
3.901907147078864e-008	-3.957223e-004
3.905308234909830e-008	-3.907066e-004
3.907951787524250e-008	-3.881262e-004
3.911315208580277e-008	-3.867417e-004
3.914955799282318e-008	-3.873803e-004
3.918517062807634e-008	-3.901233e-004
3.922024421249786e-008	-3.946690e-004
3.925551558729412e-008	-4.006386e-004
3.928512242200239e-008	-4.063901e-004
3.930766094278060e-008	-4.110371e-004
3.933337014298750e-008	-4.163490e-004
3.936089156221961e-008	-4.217490e-004
3.939243027449736e-008	-4.272112e-004
3.942945274159341e-008	-4.324078e-004
3.945667589657516e-008	-4.350299e-004
3.949165617964799e-008	-4.366320e-004
3.952477577098395e-008	-4.363563e-004
3.956377174772528e-008	-4.338376e-004
3.960104957254890e-008	-4.296291e-004
3.962900476139385e-008	-4.253952e-004
3.965767509799219e-008	-4.202966e-004
3.969636170861054e-008	-4.129213e-004
3.973141836623924e-008	-4.062979e-004
3.977242735082731e-008	-3.992663e-004
3.981112789461876e-008	-3.937926e-004
3.983929992701770e-008	-3.909655e-004
3.987429630100689e-008	-3.891051e-004
3.991111870906838e-008	-3.889400e-004
3.994505869862058e-008	-3.904419e-004
3.997594411342515e-008	-3.931684e-004
4.001047330995108e-008	-3.974450e-004
4.004513817236171e-008	-4.026157e-004
4.008003129211173e-008	-4.082891e-004
4.012091195215219e-008	-4.148483e-004
4.016466115769955e-008	-4.211556e-004
4.019481122859287e-008	-4.245933e-004
4.023101770672949e-008	-4.273231e-004
4.026470315484927e-008	-4.284704e-004
4.029468532193064e-008	-4.281531e-004
4.032801309430273e-008	-4.263910e-004
4.035884432479426e-008	-4.235321e-004
4.039842625149184e-008	-4.184863e-004
4.043521967632695e-008	-4.128802e-004
4.046976889844676e-008	-4.071392e-004
4.050541621892030e-008	-4.012310e-004
4.054559327720904e-008	-3.951088e-004
4.058135454603299e-008	-3.905758e-004
4.061925643518958e-008	-3.870839e-004
4.065491424536330e-008	-3.852804e-004
4.069762792856733e-008	-3.850021e-004
4.073662856025059e-008	-3.863705e-004
4.077590972055053e-008	-3.891275e-004
4.081210098753806e-008	-3.925186e-004
4.084817411560855e-008	-3.963115e-004
4.088179093246936e-008	-3.998133e-004
4.091588334448824e-008	-4.029927e-004
4.094291052151870e-008	-4.049787e-004
4.097343468433322e-008	-4.064338e-004
4.100142708992458e-008	-4.068569e-004
4.103796506632294e-008	-4.059891e-004
4.107441636775446e-008	-4.035618e-004
4.111241324204974e-008	-3.993701e-004
4.114681925887105e-008	-3.942290e-004
4.118128497799698e-008	-3.879802e-004
4.121392576587846e-008	-3.813176e-004
4.124711531258667e-008	-3.740785e-004
4.128182525566321e-008	-3.663506e-004
4.132052617391119e-008	-3.579358e-004
4.136169677127279e-008	-3.495919e-004
4.140369089520515e-008	-3.420077e-004
4.144314276374149e-008	-3.358620e-004
4.147654207715928e-008	-3.314447e-004
4.150970104399787e-008	-3.276946e-004
4.154504690739170e-008	-3.241429e-004
4.157710351635808e-008	-3.210866e-004
4.161087818320900e-008	-3.177316e-004
4.164793554315618e-008	-3.135370e-004
4.168141127492979e-008	-3.089030e-004
4.171931359843737e-008	-3.022707e-004
4.175807049369722e-008	-2.935732e-004
4.180429160404275e-008	-2.804271e-004
4.184705753259878e-008	-2.654170e-004
4.188986013404169e-008	-2.475833e-004
4.192424092504022e-008	-2.312575e-004
4.195771884197475e-008	-2.137066e-004
4.198904017050708e-008	-1.960007e-004
4.202611991162118e-008	-1.737286e-004
4.206489513251765e-008	-1.493232e-004
4.210121364611796e-008	-1.256536e-004
4.213187314025578e-008	-1.051761e-004
4.216435653736455e-008	-8.309215e-005
4.219799562615852e-008	-5.985451e-005
4.224121880031698e-008	-2.947877e-005
4.227583052745076e-008	-4.602072e-006
4.231440789073592e-008	2.399340e-005
4.235362929167081e-008	5.418625e-005
4.238578145056481e-008	8.008198e-005
4.241583009217520e-008	1.055292e-004
4.244605988925260e-008	1.325581e-004
4.247895184895628e-008	1.637265e-004
4.251031297132709e-008	1.953720e-004
4.254500599164512e-008	2.326789e-004
4.257591709114778e-008	2.681043e-004
4.261109365986194e-008	3.110079e-004
4.264570996175823e-008	3.557112e-004
4.267837168196784e-008	4.002514e-004
4.271632017244823e-008	4.545534e-004
4.275173011164764e-008	5.073399e-004
4.278498669282032e-008	5.586453e-004
4.281721323973335e-008	6.097265e-004
4.285288160037912e-008	6.674831e-004
4.289131821866092e-008	7.307637e-004
4.293576836918539e-008	8.048089e-004
4.297201916476301e-008	8.656334e-004
4.301254063630381e-008	9.338790e-004
4.304412048129627e-008	9.871321e-004
4.307822718358778e-008	1.044657e-003
4.311141377284506e-008	1.100614e-003
4.314836930048334e-008	1.162900e-003
4.318272267821546e-008	1.220770e-003
4.322645237942905e-008	1.294366e-003
4.326050806233427e-008	1.351553e-003
4.330065467645094e-008	1.418647e-003
4.334029870294935e-008	1.484343e-003
4.337574163273640e-008	1.542277e-003
4.340974014399968e-008	1.596764e-003
4.344212249822180e-008	1.647272e-003
4.347568646263386e-008	1.697791e-003
4.350702511783059e-008	1.742819e-003
4.353968548661458e-008	1.786996e-003
4.357319663332311e-008	1.828994e-003
4.360565582989977e-008	1.865979e-003
4.363579869564928e-008	1.896421e-003
4.366839850552689e-008	1.924323e-003
4.370905147714910e-008	1.951967e-003
4.374642051125906e-008	1.969632e-003
4.378788889647090e-008	1.979195e-003
4.383347655895595e-008	1.977858e-003
4.387544494220812e-008	1.965123e-003
4.391373341020392e-008	1.943013e-003
4.394905269475893e-008	1.913030e-003
4.398823152945131e-008	1.869233e-003
4.402517058766869e-008	1.817965e-003
4.406102608281514e-008	1.758664e-003
4.409162498306064e-008	1.700290e-003
4.412188130340909e-008	1.635019e-003
4.415430222719156e-008	1.556923e-003
4.418881949646447e-008	1.464610e-003
4.422421618498626e-008	1.359907e-003
4.426102331548603e-008	1.239663e-003
4.430330937271662e-008	1.087453e-003
4.434715266528141e-008	9.153238e-004
4.437839842443043e-008	7.827785e-004
4.441010517482272e-008	6.388830e-004
4.444414487110579e-008	4.753355e-004
4.447602377250641e-008	3.135696e-004
4.451295196650603e-008	1.160810e-004
4.455282093316146e-008	-1.072713e-004
4.458492138638432e-008	-2.946076e-004
4.461581449821679e-008	-4.812268e-004
4.464843953238250e-008	-6.838002e-004
4.467971767348196e-008	-8.825106e-004
4.471212990052340e-008	-1.092418e-003
4.475224574443701e-008	-1.356001e-003
4.479388701774826e-008	-1.632028e-003
4.482988712472808e-008	-1.871290e-003
4.486431381292813e-008	-2.099125e-003
4.490273128545184e-008	-2.350820e-003
4.493413161337904e-008	-2.553355e-003
4.496529467017558e-008	-2.750150e-003
4.499799523248359e-008	-2.951384e-003
4.502901423734113e-008	-3.136361e-003
4.505948240925061e-008	-3.311162e-003
4.509338420831589e-008	-3.496933e-003
4.512614101195635e-008	-3.666633e-003
4.516143098498254e-008	-3.837152e-003
4.519856875092135e-008	-4.001713e-003
4.523800100917743e-008	-4.158650e-003
4.527520642319526e-008	-4.289031e-003
4.530669677054908e-008	-4.383560e-003
4.534126933169884e-008	-4.469519e-003
4.537525430409759e-008	-4.535445e-003
4.541239212213204e-008	-4.585383e-003
4.544907615412214e-008	-4.612118e-003
4.548248976954787e-008	-4.615588e-003
4.551368682138311e-008	-4.599819e-003
4.554368638675494e-008	-4.566126e-003
4.557942580334510e-008	-4.502624e-003
4.561875332432214e-008	-4.404701e-003
4.566189156082679e-008	-4.264885e-003
4.570081270660116e-008	-4.110928e-003
4.573124093772605e-008	-3.970289e-003
4.576428581653133e-008	-3.798180e-003
4.579480873036070e-008	-3.622921e-003
4.582803685890891e-008	-3.415099e-003
4.586055477216526e-008	-3.196403e-003
4.589193628915062e-008	-2.971892e-003
4.592075124966789e-008	-2.754659e-003
4.595321394093971e-008	-2.498906e-003
4.598496954823209e-008	-2.239390e-003
4.601652751828318e-008	-1.973214e-003
4.605513227130878e-008	-1.639443e-003
4.609208114607361e-008	-1.314361e-003
4.612767662235108e-008	-9.980149e-004
4.616529489437142e-008	-6.631124e-004
4.620072231109538e-008	-3.497053e-004
4.623637815387144e-008	-3.862071e-005
4.626965948070597e-008	2.455207e-004
4.630465934668647e-008	5.359894e-004
4.633481262931485e-008	7.772165e-004
4.637010997375932e-008	1.047533e-003
4.639962444766950e-008	1.262479e-003
4.642854009792034e-008	1.460870e-003
4.645933448156691e-008	1.658340e-003
4.648987398722444e-008	1.838805e-003
4.652320905232224e-008	2.016120e-003
4.656286196634474e-008	2.200522e-003
4.660194700710052e-008	2.353560e-003
4.663832149546146e-008	2.466320e-003
4.668062489901901e-008	2.563556e-003
4.671270666956926e-008	2.611437e-003
4.674952852434182e-008	2.637218e-003
4.678233160841940e-008	2.636171e-003
4.681413940670283e-008	2.612273e-003
4.684580316919780e-008	2.567327e-003
4.687625572586336e-008	2.505118e-003
4.690461181017330e-008	2.430349e-003
4.693606122219575e-008	2.329859e-003
4.696704667130609e-008	2.214044e-003
4.700311513619628e-008	2.060566e-003
4.703635820119722e-008	1.903005e-003
4.707489593677368e-008	1.703547e-003
4.711017483235438e-008	1.508351e-003
4.714363138854704e-008	1.313616e-003
4.717703185535742e-008	1.112362e-003
4.721050029783284e-008	9.062429e-004
4.724705142388789e-008	6.788375e-004
4.728169773819026e-008	4.635750e-004
4.731572566049723e-008	2.545592e-004
4.734409345784506e-008	8.387176e-005
4.737286564677247e-008	-8.424624e-005
4.740353998140600e-008	-2.565832e-004
4.743738590883697e-008	-4.373473e-004
4.746946630159669e-008	-5.981574e-004
4.750096345321209e-008	-7.445052e-004
4.753085136218256e-008	-8.714416e-004
4.756296404569169e-008	-9.941711e-004
4.759336829218105e-008	-1.095355e-003
4.763534095933951e-008	-1.211287e-003
4.767736407195239e-008	-1.303105e-003
4.770713950857943e-008	-1.350904e-003
4.773498036562436e-008	-1.380791e-003
4.776372428832325e-008	-1.398094e-003
4.779120873301189e-008	-1.401453e-003
4.782445031177010e-008	-1.389596e-003
4.785458712793781e-008	-1.364557e-003
4.788628006884068e-008	-1.323091e-003
4.792051760518126e-008	-1.262684e-003
4.795643465809439e-008	-1.183442e-003
4.799401683989413e-008	-1.085368e-003
4.802780841614660e-008	-9.854110e-004
4.806072407219148e-008	-8.784358e-004
4.809681540155955e-008	-7.527102e-004
4.813824851728564e-008	-6.012774e-004
4.817234791343649e-008	-4.730203e-004
4.820033922478972e-008	-3.664697e-004
4.823023243360909e-008	-2.529262e-004
4.825731199074826e-008	-1.514248e-004
4.828563377976152e-008	-4.780041e-005
4.831642553316872e-008	6.064349e-005
4.835340674604495e-008	1.839572e-004
4.838970126713824e-008	2.961754e-004
4.842778122530672e-008	4.031296e-004
4.846143961957118e-008	4.871298e-004
4.849716972349753e-008	5.643260e-004
4.853273759295937e-008	6.285098e-004
4.857214475678636e-008	6.846144e-004
4.861194872639926e-008	7.264545e-004
4.864329220404905e-008	7.480859e-004
4.867566070965342e-008	7.598391e-004
4.870461364354273e-008	7.619563e-004
4.873395507499120e-008	7.558958e-004
4.876687397734253e-008	7.399972e-004
4.880655108583345e-008	7.098458e-004
4.884759867893537e-008	6.678858e-004
4.888455212043350e-008	6.215467e-004
4.891858014098294e-008	5.724945e-004
4.895140340417054e-008	5.205018e-004
4.898221647280294e-008	4.683746e-004
4.901544860626592e-008	4.095763e-004
4.904859981339067e-008	3.493289e-004
4.907609931063085e-008	2.987436e-004
4.910401486014503e-008	2.474425e-004
4.913311499728443e-008	1.946641e-004
4.916394923983724e-008	1.401118e-004
4.919389561235892e-008	8.919890e-005
4.922985512849003e-008	3.131204e-005
4.926241916106273e-008	-1.734021e-005
4.930058549197564e-008	-6.904479e-005
4.933828504620159e-008	-1.143965e-004
4.937238338676582e-008	-1.496338e-004
4.941212445980792e-008	-1.841154e-004
4.944226649383467e-008	-2.054214e-004
4.947484394366596e-008	-2.233508e-004
4.950757090491445e-008	-2.368343e-004
4.953632500587719e-008	-2.449309e-004
4.956603004029410e-008	-2.497726e-004
4.959608190853495e-008	-2.515026e-004
4.962618604499279e-008	-2.502769e-004
4.966099942336498e-008	-2.458193e-004
4.969370600850577e-008	-2.391808e-004
4.972692621666504e-008	-2.303413e-004
4.976280916662559e-008	-2.190831e-004
4.979513320748256e-008	-2.077974e-004
4.983286040465552e-008	-1.937099e-004
4.986818792180703e-008	-1.800253e-004
4.989691477704836e-008	-1.686844e-004
4.992803818744093e-008	-1.563057e-004
4.995789114270671e-008	-1.444018e-004
4.999217554168576e-008	-1.307093e-004
5.000000000000000e-008	-1.#QNAN0e+000
