time	V(out)	V(n001)
0.000000000000000e+000	0.000000e+000	0.000000e+000
1.953124992195698e-015	0.000000e+000	2.604167e-007
3.906249984391395e-015	0.000000e+000	5.208333e-007
4.574776767434381e-012	-1.907482e-043	6.099702e-004
9.145647284884371e-012	-1.696429e-043	1.219420e-003
1.371651780233436e-011	6.331581e-044	1.828869e-003
1.828738831978435e-011	5.081280e-043	2.438318e-003
2.285825883723434e-011	1.164794e-042	3.047768e-003
2.742912935468433e-011	2.033313e-042	3.657217e-003
3.199999987213431e-011	3.113685e-042	4.266667e-003
6.399999974426862e-011	1.945687e-038	8.533333e-003
1.101865910514692e-010	4.371886e-037	1.469155e-002
1.518283170774923e-010	3.665685e-036	2.024378e-002
1.886125910536936e-010	2.201850e-035	2.514835e-002
2.234275502837838e-010	1.748972e-034	2.979034e-002
2.660292732369286e-010	1.465931e-033	3.547057e-002
3.074334186163046e-010	1.727631e-032	4.099112e-002
3.608476060732223e-010	2.397784e-031	4.811301e-002
4.179952393686653e-010	4.574728e-030	5.573270e-002
4.891580293033175e-010	8.664785e-029	6.522107e-002
5.680736373325263e-010	2.017194e-027	7.574315e-002
6.641208263950112e-010	1.793007e-026	8.854944e-002
7.426813351474913e-010	1.061125e-025	9.902418e-002
8.285345141860017e-010	6.035325e-025	1.104713e-001
9.107915190103786e-010	3.416071e-024	1.214389e-001
1.007870678158534e-009	2.156589e-023	1.343828e-001
1.108680830507005e-009	1.405953e-022	1.478241e-001
1.225505037921539e-009	9.833095e-022	1.634007e-001
1.350328407991337e-009	4.872491e-021	1.800438e-001
1.455594320720257e-009	1.979471e-020	1.940793e-001
1.578830595461709e-009	8.481937e-020	2.105107e-001
1.692877567002574e-009	3.303219e-019	2.257170e-001
1.827909090260396e-009	1.427889e-018	2.437212e-001
1.962660486380070e-009	5.936691e-018	2.616881e-001
2.117588383411623e-009	2.430047e-017	2.823451e-001
2.259488223096706e-009	8.410730e-017	3.012651e-001
2.414527115696590e-009	2.858307e-016	3.219369e-001
2.556220879464593e-009	8.721320e-016	3.408295e-001
2.719667914822786e-009	2.898749e-015	3.626224e-001
2.881791130099251e-009	9.197294e-015	3.842388e-001
3.064717173703078e-009	2.898787e-014	4.086290e-001
3.225341511015314e-009	7.647958e-014	4.300455e-001
3.397431224812672e-009	2.078308e-013	4.529908e-001
3.569419973003303e-009	5.467620e-013	4.759227e-001
3.756799183727982e-009	1.489977e-012	5.009066e-001
3.950026686943050e-009	3.924453e-012	5.266702e-001
4.145339186943050e-009	9.892158e-012	5.527119e-001
4.340651686943050e-009	2.374850e-011	5.787535e-001
4.533678824743418e-009	5.443535e-011	6.044905e-001
4.728991324743418e-009	1.215498e-010	6.305322e-001
4.924303824743417e-009	2.620280e-010	6.565738e-001
5.119616324743417e-009	5.474338e-010	6.826155e-001
5.314928824743417e-009	1.110931e-009	7.086572e-001
5.510241324743417e-009	2.194214e-009	7.346988e-001
5.705553824743416e-009	4.225466e-009	7.607405e-001
5.900866324743416e-009	7.946205e-009	7.867822e-001
6.096178824743416e-009	1.461334e-008	8.128238e-001
6.291491324743416e-009	2.631476e-008	8.388655e-001
6.486803824743416e-009	4.645283e-008	8.649072e-001
6.682116324743415e-009	8.047207e-008	8.909488e-001
6.877428824743415e-009	1.369355e-007	9.169905e-001
7.072741324743415e-009	2.290905e-007	9.430322e-001
7.268053824743415e-009	3.596409e-007	9.690738e-001
7.304687499999999e-009	3.919866e-007	9.739583e-001
7.377954850513167e-009	4.740405e-007	9.837273e-001
7.499999999999999e-009	6.300659e-007	1.000000e+000
7.512204514948683e-009	6.492490e-007	1.000000e+000
7.536613544846049e-009	6.892801e-007	1.000000e+000
7.585431604640783e-009	7.782349e-007	1.000000e+000
7.683067724230249e-009	1.000763e-006	1.000000e+000
7.878339963409181e-009	1.609971e-006	1.000000e+000
8.073652463409181e-009	2.499340e-006	1.000000e+000
8.268964963409181e-009	3.829860e-006	1.000000e+000
8.464277463409181e-009	5.795855e-006	1.000000e+000
8.659589963409180e-009	8.666371e-006	1.000000e+000
8.854902463409180e-009	1.280962e-005	1.000000e+000
9.050214963409180e-009	1.872386e-005	1.000000e+000
9.245527463409180e-009	2.707602e-005	1.000000e+000
9.440839963409180e-009	3.874926e-005	1.000000e+000
9.636152463409179e-009	5.490104e-005	1.000000e+000
9.831464963409179e-009	7.703296e-005	1.000000e+000
1.002677746340918e-008	1.070738e-004	1.000000e+000
1.022208996340918e-008	1.474774e-004	1.000000e+000
1.041740246340918e-008	2.013355e-004	1.000000e+000
1.061271496340918e-008	2.725075e-004	1.000000e+000
1.080802746340918e-008	3.657672e-004	1.000000e+000
1.100333996340918e-008	4.869658e-004	1.000000e+000
1.119865246340918e-008	6.432107e-004	1.000000e+000
1.139396496340918e-008	8.430596e-004	1.000000e+000
1.158927746340918e-008	1.096726e-003	1.000000e+000
1.178458996340918e-008	1.416292e-003	1.000000e+000
1.197990246340918e-008	1.815929e-003	1.000000e+000
1.217521496340918e-008	2.312114e-003	1.000000e+000
1.237052746340918e-008	2.923835e-003	1.000000e+000
1.256583996340918e-008	3.672790e-003	1.000000e+000
1.276115246340918e-008	4.583550e-003	1.000000e+000
1.295646496340918e-008	5.683699e-003	1.000000e+000
1.315177746340918e-008	7.003921e-003	1.000000e+000
1.334708996340918e-008	8.578035e-003	1.000000e+000
1.354240246340918e-008	1.044297e-002	1.000000e+000
1.373771496340918e-008	1.263868e-002	1.000000e+000
1.393302746340918e-008	1.520791e-002	1.000000e+000
1.412833996340917e-008	1.819597e-002	1.000000e+000
1.432365246340917e-008	2.165036e-002	1.000000e+000
1.451896496340917e-008	2.562027e-002	1.000000e+000
1.471427746340917e-008	3.015605e-002	1.000000e+000
1.490958996340917e-008	3.530849e-002	1.000000e+000
1.510490246340918e-008	4.112816e-002	1.000000e+000
1.530021496340918e-008	4.766449e-002	1.000000e+000
1.549552746340918e-008	5.496492e-002	1.000000e+000
1.569083996340918e-008	6.307397e-002	1.000000e+000
1.588615246340918e-008	7.203224e-002	1.000000e+000
1.608146496340918e-008	8.187549e-002	1.000000e+000
1.627677746340918e-008	9.263363e-002	1.000000e+000
1.647208996340919e-008	1.043299e-001	1.000000e+000
1.666740246340919e-008	1.169801e-001	1.000000e+000
1.686271496340919e-008	1.305918e-001	1.000000e+000
1.705802746340919e-008	1.451638e-001	1.000000e+000
1.725333996340919e-008	1.606859e-001	1.000000e+000
1.744865246340919e-008	1.771383e-001	1.000000e+000
1.764396496340919e-008	1.944921e-001	1.000000e+000
1.783927746340920e-008	2.127092e-001	1.000000e+000
1.803458996340920e-008	2.317425e-001	1.000000e+000
1.822990246340920e-008	2.515370e-001	1.000000e+000
1.842521496340920e-008	2.720302e-001	1.000000e+000
1.862052746340920e-008	2.931531e-001	1.000000e+000
1.881583996340920e-008	3.148315e-001	1.000000e+000
1.901115246340920e-008	3.369869e-001	1.000000e+000
1.920646496340921e-008	3.595382e-001	1.000000e+000
1.940177746340921e-008	3.824027e-001	1.000000e+000
1.959708996340921e-008	4.054974e-001	1.000000e+000
1.979240246340921e-008	4.287404e-001	1.000000e+000
1.998771496340921e-008	4.520521e-001	1.000000e+000
2.018302746340921e-008	4.753559e-001	1.000000e+000
2.037833996340921e-008	4.985794e-001	1.000000e+000
2.057365246340922e-008	5.216549e-001	1.000000e+000
2.076896496340922e-008	5.445199e-001	1.000000e+000
2.096427746340922e-008	5.671171e-001	1.000000e+000
2.115958996340922e-008	5.893947e-001	1.000000e+000
2.135490246340922e-008	6.113061e-001	1.000000e+000
2.155021496340922e-008	6.328093e-001	1.000000e+000
2.174552746340922e-008	6.538666e-001	1.000000e+000
2.194083996340923e-008	6.744440e-001	1.000000e+000
2.213615246340923e-008	6.945103e-001	1.000000e+000
2.233146496340923e-008	7.140364e-001	1.000000e+000
2.252677746340923e-008	7.329948e-001	1.000000e+000
2.272208996340923e-008	7.513587e-001	1.000000e+000
2.291740246340923e-008	7.691017e-001	1.000000e+000
2.311271496340923e-008	7.861977e-001	1.000000e+000
2.330802746340924e-008	8.026201e-001	1.000000e+000
2.350333996340924e-008	8.183427e-001	1.000000e+000
2.369865246340924e-008	8.333396e-001	1.000000e+000
2.389396496340924e-008	8.475858e-001	1.000000e+000
2.408927746340924e-008	8.610579e-001	1.000000e+000
2.428458996340924e-008	8.737351e-001	1.000000e+000
2.447990246340924e-008	8.856000e-001	1.000000e+000
2.467521496340925e-008	8.966402e-001	1.000000e+000
2.487052746340925e-008	9.068485e-001	1.000000e+000
2.506583996340925e-008	9.162247e-001	1.000000e+000
2.526115246340925e-008	9.247761e-001	1.000000e+000
2.545646496340925e-008	9.325182e-001	1.000000e+000
2.565177746340925e-008	9.394753e-001	1.000000e+000
2.584708996340925e-008	9.456806e-001	1.000000e+000
2.604240246340926e-008	9.511760e-001	1.000000e+000
2.623771496340926e-008	9.560114e-001	1.000000e+000
2.643302746340926e-008	9.602441e-001	1.000000e+000
2.662833996340926e-008	9.639378e-001	1.000000e+000
2.682365246340926e-008	9.671606e-001	1.000000e+000
2.701896496340926e-008	9.699838e-001	1.000000e+000
2.721427746340926e-008	9.724796e-001	1.000000e+000
2.740958996340927e-008	9.747195e-001	1.000000e+000
2.760490246340927e-008	9.767719e-001	1.000000e+000
2.780021496340927e-008	9.787005e-001	1.000000e+000
2.799552746340927e-008	9.805624e-001	1.000000e+000
2.819083996340927e-008	9.824066e-001	1.000000e+000
2.838615246340927e-008	9.842724e-001	1.000000e+000
2.858146496340927e-008	9.861889e-001	1.000000e+000
2.877677746340928e-008	9.881749e-001	1.000000e+000
2.897208996340928e-008	9.902380e-001	1.000000e+000
2.916740246340928e-008	9.923757e-001	1.000000e+000
2.936271496340928e-008	9.945759e-001	1.000000e+000
2.955802746340928e-008	9.968184e-001	1.000000e+000
2.975333996340928e-008	9.990764e-001	1.000000e+000
2.994865246340928e-008	1.001318e+000	1.000000e+000
3.014396496340928e-008	1.003508e+000	1.000000e+000
3.033927746340928e-008	1.005612e+000	1.000000e+000
3.053458996340928e-008	1.007596e+000	1.000000e+000
3.072990246340928e-008	1.009427e+000	1.000000e+000
3.092521496340928e-008	1.011080e+000	1.000000e+000
3.112052746340927e-008	1.012534e+000	1.000000e+000
3.131583996340927e-008	1.013777e+000	1.000000e+000
3.151115246340927e-008	1.014803e+000	1.000000e+000
3.170646496340927e-008	1.015616e+000	1.000000e+000
3.190177746340927e-008	1.016226e+000	1.000000e+000
3.209708996340926e-008	1.016651e+000	1.000000e+000
3.229240246340926e-008	1.016917e+000	1.000000e+000
3.248771496340926e-008	1.017051e+000	1.000000e+000
3.268302746340926e-008	1.017087e+000	1.000000e+000
3.287833996340926e-008	1.017060e+000	1.000000e+000
3.307365246340925e-008	1.017003e+000	1.000000e+000
3.326896496340925e-008	1.016950e+000	1.000000e+000
3.346427746340925e-008	1.016929e+000	1.000000e+000
3.365958996340925e-008	1.016965e+000	1.000000e+000
3.385490246340925e-008	1.017078e+000	1.000000e+000
3.405021496340925e-008	1.017280e+000	1.000000e+000
3.424552746340924e-008	1.017575e+000	1.000000e+000
3.444083996340924e-008	1.017965e+000	1.000000e+000
3.463615246340924e-008	1.018439e+000	1.000000e+000
3.483146496340924e-008	1.018987e+000	1.000000e+000
3.502677746340924e-008	1.019588e+000	1.000000e+000
3.522208996340923e-008	1.020223e+000	1.000000e+000
3.541740246340923e-008	1.020869e+000	1.000000e+000
3.561271496340923e-008	1.021500e+000	1.000000e+000
3.580802746340923e-008	1.022095e+000	1.000000e+000
3.600333996340923e-008	1.022633e+000	1.000000e+000
3.619865246340922e-008	1.023098e+000	1.000000e+000
3.639396496340922e-008	1.023477e+000	1.000000e+000
3.658927746340922e-008	1.023763e+000	1.000000e+000
3.678458996340922e-008	1.023955e+000	1.000000e+000
3.697990246340922e-008	1.024058e+000	1.000000e+000
3.717521496340922e-008	1.024080e+000	1.000000e+000
3.737052746340921e-008	1.024037e+000	1.000000e+000
3.756583996340921e-008	1.023947e+000	1.000000e+000
3.776115246340921e-008	1.023832e+000	1.000000e+000
3.795646496340921e-008	1.023713e+000	1.000000e+000
3.815177746340921e-008	1.023616e+000	1.000000e+000
3.834708996340920e-008	1.023562e+000	1.000000e+000
3.854240246340920e-008	1.023574e+000	1.000000e+000
3.873771496340920e-008	1.023669e+000	1.000000e+000
3.893302746340920e-008	1.023864e+000	1.000000e+000
3.912833996340920e-008	1.024169e+000	1.000000e+000
3.932365246340919e-008	1.024591e+000	1.000000e+000
3.951896496340919e-008	1.025135e+000	1.000000e+000
3.971427746340919e-008	1.025799e+000	1.000000e+000
3.990958996340919e-008	1.026580e+000	1.000000e+000
4.010490246340919e-008	1.027473e+000	1.000000e+000
4.030021496340919e-008	1.028472e+000	1.000000e+000
4.049552746340918e-008	1.029568e+000	1.000000e+000
4.069083996340918e-008	1.030757e+000	1.000000e+000
4.088615246340918e-008	1.032033e+000	1.000000e+000
4.108146496340918e-008	1.033396e+000	1.000000e+000
4.127677746340918e-008	1.034847e+000	1.000000e+000
4.147208996340917e-008	1.036393e+000	1.000000e+000
4.166740246340917e-008	1.038044e+000	1.000000e+000
4.186271496340917e-008	1.039814e+000	1.000000e+000
4.205802746340917e-008	1.041721e+000	1.000000e+000
4.225333996340917e-008	1.043789e+000	1.000000e+000
4.244865246340917e-008	1.046041e+000	1.000000e+000
4.264396496340916e-008	1.048504e+000	1.000000e+000
4.283927746340916e-008	1.051207e+000	1.000000e+000
4.303458996340916e-008	1.054175e+000	1.000000e+000
4.322990246340916e-008	1.057437e+000	1.000000e+000
4.342521496340916e-008	1.061015e+000	1.000000e+000
4.362052746340915e-008	1.064929e+000	1.000000e+000
4.381583996340915e-008	1.069198e+000	1.000000e+000
4.401115246340915e-008	1.073832e+000	1.000000e+000
4.420646496340915e-008	1.078840e+000	1.000000e+000
4.440177746340915e-008	1.084222e+000	1.000000e+000
4.459708996340914e-008	1.089976e+000	1.000000e+000
4.479240246340914e-008	1.096093e+000	1.000000e+000
4.498771496340914e-008	1.102561e+000	1.000000e+000
4.518302746340914e-008	1.109363e+000	1.000000e+000
4.537833996340914e-008	1.116477e+000	1.000000e+000
4.557365246340914e-008	1.123881e+000	1.000000e+000
4.576896496340913e-008	1.131548e+000	1.000000e+000
4.596427746340913e-008	1.139451e+000	1.000000e+000
4.615958996340913e-008	1.147559e+000	1.000000e+000
4.635490246340913e-008	1.155842e+000	1.000000e+000
4.655021496340913e-008	1.164269e+000	1.000000e+000
4.674552746340912e-008	1.172806e+000	1.000000e+000
4.694083996340912e-008	1.181419e+000	1.000000e+000
4.713615246340912e-008	1.190075e+000	1.000000e+000
4.733146496340912e-008	1.198735e+000	1.000000e+000
4.752677746340912e-008	1.207361e+000	1.000000e+000
4.772208996340911e-008	1.215914e+000	1.000000e+000
4.791740246340911e-008	1.224351e+000	1.000000e+000
4.811271496340911e-008	1.232627e+000	1.000000e+000
4.830802746340911e-008	1.240693e+000	1.000000e+000
4.850333996340911e-008	1.248500e+000	1.000000e+000
4.869865246340911e-008	1.255996e+000	1.000000e+000
4.889396496340910e-008	1.263129e+000	1.000000e+000
4.908927746340910e-008	1.269842e+000	1.000000e+000
4.928458996340910e-008	1.276083e+000	1.000000e+000
4.947990246340910e-008	1.281796e+000	1.000000e+000
4.967521496340910e-008	1.286932e+000	1.000000e+000
4.987052746340909e-008	1.291441e+000	1.000000e+000
5.006583996340909e-008	1.295279e+000	1.000000e+000
5.026115246340909e-008	1.298407e+000	1.000000e+000
5.045646496340909e-008	1.300794e+000	1.000000e+000
5.065177746340909e-008	1.302413e+000	1.000000e+000
5.084708996340908e-008	1.303247e+000	1.000000e+000
5.104240246340908e-008	1.303289e+000	1.000000e+000
5.123771496340908e-008	1.302536e+000	1.000000e+000
5.143302746340908e-008	1.300999e+000	1.000000e+000
5.162833996340908e-008	1.298694e+000	1.000000e+000
5.182365246340908e-008	1.295647e+000	1.000000e+000
5.201896496340907e-008	1.291889e+000	1.000000e+000
5.221427746340907e-008	1.287459e+000	1.000000e+000
5.240958996340907e-008	1.282402e+000	1.000000e+000
5.260490246340907e-008	1.276767e+000	1.000000e+000
5.280021496340907e-008	1.270605e+000	1.000000e+000
5.299552746340906e-008	1.263970e+000	1.000000e+000
5.319083996340906e-008	1.256919e+000	1.000000e+000
5.338615246340906e-008	1.249506e+000	1.000000e+000
5.358146496340906e-008	1.241786e+000	1.000000e+000
5.377677746340906e-008	1.233812e+000	1.000000e+000
5.397208996340905e-008	1.225636e+000	1.000000e+000
5.416740246340905e-008	1.217304e+000	1.000000e+000
5.436271496340905e-008	1.208865e+000	1.000000e+000
5.455802746340905e-008	1.200360e+000	1.000000e+000
5.475333996340905e-008	1.191829e+000	1.000000e+000
5.494865246340905e-008	1.183310e+000	1.000000e+000
5.514396496340904e-008	1.174837e+000	1.000000e+000
5.533927746340904e-008	1.166443e+000	1.000000e+000
5.553458996340904e-008	1.158156e+000	1.000000e+000
5.572990246340904e-008	1.150006e+000	1.000000e+000
5.592521496340904e-008	1.142017e+000	1.000000e+000
5.612052746340903e-008	1.134214e+000	1.000000e+000
5.631583996340903e-008	1.126620e+000	1.000000e+000
5.651115246340903e-008	1.119254e+000	1.000000e+000
5.670646496340903e-008	1.112137e+000	1.000000e+000
5.690177746340903e-008	1.105285e+000	1.000000e+000
5.709708996340902e-008	1.098712e+000	1.000000e+000
5.729240246340902e-008	1.092434e+000	1.000000e+000
5.748771496340902e-008	1.086459e+000	1.000000e+000
5.768302746340902e-008	1.080797e+000	1.000000e+000
5.787833996340902e-008	1.075454e+000	1.000000e+000
5.807365246340902e-008	1.070432e+000	1.000000e+000
5.826896496340901e-008	1.065733e+000	1.000000e+000
5.846427746340901e-008	1.061354e+000	1.000000e+000
5.865958996340901e-008	1.057292e+000	1.000000e+000
5.885490246340901e-008	1.053539e+000	1.000000e+000
5.905021496340901e-008	1.050086e+000	1.000000e+000
5.924552746340900e-008	1.046921e+000	1.000000e+000
5.944083996340900e-008	1.044033e+000	1.000000e+000
5.963615246340900e-008	1.041405e+000	1.000000e+000
5.983146496340901e-008	1.039021e+000	1.000000e+000
6.002677746340901e-008	1.036865e+000	1.000000e+000
6.022208996340901e-008	1.034916e+000	1.000000e+000
6.041740246340902e-008	1.033156e+000	1.000000e+000
6.061271496340902e-008	1.031565e+000	1.000000e+000
6.080802746340903e-008	1.030121e+000	1.000000e+000
6.100333996340903e-008	1.028803e+000	1.000000e+000
6.119865246340904e-008	1.027591e+000	1.000000e+000
6.139396496340904e-008	1.026464e+000	1.000000e+000
6.158927746340905e-008	1.025399e+000	1.000000e+000
6.178458996340905e-008	1.024377e+000	1.000000e+000
6.197990246340906e-008	1.023377e+000	1.000000e+000
6.217521496340906e-008	1.022381e+000	1.000000e+000
6.237052746340907e-008	1.021372e+000	1.000000e+000
6.256583996340907e-008	1.020334e+000	1.000000e+000
6.276115246340908e-008	1.019255e+000	1.000000e+000
6.295646496340908e-008	1.018124e+000	1.000000e+000
6.315177746340909e-008	1.016932e+000	1.000000e+000
6.334708996340909e-008	1.015678e+000	1.000000e+000
6.354240246340910e-008	1.014361e+000	1.000000e+000
6.373771496340910e-008	1.012983e+000	1.000000e+000
6.393302746340910e-008	1.011554e+000	1.000000e+000
6.412833996340911e-008	1.010086e+000	1.000000e+000
6.432365246340911e-008	1.008592e+000	1.000000e+000
6.451896496340912e-008	1.007093e+000	1.000000e+000
6.471427746340912e-008	1.005609e+000	1.000000e+000
6.490958996340913e-008	1.004164e+000	1.000000e+000
6.510490246340913e-008	1.002784e+000	1.000000e+000
6.530021496340914e-008	1.001492e+000	1.000000e+000
6.549552746340914e-008	1.000314e+000	1.000000e+000
6.569083996340915e-008	9.992726e-001	1.000000e+000
6.588615246340915e-008	9.983876e-001	1.000000e+000
6.608146496340916e-008	9.976758e-001	1.000000e+000
6.627677746340916e-008	9.971496e-001	1.000000e+000
6.647208996340917e-008	9.968165e-001	1.000000e+000
6.666740246340917e-008	9.966784e-001	1.000000e+000
6.686271496340918e-008	9.967320e-001	1.000000e+000
6.705802746340918e-008	9.969682e-001	1.000000e+000
6.725333996340919e-008	9.973728e-001	1.000000e+000
6.744865246340919e-008	9.979272e-001	1.000000e+000
6.764396496340920e-008	9.986087e-001	1.000000e+000
6.783927746340920e-008	9.993919e-001	1.000000e+000
6.803458996340920e-008	1.000250e+000	1.000000e+000
6.822990246340921e-008	1.001155e+000	1.000000e+000
6.842521496340921e-008	1.002080e+000	1.000000e+000
6.862052746340922e-008	1.003001e+000	1.000000e+000
6.881583996340922e-008	1.003897e+000	1.000000e+000
6.901115246340923e-008	1.004751e+000	1.000000e+000
6.920646496340923e-008	1.005551e+000	1.000000e+000
6.940177746340924e-008	1.006292e+000	1.000000e+000
6.959708996340924e-008	1.006974e+000	1.000000e+000
6.979240246340925e-008	1.007605e+000	1.000000e+000
6.998771496340925e-008	1.008199e+000	1.000000e+000
7.018302746340926e-008	1.008773e+000	1.000000e+000
7.037833996340926e-008	1.009353e+000	1.000000e+000
7.057365246340927e-008	1.009964e+000	1.000000e+000
7.076896496340927e-008	1.010639e+000	1.000000e+000
7.096427746340928e-008	1.011408e+000	1.000000e+000
7.115958996340928e-008	1.012302e+000	1.000000e+000
7.135490246340929e-008	1.013352e+000	1.000000e+000
7.155021496340929e-008	1.014584e+000	1.000000e+000
7.174552746340929e-008	1.016020e+000	1.000000e+000
7.194083996340930e-008	1.017677e+000	1.000000e+000
7.213615246340930e-008	1.019568e+000	1.000000e+000
7.233146496340931e-008	1.021695e+000	1.000000e+000
7.252677746340931e-008	1.024055e+000	1.000000e+000
7.272208996340932e-008	1.026640e+000	1.000000e+000
7.291740246340932e-008	1.029432e+000	1.000000e+000
7.311271496340933e-008	1.032408e+000	1.000000e+000
7.330802746340933e-008	1.035540e+000	1.000000e+000
7.350333996340934e-008	1.038794e+000	1.000000e+000
7.369865246340934e-008	1.042134e+000	1.000000e+000
7.389396496340935e-008	1.045522e+000	1.000000e+000
7.408927746340935e-008	1.048917e+000	1.000000e+000
7.428458996340936e-008	1.052281e+000	1.000000e+000
7.447990246340936e-008	1.055575e+000	1.000000e+000
7.467521496340937e-008	1.058764e+000	1.000000e+000
7.487052746340937e-008	1.061816e+000	1.000000e+000
7.506583996340938e-008	1.064702e+000	1.000000e+000
7.526115246340938e-008	1.067397e+000	1.000000e+000
7.545646496340939e-008	1.069882e+000	1.000000e+000
7.565177746340939e-008	1.072141e+000	1.000000e+000
7.584708996340939e-008	1.074162e+000	1.000000e+000
7.604240246340940e-008	1.075937e+000	1.000000e+000
7.623771496340940e-008	1.077459e+000	1.000000e+000
7.643302746340941e-008	1.078726e+000	1.000000e+000
7.662833996340941e-008	1.079735e+000	1.000000e+000
7.682365246340942e-008	1.080483e+000	1.000000e+000
7.701896496340942e-008	1.080968e+000	1.000000e+000
7.721427746340943e-008	1.081187e+000	1.000000e+000
7.740958996340943e-008	1.081133e+000	1.000000e+000
7.760490246340944e-008	1.080799e+000	1.000000e+000
7.780021496340944e-008	1.080173e+000	1.000000e+000
7.799552746340945e-008	1.079244e+000	1.000000e+000
7.819083996340945e-008	1.077996e+000	1.000000e+000
7.838615246340946e-008	1.076412e+000	1.000000e+000
7.858146496340946e-008	1.074473e+000	1.000000e+000
7.877677746340947e-008	1.072162e+000	1.000000e+000
7.897208996340947e-008	1.069458e+000	1.000000e+000
7.916740246340948e-008	1.066346e+000	1.000000e+000
7.936271496340948e-008	1.062811e+000	1.000000e+000
7.955802746340948e-008	1.058843e+000	1.000000e+000
7.975333996340949e-008	1.054435e+000	1.000000e+000
7.994865246340949e-008	1.049587e+000	1.000000e+000
8.014396496340950e-008	1.044306e+000	1.000000e+000
8.033927746340950e-008	1.038604e+000	1.000000e+000
8.053458996340951e-008	1.032504e+000	1.000000e+000
8.072990246340951e-008	1.026032e+000	1.000000e+000
8.092521496340952e-008	1.019226e+000	1.000000e+000
8.112052746340952e-008	1.012130e+000	1.000000e+000
8.131583996340953e-008	1.004792e+000	1.000000e+000
8.151115246340953e-008	9.972690e-001	1.000000e+000
8.170646496340954e-008	9.896218e-001	1.000000e+000
8.190177746340954e-008	9.819142e-001	1.000000e+000
8.209708996340955e-008	9.742125e-001	1.000000e+000
8.229240246340955e-008	9.665835e-001	1.000000e+000
8.248771496340956e-008	9.590933e-001	1.000000e+000
8.268302746340956e-008	9.518059e-001	1.000000e+000
8.287833996340957e-008	9.447814e-001	1.000000e+000
8.307365246340957e-008	9.380753e-001	1.000000e+000
8.326896496340957e-008	9.317369e-001	1.000000e+000
8.346427746340958e-008	9.258091e-001	1.000000e+000
8.365958996340958e-008	9.203269e-001	1.000000e+000
8.385490246340959e-008	9.153181e-001	1.000000e+000
8.405021496340959e-008	9.108021e-001	1.000000e+000
8.424552746340960e-008	9.067907e-001	1.000000e+000
8.444083996340960e-008	9.032884e-001	1.000000e+000
8.463615246340961e-008	9.002929e-001	1.000000e+000
8.483146496340961e-008	8.977956e-001	1.000000e+000
8.502677746340962e-008	8.957828e-001	1.000000e+000
8.522208996340962e-008	8.942369e-001	1.000000e+000
8.541740246340963e-008	8.931365e-001	1.000000e+000
8.561271496340963e-008	8.924584e-001	1.000000e+000
8.580802746340964e-008	8.921777e-001	1.000000e+000
8.600333996340964e-008	8.922693e-001	1.000000e+000
8.619865246340965e-008	8.927082e-001	1.000000e+000
8.639396496340965e-008	8.934699e-001	1.000000e+000
8.658927746340966e-008	8.945313e-001	1.000000e+000
8.678458996340966e-008	8.958703e-001	1.000000e+000
8.697990246340967e-008	8.974662e-001	1.000000e+000
8.717521496340967e-008	8.992994e-001	1.000000e+000
8.737052746340967e-008	9.013511e-001	1.000000e+000
8.756583996340968e-008	9.036030e-001	1.000000e+000
8.776115246340968e-008	9.060369e-001	1.000000e+000
8.795646496340969e-008	9.086342e-001	1.000000e+000
8.815177746340969e-008	9.113755e-001	1.000000e+000
8.834708996340970e-008	9.142404e-001	1.000000e+000
8.854240246340970e-008	9.172069e-001	1.000000e+000
8.873771496340971e-008	9.202517e-001	1.000000e+000
8.893302746340971e-008	9.233497e-001	1.000000e+000
8.912833996340972e-008	9.264750e-001	1.000000e+000
8.932365246340972e-008	9.296003e-001	1.000000e+000
8.951896496340973e-008	9.326980e-001	1.000000e+000
8.971427746340973e-008	9.357407e-001	1.000000e+000
8.990958996340974e-008	9.387017e-001	1.000000e+000
9.010490246340974e-008	9.415559e-001	1.000000e+000
9.030021496340975e-008	9.442806e-001	1.000000e+000
9.049552746340975e-008	9.468560e-001	1.000000e+000
9.069083996340976e-008	9.492663e-001	1.000000e+000
9.088615246340976e-008	9.514996e-001	1.000000e+000
9.108146496340976e-008	9.535489e-001	1.000000e+000
9.127677746340977e-008	9.554120e-001	1.000000e+000
9.147208996340977e-008	9.570913e-001	1.000000e+000
9.166740246340978e-008	9.585943e-001	1.000000e+000
9.186271496340978e-008	9.599322e-001	1.000000e+000
9.205802746340979e-008	9.611202e-001	1.000000e+000
9.225333996340979e-008	9.621765e-001	1.000000e+000
9.244865246340980e-008	9.631211e-001	1.000000e+000
9.264396496340980e-008	9.639754e-001	1.000000e+000
9.283927746340981e-008	9.647609e-001	1.000000e+000
9.303458996340981e-008	9.654986e-001	1.000000e+000
9.322990246340982e-008	9.662076e-001	1.000000e+000
9.342521496340982e-008	9.669054e-001	1.000000e+000
9.362052746340983e-008	9.676059e-001	1.000000e+000
9.381583996340983e-008	9.683207e-001	1.000000e+000
9.401115246340984e-008	9.690573e-001	1.000000e+000
9.420646496340984e-008	9.698201e-001	1.000000e+000
9.440177746340985e-008	9.706108e-001	1.000000e+000
9.459708996340985e-008	9.714279e-001	1.000000e+000
9.479240246340986e-008	9.722682e-001	1.000000e+000
9.498771496340986e-008	9.731268e-001	1.000000e+000
9.518302746340986e-008	9.739982e-001	1.000000e+000
9.537833996340987e-008	9.748771e-001	1.000000e+000
9.557365246340987e-008	9.757588e-001	1.000000e+000
9.576896496340988e-008	9.766400e-001	1.000000e+000
9.596427746340988e-008	9.775195e-001	1.000000e+000
9.615958996340989e-008	9.783981e-001	1.000000e+000
9.635490246340989e-008	9.792792e-001	1.000000e+000
9.655021496340990e-008	9.801682e-001	1.000000e+000
9.674552746340990e-008	9.810729e-001	1.000000e+000
9.694083996340991e-008	9.820025e-001	1.000000e+000
9.713615246340991e-008	9.829674e-001	1.000000e+000
9.733146496340992e-008	9.839782e-001	1.000000e+000
9.752677746340992e-008	9.850449e-001	1.000000e+000
9.772208996340993e-008	9.861764e-001	1.000000e+000
9.791740246340993e-008	9.873794e-001	1.000000e+000
9.811271496340994e-008	9.886578e-001	1.000000e+000
9.830802746340994e-008	9.900121e-001	1.000000e+000
9.850333996340995e-008	9.914392e-001	1.000000e+000
9.869865246340995e-008	9.929320e-001	1.000000e+000
9.889396496340995e-008	9.944793e-001	1.000000e+000
9.908927746340996e-008	9.960666e-001	1.000000e+000
9.928458996340996e-008	9.976763e-001	1.000000e+000
9.947990246340997e-008	9.992880e-001	1.000000e+000
9.967521496340997e-008	1.000880e+000	1.000000e+000
9.987052746340998e-008	1.002431e+000	1.000000e+000
1.000658399634100e-007	1.003919e+000	1.000000e+000
1.002611524634100e-007	1.005323e+000	1.000000e+000
1.004564649634100e-007	1.006627e+000	1.000000e+000
1.006517774634100e-007	1.007817e+000	1.000000e+000
1.008470899634100e-007	1.008883e+000	1.000000e+000
1.010424024634100e-007	1.009821e+000	1.000000e+000
1.012377149634100e-007	1.010630e+000	1.000000e+000
1.014330274634100e-007	1.011316e+000	1.000000e+000
1.016283399634100e-007	1.011888e+000	1.000000e+000
1.018236524634100e-007	1.012361e+000	1.000000e+000
1.020189649634100e-007	1.012752e+000	1.000000e+000
1.022142774634100e-007	1.013079e+000	1.000000e+000
1.024095899634100e-007	1.013363e+000	1.000000e+000
1.026049024634100e-007	1.013625e+000	1.000000e+000
1.028002149634101e-007	1.013882e+000	1.000000e+000
1.029955274634101e-007	1.014151e+000	1.000000e+000
1.031908399634101e-007	1.014444e+000	1.000000e+000
1.033861524634101e-007	1.014767e+000	1.000000e+000
1.035814649634101e-007	1.015122e+000	1.000000e+000
1.037767774634101e-007	1.015504e+000	1.000000e+000
1.039720899634101e-007	1.015903e+000	1.000000e+000
1.041674024634101e-007	1.016300e+000	1.000000e+000
1.043627149634101e-007	1.016674e+000	1.000000e+000
1.045580274634101e-007	1.016996e+000	1.000000e+000
1.047533399634101e-007	1.017235e+000	1.000000e+000
1.049486524634101e-007	1.017357e+000	1.000000e+000
1.051439649634101e-007	1.017325e+000	1.000000e+000
1.053392774634101e-007	1.017104e+000	1.000000e+000
1.055345899634101e-007	1.016659e+000	1.000000e+000
1.057299024634101e-007	1.015959e+000	1.000000e+000
1.059252149634101e-007	1.014976e+000	1.000000e+000
1.061205274634101e-007	1.013688e+000	1.000000e+000
1.063158399634101e-007	1.012080e+000	1.000000e+000
1.065111524634101e-007	1.010141e+000	1.000000e+000
1.067064649634101e-007	1.007870e+000	1.000000e+000
1.069017774634102e-007	1.005272e+000	1.000000e+000
1.070970899634102e-007	1.002360e+000	1.000000e+000
1.072924024634102e-007	9.992161e-001	1.000000e+000
1.073046875000000e-007	9.990084e-001	1.000000e+000
1.073292575731796e-007	9.985804e-001	1.000000e+000
1.074017197072814e-007	9.972985e-001	1.000000e+000
1.074483636827662e-007	9.964524e-001	1.000000e+000
1.075000000000000e-007	9.955055e-001	1.000000e+000
1.075051636317234e-007	9.954093e-001	9.993115e-001
1.075154908951701e-007	9.952165e-001	9.979345e-001
1.075361454220636e-007	9.948285e-001	9.951806e-001
1.075774544758506e-007	9.940430e-001	9.896727e-001
1.076600725834246e-007	9.924364e-001	9.786570e-001
1.078253087985726e-007	9.891221e-001	9.566255e-001
1.080206212985726e-007	9.850680e-001	9.305838e-001
1.082159337985727e-007	9.808838e-001	9.045421e-001
1.084112462985727e-007	9.766031e-001	8.785005e-001
1.086065587985727e-007	9.722668e-001	8.524588e-001
1.088018712985727e-007	9.679153e-001	8.264171e-001
1.089971837985727e-007	9.635875e-001	8.003755e-001
1.091924962985727e-007	9.593201e-001	7.743338e-001
1.093878087985727e-007	9.551470e-001	7.482921e-001
1.095831212985727e-007	9.510990e-001	7.222505e-001
1.097784337985727e-007	9.472040e-001	6.962088e-001
1.099737462985727e-007	9.434863e-001	6.701671e-001
1.101690587985727e-007	9.399672e-001	6.441255e-001
1.103643712985727e-007	9.366652e-001	6.180838e-001
1.105596837985727e-007	9.335963e-001	5.920421e-001
1.107549962985727e-007	9.307742e-001	5.660005e-001
1.109503087985727e-007	9.282107e-001	5.399588e-001
1.111456212985727e-007	9.259164e-001	5.139171e-001
1.113409337985727e-007	9.239006e-001	4.878755e-001
1.115362462985727e-007	9.221718e-001	4.618338e-001
1.117315587985727e-007	9.207379e-001	4.357921e-001
1.119268712985727e-007	9.196062e-001	4.097505e-001
1.121221837985727e-007	9.187837e-001	3.837088e-001
1.123174962985728e-007	9.182767e-001	3.576671e-001
1.125128087985728e-007	9.180912e-001	3.316255e-001
1.127081212985728e-007	9.182320e-001	3.055838e-001
1.129034337985728e-007	9.187031e-001	2.795421e-001
1.130987462985728e-007	9.195074e-001	2.535005e-001
1.132940587985728e-007	9.206458e-001	2.274588e-001
1.134893712985728e-007	9.221179e-001	2.014172e-001
1.136846837985728e-007	9.239209e-001	1.753755e-001
1.138799962985728e-007	9.260496e-001	1.493338e-001
1.140753087985728e-007	9.284963e-001	1.232922e-001
1.142706212985728e-007	9.312507e-001	9.725049e-002
1.144659337985728e-007	9.342995e-001	7.120883e-002
1.146612462985728e-007	9.376097e-001	4.516716e-002
1.148046875000000e-007	9.402199e-001	2.604167e-002
1.150000000000000e-007	9.439442e-001	0.000000e+000
1.150004296879739e-007	9.439527e-001	0.000000e+000
1.150012890639218e-007	9.439698e-001	0.000000e+000
1.150324721340291e-007	9.445944e-001	0.000000e+000
1.150636552041365e-007	9.452250e-001	0.000000e+000
1.150948382742439e-007	9.458617e-001	0.000000e+000
1.151260213443513e-007	9.465045e-001	0.000000e+000
1.151572044144587e-007	9.471533e-001	0.000000e+000
1.151883874845660e-007	9.478083e-001	0.000000e+000
1.152195705546734e-007	9.484693e-001	0.000000e+000
1.154148830546734e-007	9.526856e-001	0.000000e+000
1.156101955546734e-007	9.570382e-001	0.000000e+000
1.158055080546734e-007	9.615161e-001	0.000000e+000
1.160008205546734e-007	9.660844e-001	0.000000e+000
1.161961330546735e-007	9.707063e-001	0.000000e+000
1.163914455546735e-007	9.753433e-001	0.000000e+000
1.165867580546735e-007	9.799558e-001	0.000000e+000
1.167820705546735e-007	9.845032e-001	0.000000e+000
1.169773830546735e-007	9.889448e-001	0.000000e+000
1.171726955546735e-007	9.932398e-001	0.000000e+000
1.173680080546735e-007	9.973592e-001	0.000000e+000
1.175286726378163e-007	1.000577e+000	0.000000e+000
1.177097246980150e-007	1.003987e+000	0.000000e+000
1.178852810736113e-007	1.007057e+000	0.000000e+000
1.180805935736113e-007	1.010169e+000	0.000000e+000
1.182759060736113e-007	1.012943e+000	0.000000e+000
1.184712185736113e-007	1.015348e+000	0.000000e+000
1.186665310736113e-007	1.017365e+000	0.000000e+000
1.188618435736113e-007	1.018975e+000	0.000000e+000
1.190571560736114e-007	1.020169e+000	0.000000e+000
1.192524685736113e-007	1.020940e+000	0.000000e+000
1.194477810736113e-007	1.021285e+000	0.000000e+000
1.196430935736114e-007	1.021205e+000	0.000000e+000
1.198384060736114e-007	1.020705e+000	0.000000e+000
1.200337185736114e-007	1.019793e+000	0.000000e+000
1.202290310736114e-007	1.018476e+000	0.000000e+000
1.204243435736114e-007	1.016764e+000	0.000000e+000
1.206196560736114e-007	1.014664e+000	0.000000e+000
1.208149685736114e-007	1.012184e+000	0.000000e+000
1.210102810736114e-007	1.009326e+000	0.000000e+000
1.212055935736114e-007	1.006089e+000	0.000000e+000
1.214009060736114e-007	1.002468e+000	0.000000e+000
1.215962185736114e-007	9.984492e-001	0.000000e+000
1.217915310736114e-007	9.940153e-001	0.000000e+000
1.219868435736114e-007	9.891404e-001	0.000000e+000
1.221821560736114e-007	9.837924e-001	0.000000e+000
1.223774685736114e-007	9.779330e-001	0.000000e+000
1.225727810736114e-007	9.715180e-001	0.000000e+000
1.227680935736114e-007	9.644988e-001	0.000000e+000
1.229634060736114e-007	9.568236e-001	0.000000e+000
1.231587185736114e-007	9.484389e-001	0.000000e+000
1.233540310736114e-007	9.392915e-001	0.000000e+000
1.235493435736114e-007	9.293303e-001	0.000000e+000
1.237446560736115e-007	9.185086e-001	0.000000e+000
1.239399685736115e-007	9.067857e-001	0.000000e+000
1.241352810736115e-007	8.941293e-001	0.000000e+000
1.243305935736115e-007	8.805164e-001	0.000000e+000
1.245259060736115e-007	8.659512e-001	0.000000e+000
1.247085610059417e-007	8.514399e-001	0.000000e+000
1.249038735059417e-007	8.349841e-001	0.000000e+000
1.250991860059417e-007	8.176154e-001	0.000000e+000
1.252944985059417e-007	7.993574e-001	0.000000e+000
1.254898110059417e-007	7.802619e-001	0.000000e+000
1.256851235059417e-007	7.603916e-001	0.000000e+000
1.258804360059417e-007	7.398196e-001	0.000000e+000
1.260757485059417e-007	7.186272e-001	0.000000e+000
1.262710610059417e-007	6.969013e-001	0.000000e+000
1.264663735059417e-007	6.747332e-001	0.000000e+000
1.266616860059417e-007	6.522157e-001	0.000000e+000
1.268569985059417e-007	6.294410e-001	0.000000e+000
1.270523110059417e-007	6.064985e-001	0.000000e+000
1.272476235059417e-007	5.834730e-001	0.000000e+000
1.274429360059417e-007	5.604433e-001	0.000000e+000
1.276382485059417e-007	5.374804e-001	0.000000e+000
1.278335610059417e-007	5.146471e-001	0.000000e+000
1.280288735059417e-007	4.919976e-001	0.000000e+000
1.282241860059417e-007	4.695773e-001	0.000000e+000
1.284194985059417e-007	4.474235e-001	0.000000e+000
1.286148110059417e-007	4.255664e-001	0.000000e+000
1.288101235059418e-007	4.040298e-001	0.000000e+000
1.290054360059418e-007	3.828330e-001	0.000000e+000
1.292007485059418e-007	3.619923e-001	0.000000e+000
1.293960610059418e-007	3.415227e-001	0.000000e+000
1.295913735059418e-007	3.214392e-001	0.000000e+000
1.297866860059418e-007	3.017588e-001	0.000000e+000
1.299819985059418e-007	2.825013e-001	0.000000e+000
1.301773110059418e-007	2.636907e-001	0.000000e+000
1.303726235059418e-007	2.453551e-001	0.000000e+000
1.305679360059418e-007	2.275276e-001	0.000000e+000
1.307632485059418e-007	2.102456e-001	0.000000e+000
1.309585610059418e-007	1.935500e-001	0.000000e+000
1.311538735059418e-007	1.774844e-001	0.000000e+000
1.313491860059418e-007	1.620933e-001	0.000000e+000
1.315444985059418e-007	1.474205e-001	0.000000e+000
1.317398110059418e-007	1.335073e-001	0.000000e+000
1.319351235059418e-007	1.203901e-001	0.000000e+000
1.321304360059418e-007	1.080988e-001	0.000000e+000
1.323257485059418e-007	9.665442e-002	0.000000e+000
1.325210610059418e-007	8.606800e-002	0.000000e+000
1.327163735059418e-007	7.633892e-002	0.000000e+000
1.329116860059419e-007	6.745408e-002	0.000000e+000
1.331069985059419e-007	5.938750e-002	0.000000e+000
1.333023110059419e-007	5.210044e-002	0.000000e+000
1.334976235059419e-007	4.554200e-002	0.000000e+000
1.336929360059419e-007	3.965027e-002	0.000000e+000
1.338882485059419e-007	3.435395e-002	0.000000e+000
1.340835610059419e-007	2.957447e-002	0.000000e+000
1.342788735059419e-007	2.522830e-002	0.000000e+000
1.344741860059419e-007	2.122962e-002	0.000000e+000
1.346694985059419e-007	1.749311e-002	0.000000e+000
1.348648110059419e-007	1.393663e-002	0.000000e+000
1.350601235059419e-007	1.048390e-002	0.000000e+000
1.352554360059419e-007	7.066946e-003	0.000000e+000
1.354507485059419e-007	3.628083e-003	0.000000e+000
1.356460610059419e-007	1.216174e-004	0.000000e+000
1.358413735059419e-007	-3.485036e-003	0.000000e+000
1.360366860059419e-007	-7.210752e-003	0.000000e+000
1.362319985059419e-007	-1.106066e-002	0.000000e+000
1.364273110059419e-007	-1.502666e-002	0.000000e+000
1.366226235059419e-007	-1.908844e-002	0.000000e+000
1.368179360059419e-007	-2.321501e-002	0.000000e+000
1.370132485059420e-007	-2.736653e-002	0.000000e+000
1.372085610059420e-007	-3.149654e-002	0.000000e+000
1.374038735059420e-007	-3.555422e-002	0.000000e+000
1.375991860059420e-007	-3.948687e-002	0.000000e+000
1.377944985059420e-007	-4.324223e-002	0.000000e+000
1.379898110059420e-007	-4.677070e-002	0.000000e+000
1.381851235059420e-007	-5.002725e-002	0.000000e+000
1.383804360059420e-007	-5.297308e-002	0.000000e+000
1.385757485059420e-007	-5.557679e-002	0.000000e+000
1.387710610059420e-007	-5.781519e-002	0.000000e+000
1.389663735059420e-007	-5.967360e-002	0.000000e+000
1.391616860059420e-007	-6.114576e-002	0.000000e+000
1.393569985059420e-007	-6.223330e-002	0.000000e+000
1.395523110059420e-007	-6.294484e-002	0.000000e+000
1.397476235059420e-007	-6.329491e-002	0.000000e+000
1.399429360059420e-007	-6.330249e-002	0.000000e+000
1.401382485059420e-007	-6.298964e-002	0.000000e+000
1.403335610059420e-007	-6.237997e-002	0.000000e+000
1.405288735059420e-007	-6.150207e-002	0.000000e+000
1.407087362933206e-007	-6.046718e-002	0.000000e+000
1.409040487933206e-007	-5.911752e-002	0.000000e+000
1.410993612933206e-007	-5.755975e-002	0.000000e+000
1.412946737933206e-007	-5.580419e-002	0.000000e+000
1.414899862933206e-007	-5.386271e-002	0.000000e+000
1.416852987933206e-007	-5.174422e-002	0.000000e+000
1.418806112933206e-007	-4.945518e-002	0.000000e+000
1.420759237933207e-007	-4.700046e-002	0.000000e+000
1.422712362933207e-007	-4.438429e-002	0.000000e+000
1.424665487933207e-007	-4.161132e-002	0.000000e+000
1.426618612933207e-007	-3.868786e-002	0.000000e+000
1.428571737933207e-007	-3.562285e-002	0.000000e+000
1.430524862933207e-007	-3.242892e-002	0.000000e+000
1.432477987933207e-007	-2.912311e-002	0.000000e+000
1.434431112933207e-007	-2.572736e-002	0.000000e+000
1.436384237933207e-007	-2.226882e-002	0.000000e+000
1.438324824178107e-007	-1.880193e-002	0.000000e+000
1.440277949178108e-007	-1.531847e-002	0.000000e+000
1.442231074178108e-007	-1.188130e-002	0.000000e+000
1.444184199178108e-007	-8.533699e-003	0.000000e+000
1.446137324178108e-007	-5.320550e-003	0.000000e+000
1.448090449178108e-007	-2.286871e-003	0.000000e+000
1.450043574178108e-007	5.236453e-004	0.000000e+000
1.451996699178108e-007	3.070113e-003	0.000000e+000
1.453949824178108e-007	5.315837e-003	0.000000e+000
1.455902949178108e-007	7.229532e-003	0.000000e+000
1.457856074178108e-007	8.786294e-003	0.000000e+000
1.459809199178108e-007	9.968287e-003	0.000000e+000
1.461762324178108e-007	1.076509e-002	0.000000e+000
1.463715449178108e-007	1.117366e-002	0.000000e+000
1.465668574178108e-007	1.119801e-002	0.000000e+000
1.467621699178108e-007	1.084846e-002	0.000000e+000
1.469574824178108e-007	1.014065e-002	0.000000e+000
1.471527949178108e-007	9.094315e-003	0.000000e+000
1.473481074178108e-007	7.731853e-003	0.000000e+000
1.475434199178108e-007	6.076848e-003	0.000000e+000
1.477387324178108e-007	4.152562e-003	0.000000e+000
1.479340449178108e-007	1.980529e-003	0.000000e+000
1.481293574178109e-007	-4.206969e-004	0.000000e+000
1.483246699178109e-007	-3.036560e-003	0.000000e+000
1.485199824178109e-007	-5.857224e-003	0.000000e+000
1.487152949178109e-007	-8.877967e-003	0.000000e+000
1.489106074178109e-007	-1.209924e-002	0.000000e+000
1.491059199178109e-007	-1.552634e-002	0.000000e+000
1.493012324178109e-007	-1.916883e-002	0.000000e+000
1.494965449178109e-007	-2.303958e-002	0.000000e+000
1.496918574178109e-007	-2.715367e-002	0.000000e+000
1.498871699178109e-007	-3.152707e-002	0.000000e+000
1.500824824178109e-007	-3.617530e-002	0.000000e+000
1.502777949178109e-007	-4.111205e-002	0.000000e+000
1.504731074178109e-007	-4.634792e-002	0.000000e+000
1.506684199178109e-007	-5.188932e-002	0.000000e+000
1.508637324178109e-007	-5.773761e-002	0.000000e+000
1.510590449178109e-007	-6.388853e-002	0.000000e+000
1.512543574178109e-007	-7.033193e-002	0.000000e+000
1.514496699178109e-007	-7.705185e-002	0.000000e+000
1.516449824178109e-007	-8.402695e-002	0.000000e+000
1.518402949178109e-007	-9.123120e-002	0.000000e+000
1.520356074178109e-007	-9.863489e-002	0.000000e+000
1.522309199178110e-007	-1.062058e-001	0.000000e+000
1.524262324178110e-007	-1.139103e-001	0.000000e+000
1.526215449178110e-007	-1.217152e-001	0.000000e+000
1.528168574178110e-007	-1.295884e-001	0.000000e+000
1.530121699178110e-007	-1.375006e-001	0.000000e+000
1.532074824178110e-007	-1.454259e-001	0.000000e+000
1.534027949178110e-007	-1.533426e-001	0.000000e+000
1.535981074178110e-007	-1.612339e-001	0.000000e+000
1.537934199178110e-007	-1.690877e-001	0.000000e+000
1.539887324178110e-007	-1.768961e-001	0.000000e+000
1.541840449178110e-007	-1.846552e-001	0.000000e+000
1.543793574178110e-007	-1.923639e-001	0.000000e+000
1.545746699178110e-007	-2.000228e-001	0.000000e+000
1.547699824178110e-007	-2.076328e-001	0.000000e+000
1.549652949178110e-007	-2.151937e-001	0.000000e+000
1.551606074178110e-007	-2.227023e-001	0.000000e+000
1.553559199178110e-007	-2.301515e-001	0.000000e+000
1.555512324178110e-007	-2.375288e-001	0.000000e+000
1.557465449178110e-007	-2.448150e-001	0.000000e+000
1.559418574178110e-007	-2.519839e-001	0.000000e+000
1.561371699178110e-007	-2.590018e-001	0.000000e+000
1.563324824178111e-007	-2.658272e-001	0.000000e+000
1.565277949178111e-007	-2.724118e-001	0.000000e+000
1.567231074178111e-007	-2.787007e-001	0.000000e+000
1.569184199178111e-007	-2.846345e-001	0.000000e+000
1.571137324178111e-007	-2.901499e-001	0.000000e+000
1.573090449178111e-007	-2.951823e-001	0.000000e+000
1.575043574178111e-007	-2.996671e-001	0.000000e+000
1.576996699178111e-007	-3.035427e-001	0.000000e+000
1.578949824178111e-007	-3.067515e-001	0.000000e+000
1.580902949178111e-007	-3.092428e-001	0.000000e+000
1.582856074178111e-007	-3.109741e-001	0.000000e+000
1.584809199178111e-007	-3.119129e-001	0.000000e+000
1.586762324178111e-007	-3.120376e-001	0.000000e+000
1.588715449178111e-007	-3.113387e-001	0.000000e+000
1.590668574178111e-007	-3.098189e-001	0.000000e+000
1.592621699178111e-007	-3.074932e-001	0.000000e+000
1.594574824178111e-007	-3.043883e-001	0.000000e+000
1.596527949178111e-007	-3.005419e-001	0.000000e+000
1.598481074178111e-007	-2.960016e-001	0.000000e+000
1.600434199178111e-007	-2.908232e-001	0.000000e+000
1.602387324178111e-007	-2.850690e-001	0.000000e+000
1.604340449178112e-007	-2.788060e-001	0.000000e+000
1.606293574178112e-007	-2.721043e-001	0.000000e+000
1.608246699178112e-007	-2.650348e-001	0.000000e+000
1.610199824178112e-007	-2.576676e-001	0.000000e+000
1.612152949178112e-007	-2.500703e-001	0.000000e+000
1.614106074178112e-007	-2.423070e-001	0.000000e+000
1.616059199178112e-007	-2.344367e-001	0.000000e+000
1.618012324178112e-007	-2.265125e-001	0.000000e+000
1.619965449178112e-007	-2.185815e-001	0.000000e+000
1.621918574178112e-007	-2.106842e-001	0.000000e+000
1.623871699178112e-007	-2.028545e-001	0.000000e+000
1.625824824178112e-007	-1.951205e-001	0.000000e+000
1.627777949178112e-007	-1.875044e-001	0.000000e+000
1.629731074178112e-007	-1.800233e-001	0.000000e+000
1.631684199178112e-007	-1.726905e-001	0.000000e+000
1.633637324178112e-007	-1.655156e-001	0.000000e+000
1.635590449178112e-007	-1.585060e-001	0.000000e+000
1.637543574178112e-007	-1.516672e-001	0.000000e+000
1.639496699178112e-007	-1.450038e-001	0.000000e+000
1.641449824178112e-007	-1.385202e-001	0.000000e+000
1.643402949178112e-007	-1.322206e-001	0.000000e+000
1.645356074178113e-007	-1.261099e-001	0.000000e+000
1.647309199178113e-007	-1.201936e-001	0.000000e+000
1.649262324178113e-007	-1.144776e-001	0.000000e+000
1.651215449178113e-007	-1.089686e-001	0.000000e+000
1.653168574178113e-007	-1.036655e-001	0.000000e+000
1.654850905223230e-007	-9.925845e-002	0.000000e+000
1.655923435593284e-007	-9.654141e-002	0.000000e+000
1.657090872711356e-007	-9.367311e-002	0.000000e+000
1.658268020359953e-007	-9.087381e-002	0.000000e+000
1.660026723864828e-007	-8.685058e-002	0.000000e+000
1.661794339308753e-007	-8.298952e-002	0.000000e+000
1.663747464308754e-007	-7.894864e-002	0.000000e+000
1.665700589308754e-007	-7.513720e-002	0.000000e+000
1.667653714308754e-007	-7.155624e-002	0.000000e+000
1.669606839308754e-007	-6.819808e-002	0.000000e+000
1.671559964308754e-007	-6.505187e-002	0.000000e+000
1.673513089308754e-007	-6.210345e-002	0.000000e+000
1.675466214308754e-007	-5.933552e-002	0.000000e+000
1.677419339308754e-007	-5.672772e-002	0.000000e+000
1.679372464308754e-007	-5.425696e-002	0.000000e+000
1.681325589308754e-007	-5.189777e-002	0.000000e+000
1.683278714308754e-007	-4.962274e-002	0.000000e+000
1.685231839308754e-007	-4.740308e-002	0.000000e+000
1.687184964308754e-007	-4.520922e-002	0.000000e+000
1.689138089308754e-007	-4.301146e-002	0.000000e+000
1.691091214308754e-007	-4.078070e-002	0.000000e+000
1.693044339308754e-007	-3.848918e-002	0.000000e+000
1.694997464308754e-007	-3.611124e-002	0.000000e+000
1.696950589308754e-007	-3.362408e-002	0.000000e+000
1.698903714308754e-007	-3.100853e-002	0.000000e+000
1.700856839308754e-007	-2.824976e-002	0.000000e+000
1.702809964308754e-007	-2.533792e-002	0.000000e+000
1.704763089308755e-007	-2.226875e-002	0.000000e+000
1.706716214308755e-007	-1.904401e-002	0.000000e+000
1.708669339308755e-007	-1.567189e-002	0.000000e+000
1.710622464308755e-007	-1.216713e-002	0.000000e+000
1.712575589308755e-007	-8.551116e-003	0.000000e+000
1.714528714308755e-007	-4.851675e-003	0.000000e+000
1.716481839308755e-007	-1.102731e-003	0.000000e+000
1.718434964308755e-007	2.656272e-003	0.000000e+000
1.720388089308755e-007	6.381137e-003	0.000000e+000
1.722341214308755e-007	1.002389e-002	0.000000e+000
1.724294339308755e-007	1.353393e-002	0.000000e+000
1.726247464308755e-007	1.685932e-002	0.000000e+000
1.728200589308755e-007	1.994821e-002	0.000000e+000
1.730153714308755e-007	2.275033e-002	0.000000e+000
1.732106839308755e-007	2.521846e-002	0.000000e+000
1.734059964308755e-007	2.730996e-002	0.000000e+000
1.736013089308755e-007	2.898811e-002	0.000000e+000
1.737966214308755e-007	3.022335e-002	0.000000e+000
1.739919339308755e-007	3.099433e-002	0.000000e+000
1.741872464308755e-007	3.128867e-002	0.000000e+000
1.743825589308755e-007	3.110344e-002	0.000000e+000
1.745778714308756e-007	3.044533e-002	0.000000e+000
1.747731839308756e-007	2.933048e-002	0.000000e+000
1.749684964308756e-007	2.778410e-002	0.000000e+000
1.751634230815662e-007	2.584313e-002	0.000000e+000
1.753587355815662e-007	2.353983e-002	0.000000e+000
1.755540480815662e-007	2.092351e-002	0.000000e+000
1.757493605815662e-007	1.804331e-002	0.000000e+000
1.759446730815662e-007	1.495065e-002	0.000000e+000
1.761399855815662e-007	1.169724e-002	0.000000e+000
1.763352980815662e-007	8.333208e-003	0.000000e+000
1.765306105815662e-007	4.905444e-003	0.000000e+000
1.767259230815662e-007	1.456005e-003	0.000000e+000
1.769212355815662e-007	-1.979171e-003	0.000000e+000
1.771165480815662e-007	-5.371272e-003	0.000000e+000
1.773118605815663e-007	-8.699270e-003	0.000000e+000
1.775071730815663e-007	-1.195020e-002	0.000000e+000
1.777024855815663e-007	-1.511905e-002	0.000000e+000
1.778977980815663e-007	-1.820827e-002	0.000000e+000
1.780931105815663e-007	-2.122692e-002	0.000000e+000
1.782884230815663e-007	-2.418953e-002	0.000000e+000
1.784837355815663e-007	-2.711468e-002	0.000000e+000
1.786790480815663e-007	-3.002340e-002	0.000000e+000
1.788743605815663e-007	-3.293750e-002	0.000000e+000
1.790696730815663e-007	-3.587789e-002	0.000000e+000
1.792649855815663e-007	-3.886293e-002	0.000000e+000
1.794602980815663e-007	-4.190698e-002	0.000000e+000
1.796556105815663e-007	-4.501924e-002	0.000000e+000
1.798509230815663e-007	-4.820271e-002	0.000000e+000
1.800462355815663e-007	-5.145372e-002	0.000000e+000
1.802415480815663e-007	-5.476168e-002	0.000000e+000
1.804368605815663e-007	-5.810924e-002	0.000000e+000
1.806321730815663e-007	-6.147285e-002	0.000000e+000
1.808274855815663e-007	-6.482365e-002	0.000000e+000
1.810227980815663e-007	-6.812863e-002	0.000000e+000
1.812181105815663e-007	-7.135201e-002	0.000000e+000
1.814134230815664e-007	-7.445681e-002	0.000000e+000
1.816087355815664e-007	-7.740638e-002	0.000000e+000
1.818040480815664e-007	-8.016606e-002	0.000000e+000
1.819993605815664e-007	-8.270452e-002	0.000000e+000
1.821946730815664e-007	-8.499512e-002	0.000000e+000
1.823899855815664e-007	-8.701685e-002	0.000000e+000
1.825852980815664e-007	-8.875502e-002	0.000000e+000
1.827806105815664e-007	-9.020157e-002	0.000000e+000
1.829759230815664e-007	-9.135506e-002	0.000000e+000
1.831712355815664e-007	-9.222019e-002	0.000000e+000
1.833665480815664e-007	-9.280716e-002	0.000000e+000
1.835618605815664e-007	-9.313048e-002	0.000000e+000
1.837571730815664e-007	-9.320782e-002	0.000000e+000
1.839524855815664e-007	-9.305844e-002	0.000000e+000
1.841477980815664e-007	-9.270173e-002	0.000000e+000
1.843431105815664e-007	-9.215572e-002	0.000000e+000
1.845384230815664e-007	-9.143557e-002	0.000000e+000
1.847337355815664e-007	-9.055239e-002	0.000000e+000
1.849290480815664e-007	-8.951227e-002	0.000000e+000
1.851243605815664e-007	-8.831556e-002	0.000000e+000
1.853196730815664e-007	-8.695657e-002	0.000000e+000
1.855149855815664e-007	-8.542363e-002	0.000000e+000
1.857102980815665e-007	-8.369955e-002	0.000000e+000
1.859056105815665e-007	-8.176240e-002	0.000000e+000
1.861009230815665e-007	-7.958661e-002	0.000000e+000
1.862962355815665e-007	-7.714441e-002	0.000000e+000
1.864915480815665e-007	-7.440735e-002	0.000000e+000
1.866868605815665e-007	-7.134804e-002	0.000000e+000
1.868821730815665e-007	-6.794184e-002	0.000000e+000
1.870774855815665e-007	-6.416847e-002	0.000000e+000
1.872727980815665e-007	-6.001359e-002	0.000000e+000
1.874681105815665e-007	-5.546997e-002	0.000000e+000
1.876634230815665e-007	-5.053850e-002	0.000000e+000
1.878587355815665e-007	-4.522881e-002	0.000000e+000
1.880540480815665e-007	-3.955946e-002	0.000000e+000
1.882493605815665e-007	-3.355786e-002	0.000000e+000
1.884446730815665e-007	-2.726892e-002	0.000000e+000
1.886092166182118e-007	-2.177103e-002	0.000000e+000
1.887660825765631e-007	-1.637348e-002	0.000000e+000
1.889613950765631e-007	-9.504844e-003	0.000000e+000
1.891567075765631e-007	-2.532509e-003	0.000000e+000
1.893520200765631e-007	4.494398e-003	0.000000e+000
1.895473325765631e-007	1.151683e-002	0.000000e+000
1.897426450765631e-007	1.847687e-002	0.000000e+000
1.899379575765631e-007	2.531927e-002	0.000000e+000
1.901332700765631e-007	3.200620e-002	0.000000e+000
1.902832598483073e-007	3.700227e-002	0.000000e+000
1.904246560607047e-007	4.156535e-002	0.000000e+000
1.905852779721960e-007	4.657202e-002	0.000000e+000
1.907409756884931e-007	5.122297e-002	0.000000e+000
1.909362881884931e-007	5.676315e-002	0.000000e+000
1.911316006884931e-007	6.197676e-002	0.000000e+000
1.913269131884931e-007	6.683230e-002	0.000000e+000
1.915222256884931e-007	7.133748e-002	0.000000e+000
1.916793895079175e-007	7.469993e-002	0.000000e+000
1.918123746242720e-007	7.734043e-002	0.000000e+000
1.919476225528286e-007	7.983624e-002	0.000000e+000
1.920852996487679e-007	8.217464e-002	0.000000e+000
1.922689948712491e-007	8.500082e-002	0.000000e+000
1.924551966056996e-007	8.754069e-002	0.000000e+000
1.926505091056996e-007	8.983698e-002	0.000000e+000
1.928458216056996e-007	9.176055e-002	0.000000e+000
1.930411341056996e-007	9.330738e-002	0.000000e+000
1.932364466056996e-007	9.447749e-002	0.000000e+000
1.934317591056996e-007	9.527093e-002	0.000000e+000
1.936270716056996e-007	9.568821e-002	0.000000e+000
1.938223841056996e-007	9.573105e-002	0.000000e+000
1.940176966056996e-007	9.540316e-002	0.000000e+000
1.942130091056996e-007	9.471116e-002	0.000000e+000
1.944083216056996e-007	9.366959e-002	0.000000e+000
1.945936839943900e-007	9.236317e-002	0.000000e+000
1.947889964943900e-007	9.067103e-002	0.000000e+000
1.949843089943900e-007	8.868840e-002	0.000000e+000
1.951796214943900e-007	8.644214e-002	0.000000e+000
1.953749339943900e-007	8.396894e-002	0.000000e+000
1.955702464943900e-007	8.131070e-002	0.000000e+000
1.957655589943900e-007	7.851430e-002	0.000000e+000
1.959541603191688e-007	7.572820e-002	0.000000e+000
1.961494728191688e-007	7.280507e-002	0.000000e+000
1.963447853191688e-007	6.989611e-002	0.000000e+000
1.965400978191688e-007	6.705229e-002	0.000000e+000
1.967354103191688e-007	6.432246e-002	0.000000e+000
1.969307228191689e-007	6.175113e-002	0.000000e+000
1.971260353191689e-007	5.937692e-002	0.000000e+000
1.973213478191689e-007	5.723114e-002	0.000000e+000
1.975166603191689e-007	5.533669e-002	0.000000e+000
1.977119728191689e-007	5.370732e-002	0.000000e+000
1.979072853191689e-007	5.234712e-002	0.000000e+000
1.981025978191689e-007	5.125061e-002	0.000000e+000
1.982979103191689e-007	5.040304e-002	0.000000e+000
1.984932228191689e-007	4.978121e-002	0.000000e+000
1.986885353191689e-007	4.935461e-002	0.000000e+000
1.988838478191689e-007	4.908688e-002	0.000000e+000
1.990791603191689e-007	4.893741e-002	0.000000e+000
1.992744728191689e-007	4.886327e-002	0.000000e+000
1.994697853191689e-007	4.882100e-002	0.000000e+000
1.996650978191689e-007	4.876851e-002	0.000000e+000
1.998604103191689e-007	4.867360e-002	0.000000e+000
2.000000000000000e-007	4.857199e-002	0.000000e+000
