time	V(out)	V(n001)
0.000000000000000e+000	0.000000e+000	0.000000e+000
4.571428553162046e-012	-2.198895e-043	6.095238e-004
9.142857106324092e-012	-1.953238e-043	1.219048e-003
1.371428565948614e-011	7.369686e-044	1.828571e-003
1.828571421264818e-011	5.871727e-043	2.438095e-003
2.285714276581023e-011	1.345104e-042	3.047619e-003
2.742857131897227e-011	2.347490e-042	3.657143e-003
3.199999987213431e-011	3.594331e-042	4.266667e-003
6.399999974426862e-011	5.115274e-038	8.533333e-003
1.126180630591147e-010	1.180578e-036	1.501574e-002
1.563156071361499e-010	9.612530e-036	2.084208e-002
1.944193971206864e-010	5.542354e-035	2.592259e-002
2.302675272082132e-010	4.139073e-034	3.070234e-002
2.739930436806678e-010	3.390166e-033	3.653241e-002
3.169042261871733e-010	3.937619e-032	4.225390e-002
3.720550023815790e-010	5.490448e-031	4.960733e-002
4.313888103060386e-010	1.059807e-029	5.751851e-002
5.051622612326603e-010	2.054900e-028	6.735497e-002
5.873465133188153e-010	2.952260e-027	7.831287e-002
6.756522817979615e-010	2.152547e-026	9.008697e-002
7.507799868107626e-010	1.364737e-025	1.001040e-001
8.402892053394197e-010	8.305012e-025	1.120386e-001
9.218474503049796e-010	4.852445e-024	1.229130e-001
1.022579863204078e-009	3.197544e-023	1.363440e-001
1.123850994368774e-009	2.135914e-022	1.498468e-001
1.244502473814571e-009	1.538573e-021	1.659337e-001
1.370969257022267e-009	7.576649e-021	1.827959e-001
1.477938262516451e-009	3.104821e-020	1.970584e-001
1.603855051721273e-009	1.344141e-019	2.138473e-001
1.720109243455005e-009	5.279436e-019	2.293479e-001
1.858268696192464e-009	2.307843e-018	2.477692e-001
1.996014203906232e-009	9.699699e-018	2.661352e-001
2.154843968812338e-009	3.957455e-017	2.873125e-001
2.296994963001509e-009	1.345728e-016	3.062660e-001
2.454926570297990e-009	4.597587e-016	3.273236e-001
2.599389393032043e-009	1.409687e-015	3.465852e-001
2.766817903403521e-009	4.725665e-015	3.689091e-001
2.932768466239134e-009	1.510985e-014	3.910358e-001
3.120581438304002e-009	4.805725e-014	4.160775e-001
3.285524743764997e-009	1.273894e-013	4.380700e-001
3.461189366407550e-009	3.467748e-013	4.614919e-001
3.638143589926255e-009	9.194916e-013	4.850858e-001
3.830197672986230e-009	2.501057e-012	5.106930e-001
4.025510172986230e-009	6.479719e-012	5.367347e-001
4.220822672986230e-009	1.594715e-011	5.627763e-001
4.414584296252019e-009	3.746484e-011	5.886112e-001
4.609896796252019e-009	8.530863e-011	6.146529e-001
4.805209296252019e-009	1.873109e-010	6.406946e-001
5.000521796252018e-009	3.980402e-010	6.667362e-001
5.195834296252018e-009	8.206069e-010	6.927779e-001
5.391146796252018e-009	1.644791e-009	7.188196e-001
5.586459296252018e-009	3.211220e-009	7.448612e-001
5.781771796252018e-009	6.117031e-009	7.709029e-001
5.977084296252017e-009	1.138608e-008	7.969446e-001
6.172396796252017e-009	2.073753e-008	8.229862e-001
6.367709296252017e-009	3.700152e-008	8.490279e-001
6.563021796252017e-009	6.475054e-008	8.750696e-001
6.758334296252016e-009	1.112416e-007	9.011112e-001
6.953646796252016e-009	1.877984e-007	9.271529e-001
7.148959296252016e-009	3.075006e-007	9.531946e-001
7.304687500000000e-009	4.564962e-007	9.739583e-001
7.499999999999999e-009	7.063971e-007	1.000000e+000
7.558593749999999e-009	8.166849e-007	1.000000e+000
7.636718749999998e-009	9.953721e-007	1.000000e+000
7.792968749999998e-009	1.467156e-006	1.000000e+000
7.988281249999998e-009	2.306187e-006	1.000000e+000
8.183593749999998e-009	3.548819e-006	1.000000e+000
8.378906249999998e-009	5.392214e-006	1.000000e+000
8.574218749999997e-009	8.093886e-006	1.000000e+000
8.769531249999997e-009	1.200749e-005	1.000000e+000
8.964843749999997e-009	1.761317e-005	1.000000e+000
9.160156249999997e-009	2.555566e-005	1.000000e+000
9.355468749999997e-009	3.669130e-005	1.000000e+000
9.550781249999996e-009	5.214564e-005	1.000000e+000
9.746093749999996e-009	7.338297e-005	1.000000e+000
9.941406249999996e-009	1.022892e-004	1.000000e+000
1.013671875000000e-008	1.412694e-004	1.000000e+000
1.033203125000000e-008	1.933617e-004	1.000000e+000
1.052734375000000e-008	2.623674e-004	1.000000e+000
1.072265625000000e-008	3.529985e-004	1.000000e+000
1.091796875000000e-008	4.710432e-004	1.000000e+000
1.111328125000000e-008	6.235469e-004	1.000000e+000
1.130859374999999e-008	8.190094e-004	1.000000e+000
1.150390624999999e-008	1.067594e-003	1.000000e+000
1.169921874999999e-008	1.381346e-003	1.000000e+000
1.189453124999999e-008	1.774417e-003	1.000000e+000
1.208984374999999e-008	2.263289e-003	1.000000e+000
1.228515624999999e-008	2.866988e-003	1.000000e+000
1.248046874999999e-008	3.607287e-003	1.000000e+000
1.267578124999999e-008	4.508880e-003	1.000000e+000
1.287109374999999e-008	5.599526e-003	1.000000e+000
1.306640624999999e-008	6.910147e-003	1.000000e+000
1.326171874999999e-008	8.474872e-003	1.000000e+000
1.345703124999999e-008	1.033102e-002	1.000000e+000
1.365234374999999e-008	1.251898e-002	1.000000e+000
1.384765624999999e-008	1.508208e-002	1.000000e+000
1.404296874999999e-008	1.806624e-002	1.000000e+000
1.423828124999999e-008	2.151969e-002	1.000000e+000
1.443359374999999e-008	2.549239e-002	1.000000e+000
1.462890624999999e-008	3.003556e-002	1.000000e+000
1.482421874999999e-008	3.520094e-002	1.000000e+000
1.501953124999999e-008	4.104005e-002	1.000000e+000
1.521484374999999e-008	4.760332e-002	1.000000e+000
1.541015625000000e-008	5.493923e-002	1.000000e+000
1.560546875000000e-008	6.309327e-002	1.000000e+000
1.580078125000000e-008	7.210703e-002	1.000000e+000
1.599609375000000e-008	8.201717e-002	1.000000e+000
1.619140625000000e-008	9.285443e-002	1.000000e+000
1.638671875000000e-008	1.046428e-001	1.000000e+000
1.658203125000000e-008	1.173986e-001	1.000000e+000
1.677734375000001e-008	1.311299e-001	1.000000e+000
1.697265625000001e-008	1.458357e-001	1.000000e+000
1.716796875000001e-008	1.615058e-001	1.000000e+000
1.736328125000001e-008	1.781206e-001	1.000000e+000
1.755859375000001e-008	1.956508e-001	1.000000e+000
1.775390625000001e-008	2.140577e-001	1.000000e+000
1.794921875000001e-008	2.332938e-001	1.000000e+000
1.814453125000002e-008	2.533032e-001	1.000000e+000
1.833984375000002e-008	2.740225e-001	1.000000e+000
1.853515625000002e-008	2.953820e-001	1.000000e+000
1.873046875000002e-008	3.173063e-001	1.000000e+000
1.892578125000002e-008	3.397161e-001	1.000000e+000
1.912109375000002e-008	3.625292e-001	1.000000e+000
1.931640625000002e-008	3.856619e-001	1.000000e+000
1.951171875000003e-008	4.090306e-001	1.000000e+000
1.970703125000003e-008	4.325526e-001	1.000000e+000
1.990234375000003e-008	4.561479e-001	1.000000e+000
2.009765625000003e-008	4.797396e-001	1.000000e+000
2.029296875000003e-008	5.032552e-001	1.000000e+000
2.048828125000003e-008	5.266269e-001	1.000000e+000
2.068359375000003e-008	5.497926e-001	1.000000e+000
2.087890625000004e-008	5.726953e-001	1.000000e+000
2.107421875000004e-008	5.952835e-001	1.000000e+000
2.126953125000004e-008	6.175113e-001	1.000000e+000
2.146484375000004e-008	6.393374e-001	1.000000e+000
2.166015625000004e-008	6.607245e-001	1.000000e+000
2.185546875000004e-008	6.816392e-001	1.000000e+000
2.205078125000004e-008	7.020506e-001	1.000000e+000
2.224609375000005e-008	7.219297e-001	1.000000e+000
2.244140625000005e-008	7.412491e-001	1.000000e+000
2.263671875000005e-008	7.599815e-001	1.000000e+000
2.283203125000005e-008	7.781002e-001	1.000000e+000
2.302734375000005e-008	7.955780e-001	1.000000e+000
2.322265625000005e-008	8.123873e-001	1.000000e+000
2.341796875000005e-008	8.285006e-001	1.000000e+000
2.361328125000006e-008	8.438904e-001	1.000000e+000
2.380859375000006e-008	8.585298e-001	1.000000e+000
2.400390625000006e-008	8.723936e-001	1.000000e+000
2.419921875000006e-008	8.854591e-001	1.000000e+000
2.439453125000006e-008	8.977072e-001	1.000000e+000
2.458984375000006e-008	9.091235e-001	1.000000e+000
2.478515625000006e-008	9.196993e-001	1.000000e+000
2.498046875000007e-008	9.294332e-001	1.000000e+000
2.517578125000007e-008	9.383315e-001	1.000000e+000
2.537109375000007e-008	9.464090e-001	1.000000e+000
2.556640625000007e-008	9.536898e-001	1.000000e+000
2.576171875000007e-008	9.602071e-001	1.000000e+000
2.595703125000007e-008	9.660035e-001	1.000000e+000
2.615234375000007e-008	9.711298e-001	1.000000e+000
2.634765625000008e-008	9.756447e-001	1.000000e+000
2.654296875000008e-008	9.796131e-001	1.000000e+000
2.673828125000008e-008	9.831048e-001	1.000000e+000
2.693359375000008e-008	9.861928e-001	1.000000e+000
2.712890625000008e-008	9.889511e-001	1.000000e+000
2.732421875000008e-008	9.914528e-001	1.000000e+000
2.751953125000008e-008	9.937676e-001	1.000000e+000
2.771484375000009e-008	9.959604e-001	1.000000e+000
2.791015625000009e-008	9.980888e-001	1.000000e+000
2.810546875000009e-008	1.000202e+000	1.000000e+000
2.830078125000009e-008	1.002340e+000	1.000000e+000
2.849609375000009e-008	1.004530e+000	1.000000e+000
2.869140625000009e-008	1.006791e+000	1.000000e+000
2.888671875000009e-008	1.009128e+000	1.000000e+000
2.908203125000010e-008	1.011538e+000	1.000000e+000
2.927734375000010e-008	1.014006e+000	1.000000e+000
2.947265625000010e-008	1.016510e+000	1.000000e+000
2.966796875000010e-008	1.019021e+000	1.000000e+000
2.986328125000010e-008	1.021504e+000	1.000000e+000
3.005859375000010e-008	1.023924e+000	1.000000e+000
3.025390625000010e-008	1.026243e+000	1.000000e+000
3.044921875000010e-008	1.028425e+000	1.000000e+000
3.064453125000009e-008	1.030439e+000	1.000000e+000
3.083984375000009e-008	1.032258e+000	1.000000e+000
3.103515625000009e-008	1.033861e+000	1.000000e+000
3.123046875000009e-008	1.035237e+000	1.000000e+000
3.142578125000009e-008	1.036382e+000	1.000000e+000
3.162109375000008e-008	1.037300e+000	1.000000e+000
3.181640625000008e-008	1.038005e+000	1.000000e+000
3.201171875000008e-008	1.038516e+000	1.000000e+000
3.220703125000008e-008	1.038861e+000	1.000000e+000
3.240234375000008e-008	1.039072e+000	1.000000e+000
3.259765625000008e-008	1.039182e+000	1.000000e+000
3.279296875000007e-008	1.039230e+000	1.000000e+000
3.298828125000007e-008	1.039251e+000	1.000000e+000
3.318359375000007e-008	1.039280e+000	1.000000e+000
3.337890625000007e-008	1.039346e+000	1.000000e+000
3.357421875000007e-008	1.039475e+000	1.000000e+000
3.376953125000006e-008	1.039686e+000	1.000000e+000
3.396484375000006e-008	1.039990e+000	1.000000e+000
3.416015625000006e-008	1.040393e+000	1.000000e+000
3.435546875000006e-008	1.040891e+000	1.000000e+000
3.455078125000006e-008	1.041475e+000	1.000000e+000
3.474609375000005e-008	1.042131e+000	1.000000e+000
3.494140625000005e-008	1.042837e+000	1.000000e+000
3.513671875000005e-008	1.043571e+000	1.000000e+000
3.533203125000005e-008	1.044307e+000	1.000000e+000
3.552734375000005e-008	1.045021e+000	1.000000e+000
3.572265625000005e-008	1.045687e+000	1.000000e+000
3.591796875000004e-008	1.046285e+000	1.000000e+000
3.611328125000004e-008	1.046796e+000	1.000000e+000
3.630859375000004e-008	1.047209e+000	1.000000e+000
3.650390625000004e-008	1.047517e+000	1.000000e+000
3.669921875000004e-008	1.047718e+000	1.000000e+000
3.689453125000003e-008	1.047818e+000	1.000000e+000
3.708984375000003e-008	1.047827e+000	1.000000e+000
3.728515625000003e-008	1.047761e+000	1.000000e+000
3.748046875000003e-008	1.047639e+000	1.000000e+000
3.767578125000003e-008	1.047482e+000	1.000000e+000
3.787109375000003e-008	1.047315e+000	1.000000e+000
3.806640625000002e-008	1.047161e+000	1.000000e+000
3.826171875000002e-008	1.047043e+000	1.000000e+000
3.845703125000002e-008	1.046979e+000	1.000000e+000
3.865234375000002e-008	1.046988e+000	1.000000e+000
3.884765625000002e-008	1.047082e+000	1.000000e+000
3.904296875000001e-008	1.047269e+000	1.000000e+000
3.923828125000001e-008	1.047553e+000	1.000000e+000
3.943359375000001e-008	1.047932e+000	1.000000e+000
3.962890625000001e-008	1.048402e+000	1.000000e+000
3.982421875000001e-008	1.048954e+000	1.000000e+000
4.001953125000000e-008	1.049575e+000	1.000000e+000
4.021484375000000e-008	1.050255e+000	1.000000e+000
4.041015625000000e-008	1.050980e+000	1.000000e+000
4.060546875000000e-008	1.051737e+000	1.000000e+000
4.080078125000000e-008	1.052516e+000	1.000000e+000
4.099609375000000e-008	1.053309e+000	1.000000e+000
4.119140624999999e-008	1.054111e+000	1.000000e+000
4.138671874999999e-008	1.054924e+000	1.000000e+000
4.158203124999999e-008	1.055750e+000	1.000000e+000
4.177734374999999e-008	1.056598e+000	1.000000e+000
4.197265624999999e-008	1.057481e+000	1.000000e+000
4.216796874999998e-008	1.058413e+000	1.000000e+000
4.236328124999998e-008	1.059414e+000	1.000000e+000
4.255859374999998e-008	1.060503e+000	1.000000e+000
4.275390624999998e-008	1.061702e+000	1.000000e+000
4.294921874999998e-008	1.063032e+000	1.000000e+000
4.314453124999997e-008	1.064510e+000	1.000000e+000
4.333984374999997e-008	1.066154e+000	1.000000e+000
4.353515624999997e-008	1.067978e+000	1.000000e+000
4.373046874999997e-008	1.069991e+000	1.000000e+000
4.392578124999997e-008	1.072197e+000	1.000000e+000
4.412109374999997e-008	1.074597e+000	1.000000e+000
4.431640624999996e-008	1.077188e+000	1.000000e+000
4.451171874999996e-008	1.079959e+000	1.000000e+000
4.470703124999996e-008	1.082897e+000	1.000000e+000
4.490234374999996e-008	1.085986e+000	1.000000e+000
4.509765624999996e-008	1.089206e+000	1.000000e+000
4.529296874999995e-008	1.092535e+000	1.000000e+000
4.548828124999995e-008	1.095948e+000	1.000000e+000
4.568359374999995e-008	1.099423e+000	1.000000e+000
4.587890624999995e-008	1.102934e+000	1.000000e+000
4.607421874999995e-008	1.106457e+000	1.000000e+000
4.626953124999994e-008	1.109968e+000	1.000000e+000
4.646484374999994e-008	1.113444e+000	1.000000e+000
4.666015624999994e-008	1.116863e+000	1.000000e+000
4.685546874999994e-008	1.120204e+000	1.000000e+000
4.705078124999994e-008	1.123446e+000	1.000000e+000
4.724609374999994e-008	1.126567e+000	1.000000e+000
4.744140624999993e-008	1.129547e+000	1.000000e+000
4.763671874999993e-008	1.132363e+000	1.000000e+000
4.783203124999993e-008	1.134990e+000	1.000000e+000
4.802734374999993e-008	1.137405e+000	1.000000e+000
4.822265624999993e-008	1.139581e+000	1.000000e+000
4.841796874999992e-008	1.141487e+000	1.000000e+000
4.861328124999992e-008	1.143094e+000	1.000000e+000
4.880859374999992e-008	1.144369e+000	1.000000e+000
4.900390624999992e-008	1.145279e+000	1.000000e+000
4.919921874999992e-008	1.145791e+000	1.000000e+000
4.939453124999991e-008	1.145870e+000	1.000000e+000
4.958984374999991e-008	1.145487e+000	1.000000e+000
4.978515624999991e-008	1.144610e+000	1.000000e+000
4.998046874999991e-008	1.143214e+000	1.000000e+000
5.017578124999991e-008	1.141277e+000	1.000000e+000
5.037109374999991e-008	1.138781e+000	1.000000e+000
5.056640624999990e-008	1.135717e+000	1.000000e+000
5.076171874999990e-008	1.132079e+000	1.000000e+000
5.095703124999990e-008	1.127870e+000	1.000000e+000
5.115234374999990e-008	1.123099e+000	1.000000e+000
5.134765624999990e-008	1.117783e+000	1.000000e+000
5.154296874999989e-008	1.111943e+000	1.000000e+000
5.173828124999989e-008	1.105609e+000	1.000000e+000
5.193359374999989e-008	1.098814e+000	1.000000e+000
5.212890624999989e-008	1.091597e+000	1.000000e+000
5.232421874999989e-008	1.084001e+000	1.000000e+000
5.251953124999988e-008	1.076069e+000	1.000000e+000
5.271484374999988e-008	1.067847e+000	1.000000e+000
5.291015624999988e-008	1.059382e+000	1.000000e+000
5.310546874999988e-008	1.050720e+000	1.000000e+000
5.330078124999988e-008	1.041906e+000	1.000000e+000
5.349609374999988e-008	1.032981e+000	1.000000e+000
5.369140624999987e-008	1.023988e+000	1.000000e+000
5.388671874999987e-008	1.014962e+000	1.000000e+000
5.408203124999987e-008	1.005940e+000	1.000000e+000
5.427734374999987e-008	9.969525e-001	1.000000e+000
5.447265624999987e-008	9.880285e-001	1.000000e+000
5.466796874999986e-008	9.791942e-001	1.000000e+000
5.486328124999986e-008	9.704731e-001	1.000000e+000
5.505859374999986e-008	9.618870e-001	1.000000e+000
5.525390624999986e-008	9.534555e-001	1.000000e+000
5.544921874999986e-008	9.451969e-001	1.000000e+000
5.564453124999985e-008	9.371280e-001	1.000000e+000
5.583984374999985e-008	9.292648e-001	1.000000e+000
5.603515624999985e-008	9.216219e-001	1.000000e+000
5.623046874999985e-008	9.142135e-001	1.000000e+000
5.642578124999985e-008	9.070524e-001	1.000000e+000
5.662109374999985e-008	9.001504e-001	1.000000e+000
5.681640624999984e-008	8.935183e-001	1.000000e+000
5.701171874999984e-008	8.871650e-001	1.000000e+000
5.720703124999984e-008	8.810982e-001	1.000000e+000
5.740234374999984e-008	8.753235e-001	1.000000e+000
5.759765624999984e-008	8.698445e-001	1.000000e+000
5.779296874999983e-008	8.646627e-001	1.000000e+000
5.798828124999983e-008	8.597773e-001	1.000000e+000
5.818359374999983e-008	8.551853e-001	1.000000e+000
5.837890624999983e-008	8.508816e-001	1.000000e+000
5.857421874999983e-008	8.468587e-001	1.000000e+000
5.876953124999982e-008	8.431076e-001	1.000000e+000
5.896484374999982e-008	8.396173e-001	1.000000e+000
5.916015624999982e-008	8.363755e-001	1.000000e+000
5.935546874999982e-008	8.333690e-001	1.000000e+000
5.955078124999982e-008	8.305832e-001	1.000000e+000
5.974609374999982e-008	8.280033e-001	1.000000e+000
5.994140624999983e-008	8.256141e-001	1.000000e+000
6.013671874999983e-008	8.234000e-001	1.000000e+000
6.033203124999984e-008	8.213454e-001	1.000000e+000
6.052734374999984e-008	8.194349e-001	1.000000e+000
6.072265624999985e-008	8.176531e-001	1.000000e+000
6.091796874999985e-008	8.159847e-001	1.000000e+000
6.111328124999986e-008	8.144149e-001	1.000000e+000
6.130859374999986e-008	8.129287e-001	1.000000e+000
6.150390624999986e-008	8.115116e-001	1.000000e+000
6.169921874999987e-008	8.101494e-001	1.000000e+000
6.189453124999987e-008	8.088284e-001	1.000000e+000
6.208984374999988e-008	8.075350e-001	1.000000e+000
6.228515624999988e-008	8.062569e-001	1.000000e+000
6.248046874999989e-008	8.049825e-001	1.000000e+000
6.267578124999989e-008	8.037016e-001	1.000000e+000
6.287109374999990e-008	8.024055e-001	1.000000e+000
6.306640624999990e-008	8.010874e-001	1.000000e+000
6.326171874999991e-008	7.997429e-001	1.000000e+000
6.345703124999991e-008	7.983702e-001	1.000000e+000
6.365234374999992e-008	7.969701e-001	1.000000e+000
6.384765624999992e-008	7.955465e-001	1.000000e+000
6.404296874999993e-008	7.941062e-001	1.000000e+000
6.423828124999993e-008	7.926590e-001	1.000000e+000
6.443359374999994e-008	7.912171e-001	1.000000e+000
6.462890624999994e-008	7.897954e-001	1.000000e+000
6.482421874999995e-008	7.884103e-001	1.000000e+000
6.501953124999995e-008	7.870796e-001	1.000000e+000
6.521484374999996e-008	7.858214e-001	1.000000e+000
6.541015624999996e-008	7.846538e-001	1.000000e+000
6.560546874999996e-008	7.835935e-001	1.000000e+000
6.580078124999997e-008	7.826554e-001	1.000000e+000
6.599609374999997e-008	7.818513e-001	1.000000e+000
6.619140624999998e-008	7.811902e-001	1.000000e+000
6.638671874999998e-008	7.806765e-001	1.000000e+000
6.658203124999999e-008	7.803106e-001	1.000000e+000
6.677734374999999e-008	7.800882e-001	1.000000e+000
6.697265625000000e-008	7.800005e-001	1.000000e+000
6.716796875000000e-008	7.800342e-001	1.000000e+000
6.736328125000001e-008	7.801722e-001	1.000000e+000
6.755859375000001e-008	7.803941e-001	1.000000e+000
6.775390625000002e-008	7.806771e-001	1.000000e+000
6.794921875000002e-008	7.809970e-001	1.000000e+000
6.814453125000003e-008	7.813290e-001	1.000000e+000
6.833984375000003e-008	7.816491e-001	1.000000e+000
6.853515625000004e-008	7.819349e-001	1.000000e+000
6.873046875000004e-008	7.821670e-001	1.000000e+000
6.892578125000005e-008	7.823294e-001	1.000000e+000
6.912109375000005e-008	7.824108e-001	1.000000e+000
6.931640625000005e-008	7.824045e-001	1.000000e+000
6.951171875000006e-008	7.823093e-001	1.000000e+000
6.970703125000006e-008	7.821292e-001	1.000000e+000
6.990234375000007e-008	7.818731e-001	1.000000e+000
7.009765625000007e-008	7.815549e-001	1.000000e+000
7.029296875000008e-008	7.811919e-001	1.000000e+000
7.048828125000008e-008	7.808052e-001	1.000000e+000
7.068359375000009e-008	7.804171e-001	1.000000e+000
7.087890625000009e-008	7.800515e-001	1.000000e+000
7.107421875000010e-008	7.797316e-001	1.000000e+000
7.126953125000010e-008	7.794796e-001	1.000000e+000
7.146484375000011e-008	7.793149e-001	1.000000e+000
7.166015625000011e-008	7.792535e-001	1.000000e+000
7.185546875000012e-008	7.793071e-001	1.000000e+000
7.205078125000012e-008	7.794825e-001	1.000000e+000
7.224609375000013e-008	7.797813e-001	1.000000e+000
7.244140625000013e-008	7.801996e-001	1.000000e+000
7.263671875000014e-008	7.807285e-001	1.000000e+000
7.283203125000014e-008	7.813537e-001	1.000000e+000
7.302734375000015e-008	7.820569e-001	1.000000e+000
7.322265625000015e-008	7.828161e-001	1.000000e+000
7.341796875000015e-008	7.836065e-001	1.000000e+000
7.361328125000016e-008	7.844017e-001	1.000000e+000
7.380859375000016e-008	7.851745e-001	1.000000e+000
7.400390625000017e-008	7.858984e-001	1.000000e+000
7.419921875000017e-008	7.865478e-001	1.000000e+000
7.439453125000018e-008	7.870998e-001	1.000000e+000
7.458984375000018e-008	7.875343e-001	1.000000e+000
7.478515625000019e-008	7.878349e-001	1.000000e+000
7.498046875000019e-008	7.879891e-001	1.000000e+000
7.517578125000020e-008	7.879889e-001	1.000000e+000
7.537109375000020e-008	7.878302e-001	1.000000e+000
7.556640625000021e-008	7.875133e-001	1.000000e+000
7.576171875000021e-008	7.870415e-001	1.000000e+000
7.595703125000022e-008	7.864218e-001	1.000000e+000
7.615234375000022e-008	7.856634e-001	1.000000e+000
7.634765625000023e-008	7.847769e-001	1.000000e+000
7.654296875000023e-008	7.837741e-001	1.000000e+000
7.673828125000024e-008	7.826669e-001	1.000000e+000
7.693359375000024e-008	7.814662e-001	1.000000e+000
7.712890625000024e-008	7.801819e-001	1.000000e+000
7.732421875000025e-008	7.788218e-001	1.000000e+000
7.751953125000025e-008	7.773915e-001	1.000000e+000
7.771484375000026e-008	7.758940e-001	1.000000e+000
7.791015625000026e-008	7.743298e-001	1.000000e+000
7.810546875000027e-008	7.726966e-001	1.000000e+000
7.830078125000027e-008	7.709897e-001	1.000000e+000
7.849609375000028e-008	7.692030e-001	1.000000e+000
7.869140625000028e-008	7.673287e-001	1.000000e+000
7.888671875000029e-008	7.653584e-001	1.000000e+000
7.908203125000029e-008	7.632837e-001	1.000000e+000
7.927734375000030e-008	7.610974e-001	1.000000e+000
7.947265625000030e-008	7.587935e-001	1.000000e+000
7.966796875000031e-008	7.563686e-001	1.000000e+000
7.986328125000031e-008	7.538224e-001	1.000000e+000
8.005859375000032e-008	7.511584e-001	1.000000e+000
8.025390625000032e-008	7.483836e-001	1.000000e+000
8.044921875000033e-008	7.455102e-001	1.000000e+000
8.064453125000033e-008	7.425542e-001	1.000000e+000
8.083984375000033e-008	7.395364e-001	1.000000e+000
8.103515625000034e-008	7.364816e-001	1.000000e+000
8.123046875000034e-008	7.334184e-001	1.000000e+000
8.142578125000035e-008	7.303785e-001	1.000000e+000
8.162109375000035e-008	7.273960e-001	1.000000e+000
8.181640625000036e-008	7.245066e-001	1.000000e+000
8.201171875000036e-008	7.217463e-001	1.000000e+000
8.220703125000037e-008	7.191511e-001	1.000000e+000
8.240234375000037e-008	7.167553e-001	1.000000e+000
8.259765625000038e-008	7.145910e-001	1.000000e+000
8.279296875000038e-008	7.126871e-001	1.000000e+000
8.298828125000039e-008	7.110685e-001	1.000000e+000
8.318359375000039e-008	7.097553e-001	1.000000e+000
8.337890625000040e-008	7.087626e-001	1.000000e+000
8.357421875000040e-008	7.081002e-001	1.000000e+000
8.376953125000041e-008	7.077722e-001	1.000000e+000
8.396484375000041e-008	7.077774e-001	1.000000e+000
8.416015625000042e-008	7.081094e-001	1.000000e+000
8.435546875000042e-008	7.087572e-001	1.000000e+000
8.455078125000043e-008	7.097057e-001	1.000000e+000
8.474609375000043e-008	7.109363e-001	1.000000e+000
8.494140625000043e-008	7.124281e-001	1.000000e+000
8.513671875000044e-008	7.141583e-001	1.000000e+000
8.533203125000044e-008	7.161031e-001	1.000000e+000
8.552734375000045e-008	7.182390e-001	1.000000e+000
8.572265625000045e-008	7.205428e-001	1.000000e+000
8.591796875000046e-008	7.229928e-001	1.000000e+000
8.611328125000046e-008	7.255691e-001	1.000000e+000
8.630859375000047e-008	7.282538e-001	1.000000e+000
8.650390625000047e-008	7.310314e-001	1.000000e+000
8.669921875000048e-008	7.338889e-001	1.000000e+000
8.689453125000048e-008	7.368151e-001	1.000000e+000
8.708984375000049e-008	7.398011e-001	1.000000e+000
8.728515625000049e-008	7.428393e-001	1.000000e+000
8.748046875000050e-008	7.459234e-001	1.000000e+000
8.767578125000050e-008	7.490472e-001	1.000000e+000
8.787109375000051e-008	7.522047e-001	1.000000e+000
8.806640625000051e-008	7.553892e-001	1.000000e+000
8.826171875000052e-008	7.585934e-001	1.000000e+000
8.845703125000052e-008	7.618081e-001	1.000000e+000
8.865234375000052e-008	7.650228e-001	1.000000e+000
8.884765625000053e-008	7.682253e-001	1.000000e+000
8.904296875000053e-008	7.714018e-001	1.000000e+000
8.923828125000054e-008	7.745368e-001	1.000000e+000
8.943359375000054e-008	7.776144e-001	1.000000e+000
8.962890625000055e-008	7.806175e-001	1.000000e+000
8.982421875000055e-008	7.835292e-001	1.000000e+000
9.001953125000056e-008	7.863337e-001	1.000000e+000
9.021484375000056e-008	7.890159e-001	1.000000e+000
9.041015625000057e-008	7.915632e-001	1.000000e+000
9.060546875000057e-008	7.939652e-001	1.000000e+000
9.080078125000058e-008	7.962151e-001	1.000000e+000
9.099609375000058e-008	7.983090e-001	1.000000e+000
9.119140625000059e-008	8.002471e-001	1.000000e+000
9.138671875000059e-008	8.020331e-001	1.000000e+000
9.158203125000060e-008	8.036745e-001	1.000000e+000
9.177734375000060e-008	8.051817e-001	1.000000e+000
9.197265625000061e-008	8.065684e-001	1.000000e+000
9.216796875000061e-008	8.078500e-001	1.000000e+000
9.236328125000062e-008	8.090438e-001	1.000000e+000
9.255859375000062e-008	8.101673e-001	1.000000e+000
9.275390625000062e-008	8.112382e-001	1.000000e+000
9.294921875000063e-008	8.122729e-001	1.000000e+000
9.314453125000063e-008	8.132865e-001	1.000000e+000
9.333984375000064e-008	8.142916e-001	1.000000e+000
9.353515625000064e-008	8.152980e-001	1.000000e+000
9.373046875000065e-008	8.163121e-001	1.000000e+000
9.392578125000065e-008	8.173377e-001	1.000000e+000
9.412109375000066e-008	8.183749e-001	1.000000e+000
9.431640625000066e-008	8.194210e-001	1.000000e+000
9.451171875000067e-008	8.204709e-001	1.000000e+000
9.470703125000067e-008	8.215176e-001	1.000000e+000
9.490234375000068e-008	8.225524e-001	1.000000e+000
9.509765625000068e-008	8.235667e-001	1.000000e+000
9.529296875000069e-008	8.245514e-001	1.000000e+000
9.548828125000069e-008	8.254988e-001	1.000000e+000
9.568359375000070e-008	8.264025e-001	1.000000e+000
9.587890625000070e-008	8.272582e-001	1.000000e+000
9.607421875000071e-008	8.280640e-001	1.000000e+000
9.626953125000071e-008	8.288206e-001	1.000000e+000
9.646484375000071e-008	8.295313e-001	1.000000e+000
9.666015625000072e-008	8.302017e-001	1.000000e+000
9.685546875000072e-008	8.308398e-001	1.000000e+000
9.705078125000073e-008	8.314547e-001	1.000000e+000
9.724609375000073e-008	8.320568e-001	1.000000e+000
9.744140625000074e-008	8.326566e-001	1.000000e+000
9.763671875000074e-008	8.332638e-001	1.000000e+000
9.783203125000075e-008	8.338871e-001	1.000000e+000
9.802734375000075e-008	8.345330e-001	1.000000e+000
9.822265625000076e-008	8.352057e-001	1.000000e+000
9.841796875000076e-008	8.359063e-001	1.000000e+000
9.861328125000077e-008	8.366326e-001	1.000000e+000
9.880859375000077e-008	8.373795e-001	1.000000e+000
9.900390625000078e-008	8.381384e-001	1.000000e+000
9.919921875000078e-008	8.388983e-001	1.000000e+000
9.939453125000079e-008	8.396459e-001	1.000000e+000
9.958984375000079e-008	8.403664e-001	1.000000e+000
9.978515625000080e-008	8.410444e-001	1.000000e+000
9.998046875000080e-008	8.416648e-001	1.000000e+000
1.001757812500008e-007	8.422132e-001	1.000000e+000
1.003710937500008e-007	8.426776e-001	1.000000e+000
1.005664062500008e-007	8.430485e-001	1.000000e+000
1.007617187500008e-007	8.433197e-001	1.000000e+000
1.009570312500008e-007	8.434888e-001	1.000000e+000
1.011523437500008e-007	8.435575e-001	1.000000e+000
1.013476562500008e-007	8.435314e-001	1.000000e+000
1.015429687500008e-007	8.434202e-001	1.000000e+000
1.017382812500008e-007	8.432367e-001	1.000000e+000
1.019335937500009e-007	8.429966e-001	1.000000e+000
1.021289062500009e-007	8.427177e-001	1.000000e+000
1.023242187500009e-007	8.424187e-001	1.000000e+000
1.025195312500009e-007	8.421185e-001	1.000000e+000
1.027148437500009e-007	8.418351e-001	1.000000e+000
1.029101562500009e-007	8.415847e-001	1.000000e+000
1.031054687500009e-007	8.413805e-001	1.000000e+000
1.033007812500009e-007	8.412324e-001	1.000000e+000
1.034960937500009e-007	8.411465e-001	1.000000e+000
1.036914062500009e-007	8.411243e-001	1.000000e+000
1.038867187500009e-007	8.411628e-001	1.000000e+000
1.040820312500009e-007	8.412550e-001	1.000000e+000
1.042773437500009e-007	8.413898e-001	1.000000e+000
1.044726562500009e-007	8.415525e-001	1.000000e+000
1.046679687500009e-007	8.417262e-001	1.000000e+000
1.048632812500009e-007	8.418921e-001	1.000000e+000
1.050585937500009e-007	8.420305e-001	1.000000e+000
1.052539062500009e-007	8.421221e-001	1.000000e+000
1.054492187500009e-007	8.421489e-001	1.000000e+000
1.056445312500009e-007	8.420949e-001	1.000000e+000
1.058398437500009e-007	8.419473e-001	1.000000e+000
1.060351562500010e-007	8.416970e-001	1.000000e+000
1.062304687500010e-007	8.413386e-001	1.000000e+000
1.064257812500010e-007	8.408716e-001	1.000000e+000
1.066210937500010e-007	8.402997e-001	1.000000e+000
1.068164062500010e-007	8.396310e-001	1.000000e+000
1.070117187500010e-007	8.388772e-001	1.000000e+000
1.072070312500010e-007	8.380597e-001	1.000000e+000
1.073046875000000e-007	8.376269e-001	1.000000e+000
1.075000000000000e-007	8.367330e-001	1.000000e+000
1.075195312499998e-007	8.366413e-001	9.973958e-001
1.075585937499994e-007	8.364576e-001	9.921875e-001
1.076367187499986e-007	8.360890e-001	9.817708e-001
1.077929687499970e-007	8.353538e-001	9.609375e-001
1.079882812499970e-007	8.344491e-001	9.348958e-001
1.081835937499970e-007	8.335767e-001	9.088542e-001
1.083789062499970e-007	8.327569e-001	8.828125e-001
1.085742187499970e-007	8.320076e-001	8.567708e-001
1.087695312499970e-007	8.313446e-001	8.307292e-001
1.089648437499971e-007	8.307809e-001	8.046875e-001
1.091601562499971e-007	8.303266e-001	7.786458e-001
1.093554687499971e-007	8.299890e-001	7.526042e-001
1.095507812499971e-007	8.297724e-001	7.265625e-001
1.097460937499971e-007	8.296785e-001	7.005208e-001
1.099414062499971e-007	8.297066e-001	6.744792e-001
1.101367187499971e-007	8.298541e-001	6.484375e-001
1.103320312499971e-007	8.301169e-001	6.223958e-001
1.105273437499971e-007	8.304899e-001	5.963542e-001
1.107226562499971e-007	8.309671e-001	5.703125e-001
1.109179687499971e-007	8.315426e-001	5.442708e-001
1.111132812499971e-007	8.322105e-001	5.182292e-001
1.113085937499971e-007	8.329651e-001	4.921875e-001
1.115039062499971e-007	8.338014e-001	4.661458e-001
1.116992187499971e-007	8.347151e-001	4.401042e-001
1.118945312499971e-007	8.357024e-001	4.140625e-001
1.120898437499971e-007	8.367602e-001	3.880208e-001
1.122851562499971e-007	8.378858e-001	3.619792e-001
1.124804687499971e-007	8.390769e-001	3.359375e-001
1.126757812499971e-007	8.403312e-001	3.098958e-001
1.128710937499971e-007	8.416463e-001	2.838542e-001
1.130664062499972e-007	8.430197e-001	2.578125e-001
1.132617187499972e-007	8.444480e-001	2.317708e-001
1.134570312499972e-007	8.459277e-001	2.057292e-001
1.136523437499972e-007	8.474541e-001	1.796875e-001
1.138476562499972e-007	8.490219e-001	1.536458e-001
1.140429687499972e-007	8.506250e-001	1.276042e-001
1.142382812499972e-007	8.522566e-001	1.015625e-001
1.144335937499972e-007	8.539089e-001	7.552084e-002
1.146289062499972e-007	8.555737e-001	4.947917e-002
1.148242187499972e-007	8.572425e-001	2.343750e-002
1.150000000000000e-007	8.587431e-001	0.000000e+000
1.151230468750020e-007	8.597851e-001	0.000000e+000
1.152636718750042e-007	8.609637e-001	0.000000e+000
1.154589843750042e-007	8.625768e-001	0.000000e+000
1.156542968750042e-007	8.641538e-001	0.000000e+000
1.158496093750042e-007	8.656829e-001	0.000000e+000
1.160449218750042e-007	8.671537e-001	0.000000e+000
1.162402343750042e-007	8.685557e-001	0.000000e+000
1.164355468750042e-007	8.698782e-001	0.000000e+000
1.166308593750042e-007	8.711105e-001	0.000000e+000
1.168261718750042e-007	8.722417e-001	0.000000e+000
1.170214843750042e-007	8.732607e-001	0.000000e+000
1.172167968750042e-007	8.741564e-001	0.000000e+000
1.174121093750042e-007	8.749176e-001	0.000000e+000
1.176074218750043e-007	8.755330e-001	0.000000e+000
1.178027343750043e-007	8.759918e-001	0.000000e+000
1.179980468750043e-007	8.762832e-001	0.000000e+000
1.181933593750043e-007	8.763968e-001	0.000000e+000
1.183886718750043e-007	8.763230e-001	0.000000e+000
1.185839843750043e-007	8.760529e-001	0.000000e+000
1.187792968750043e-007	8.755780e-001	0.000000e+000
1.189746093750043e-007	8.748910e-001	0.000000e+000
1.191699218750043e-007	8.739855e-001	0.000000e+000
1.193652343750043e-007	8.728554e-001	0.000000e+000
1.195605468750043e-007	8.714953e-001	0.000000e+000
1.197558593750043e-007	8.698998e-001	0.000000e+000
1.199511718750043e-007	8.680634e-001	0.000000e+000
1.201464843750043e-007	8.659796e-001	0.000000e+000
1.203417968750043e-007	8.636408e-001	0.000000e+000
1.205371093750043e-007	8.610370e-001	0.000000e+000
1.207324218750043e-007	8.581558e-001	0.000000e+000
1.209277343750043e-007	8.549815e-001	0.000000e+000
1.211230468750043e-007	8.514943e-001	0.000000e+000
1.213183593750043e-007	8.476698e-001	0.000000e+000
1.215136718750043e-007	8.434792e-001	0.000000e+000
1.217089843750044e-007	8.388883e-001	0.000000e+000
1.219042968750044e-007	8.338581e-001	0.000000e+000
1.220996093750044e-007	8.283447e-001	0.000000e+000
1.222949218750044e-007	8.223000e-001	0.000000e+000
1.224902343750044e-007	8.156722e-001	0.000000e+000
1.226855468750044e-007	8.084070e-001	0.000000e+000
1.228808593750044e-007	8.004490e-001	0.000000e+000
1.230761718750044e-007	7.917428e-001	0.000000e+000
1.232714843750044e-007	7.822345e-001	0.000000e+000
1.234667968750044e-007	7.718738e-001	0.000000e+000
1.236621093750044e-007	7.606155e-001	0.000000e+000
1.238574218750044e-007	7.484213e-001	0.000000e+000
1.240527343750044e-007	7.352609e-001	0.000000e+000
1.242480468750044e-007	7.211143e-001	0.000000e+000
1.244433593750044e-007	7.059724e-001	0.000000e+000
1.246386718750044e-007	6.898378e-001	0.000000e+000
1.248339843750044e-007	6.727258e-001	0.000000e+000
1.250292968750044e-007	6.546642e-001	0.000000e+000
1.252246093750044e-007	6.356933e-001	0.000000e+000
1.254199218750044e-007	6.158652e-001	0.000000e+000
1.256152343750044e-007	5.952429e-001	0.000000e+000
1.258105468750045e-007	5.738987e-001	0.000000e+000
1.260058593750045e-007	5.519131e-001	0.000000e+000
1.262011718750045e-007	5.293725e-001	0.000000e+000
1.263964843750045e-007	5.063672e-001	0.000000e+000
1.265917968750045e-007	4.829900e-001	0.000000e+000
1.267871093750045e-007	4.593331e-001	0.000000e+000
1.269824218750045e-007	4.354870e-001	0.000000e+000
1.271777343750045e-007	4.115384e-001	0.000000e+000
1.273730468750045e-007	3.875687e-001	0.000000e+000
1.275683593750045e-007	3.636529e-001	0.000000e+000
1.277636718750045e-007	3.398587e-001	0.000000e+000
1.279589843750045e-007	3.162461e-001	0.000000e+000
1.281542968750045e-007	2.928672e-001	0.000000e+000
1.283496093750045e-007	2.697667e-001	0.000000e+000
1.285449218750045e-007	2.469829e-001	0.000000e+000
1.287402343750045e-007	2.245477e-001	0.000000e+000
1.289355468750045e-007	2.024888e-001	0.000000e+000
1.291308593750045e-007	1.808307e-001	0.000000e+000
1.293261718750045e-007	1.595957e-001	0.000000e+000
1.295214843750045e-007	1.388061e-001	0.000000e+000
1.297167968750045e-007	1.184850e-001	0.000000e+000
1.299121093750045e-007	9.865713e-002	0.000000e+000
1.301074218750046e-007	7.935038e-002	0.000000e+000
1.303027343750046e-007	6.059577e-002	0.000000e+000
1.304980468750046e-007	4.242773e-002	0.000000e+000
1.306933593750046e-007	2.488392e-002	0.000000e+000
1.308886718750046e-007	8.004487e-003	0.000000e+000
1.310839843750046e-007	-8.168828e-003	0.000000e+000
1.312792968750046e-007	-2.359406e-002	0.000000e+000
1.314746093750046e-007	-3.823053e-002	0.000000e+000
1.316699218750046e-007	-5.204066e-002	0.000000e+000
1.318652343750046e-007	-6.499167e-002	0.000000e+000
1.320605468750046e-007	-7.705749e-002	0.000000e+000
1.322558593750046e-007	-8.822039e-002	0.000000e+000
1.324511718750046e-007	-9.847246e-002	0.000000e+000
1.326464843750046e-007	-1.078168e-001	0.000000e+000
1.328417968750046e-007	-1.162684e-001	0.000000e+000
1.330371093750046e-007	-1.238543e-001	0.000000e+000
1.332324218750046e-007	-1.306136e-001	0.000000e+000
1.334277343750046e-007	-1.365971e-001	0.000000e+000
1.336230468750046e-007	-1.418655e-001	0.000000e+000
1.338183593750046e-007	-1.464889e-001	0.000000e+000
1.340136718750046e-007	-1.505440e-001	0.000000e+000
1.342089843750047e-007	-1.541122e-001	0.000000e+000
1.344042968750047e-007	-1.572774e-001	0.000000e+000
1.345996093750047e-007	-1.601229e-001	0.000000e+000
1.347949218750047e-007	-1.627291e-001	0.000000e+000
1.349902343750047e-007	-1.651712e-001	0.000000e+000
1.351855468750047e-007	-1.675167e-001	0.000000e+000
1.353808593750047e-007	-1.698235e-001	0.000000e+000
1.355761718750047e-007	-1.721385e-001	0.000000e+000
1.357714843750047e-007	-1.744964e-001	0.000000e+000
1.359667968750047e-007	-1.769194e-001	0.000000e+000
1.361621093750047e-007	-1.794171e-001	0.000000e+000
1.363574218750047e-007	-1.819867e-001	0.000000e+000
1.365527343750047e-007	-1.846149e-001	0.000000e+000
1.367480468750047e-007	-1.872785e-001	0.000000e+000
1.369433593750047e-007	-1.899466e-001	0.000000e+000
1.371386718750047e-007	-1.925831e-001	0.000000e+000
1.373339843750047e-007	-1.951482e-001	0.000000e+000
1.375292968750047e-007	-1.976016e-001	0.000000e+000
1.377246093750047e-007	-1.999043e-001	0.000000e+000
1.379199218750047e-007	-2.020207e-001	0.000000e+000
1.381152343750047e-007	-2.039208e-001	0.000000e+000
1.383105468750048e-007	-2.055813e-001	0.000000e+000
1.385058593750048e-007	-2.069871e-001	0.000000e+000
1.387011718750048e-007	-2.081317e-001	0.000000e+000
1.388964843750048e-007	-2.090173e-001	0.000000e+000
1.390917968750048e-007	-2.096547e-001	0.000000e+000
1.392871093750048e-007	-2.100625e-001	0.000000e+000
1.394824218750048e-007	-2.102658e-001	0.000000e+000
1.396777343750048e-007	-2.102952e-001	0.000000e+000
1.398730468750048e-007	-2.101845e-001	0.000000e+000
1.400683593750048e-007	-2.099697e-001	0.000000e+000
1.402636718750048e-007	-2.096867e-001	0.000000e+000
1.404589843750048e-007	-2.093695e-001	0.000000e+000
1.406542968750048e-007	-2.090492e-001	0.000000e+000
1.408496093750048e-007	-2.087521e-001	0.000000e+000
1.410449218750048e-007	-2.084991e-001	0.000000e+000
1.412402343750048e-007	-2.083049e-001	0.000000e+000
1.414355468750048e-007	-2.081780e-001	0.000000e+000
1.416308593750048e-007	-2.081204e-001	0.000000e+000
1.418261718750048e-007	-2.081286e-001	0.000000e+000
1.420214843750048e-007	-2.081940e-001	0.000000e+000
1.422167968750048e-007	-2.083046e-001	0.000000e+000
1.424121093750049e-007	-2.084454e-001	0.000000e+000
1.426074218750049e-007	-2.086006e-001	0.000000e+000
1.428027343750049e-007	-2.087546e-001	0.000000e+000
1.429980468750049e-007	-2.088935e-001	0.000000e+000
1.431933593750049e-007	-2.090061e-001	0.000000e+000
1.433886718750049e-007	-2.090851e-001	0.000000e+000
1.435839843750049e-007	-2.091276e-001	0.000000e+000
1.437792968750049e-007	-2.091356e-001	0.000000e+000
1.439746093750049e-007	-2.091161e-001	0.000000e+000
1.441699218750049e-007	-2.090807e-001	0.000000e+000
1.443652343750049e-007	-2.090448e-001	0.000000e+000
1.445605468750049e-007	-2.090274e-001	0.000000e+000
1.447558593750049e-007	-2.090493e-001	0.000000e+000
1.449511718750049e-007	-2.091323e-001	0.000000e+000
1.451464843750049e-007	-2.092979e-001	0.000000e+000
1.453417968750049e-007	-2.095658e-001	0.000000e+000
1.455371093750049e-007	-2.099530e-001	0.000000e+000
1.457324218750049e-007	-2.104727e-001	0.000000e+000
1.459277343750049e-007	-2.111335e-001	0.000000e+000
1.461230468750049e-007	-2.119390e-001	0.000000e+000
1.463183593750049e-007	-2.128874e-001	0.000000e+000
1.465136718750050e-007	-2.139719e-001	0.000000e+000
1.467089843750050e-007	-2.151809e-001	0.000000e+000
1.469042968750050e-007	-2.164989e-001	0.000000e+000
1.470996093750050e-007	-2.179075e-001	0.000000e+000
1.472949218750050e-007	-2.193862e-001	0.000000e+000
1.474902343750050e-007	-2.209142e-001	0.000000e+000
1.476855468750050e-007	-2.224710e-001	0.000000e+000
1.478808593750050e-007	-2.240384e-001	0.000000e+000
1.480761718750050e-007	-2.256010e-001	0.000000e+000
1.482714843750050e-007	-2.271474e-001	0.000000e+000
1.484667968750050e-007	-2.286712e-001	0.000000e+000
1.486621093750050e-007	-2.301708e-001	0.000000e+000
1.488574218750050e-007	-2.316500e-001	0.000000e+000
1.490527343750050e-007	-2.331176e-001	0.000000e+000
1.492480468750050e-007	-2.345871e-001	0.000000e+000
1.494433593750050e-007	-2.360754e-001	0.000000e+000
1.496386718750050e-007	-2.376028e-001	0.000000e+000
1.498339843750050e-007	-2.391906e-001	0.000000e+000
1.500292968750050e-007	-2.408610e-001	0.000000e+000
1.502246093750050e-007	-2.426350e-001	0.000000e+000
1.504199218750050e-007	-2.445316e-001	0.000000e+000
1.506152343750051e-007	-2.465667e-001	0.000000e+000
1.508105468750051e-007	-2.487520e-001	0.000000e+000
1.510058593750051e-007	-2.510941e-001	0.000000e+000
1.512011718750051e-007	-2.535949e-001	0.000000e+000
1.513964843750051e-007	-2.562504e-001	0.000000e+000
1.515917968750051e-007	-2.590517e-001	0.000000e+000
1.517871093750051e-007	-2.619849e-001	0.000000e+000
1.519824218750051e-007	-2.650322e-001	0.000000e+000
1.521777343750051e-007	-2.681723e-001	0.000000e+000
1.523730468750051e-007	-2.713816e-001	0.000000e+000
1.525683593750051e-007	-2.746355e-001	0.000000e+000
1.527636718750051e-007	-2.779087e-001	0.000000e+000
1.529589843750051e-007	-2.811773e-001	0.000000e+000
1.531542968750051e-007	-2.844184e-001	0.000000e+000
1.533496093750051e-007	-2.876118e-001	0.000000e+000
1.535449218750051e-007	-2.907400e-001	0.000000e+000
1.537402343750051e-007	-2.937881e-001	0.000000e+000
1.539355468750051e-007	-2.967444e-001	0.000000e+000
1.541308593750051e-007	-2.995994e-001	0.000000e+000
1.543261718750051e-007	-3.023458e-001	0.000000e+000
1.545214843750051e-007	-3.049772e-001	0.000000e+000
1.547167968750052e-007	-3.074878e-001	0.000000e+000
1.549121093750052e-007	-3.098709e-001	0.000000e+000
1.551074218750052e-007	-3.121184e-001	0.000000e+000
1.553027343750052e-007	-3.142194e-001	0.000000e+000
1.554980468750052e-007	-3.161600e-001	0.000000e+000
1.556933593750052e-007	-3.179220e-001	0.000000e+000
1.558886718750052e-007	-3.194832e-001	0.000000e+000
1.560839843750052e-007	-3.208169e-001	0.000000e+000
1.562792968750052e-007	-3.218921e-001	0.000000e+000
1.564746093750052e-007	-3.226742e-001	0.000000e+000
1.566699218750052e-007	-3.231255e-001	0.000000e+000
1.568652343750052e-007	-3.232065e-001	0.000000e+000
1.570605468750052e-007	-3.228769e-001	0.000000e+000
1.572558593750052e-007	-3.220969e-001	0.000000e+000
1.574511718750052e-007	-3.208289e-001	0.000000e+000
1.576464843750052e-007	-3.190385e-001	0.000000e+000
1.578417968750052e-007	-3.166967e-001	0.000000e+000
1.580371093750052e-007	-3.137802e-001	0.000000e+000
1.582324218750052e-007	-3.102731e-001	0.000000e+000
1.584277343750052e-007	-3.061676e-001	0.000000e+000
1.586230468750052e-007	-3.014644e-001	0.000000e+000
1.588183593750053e-007	-2.961730e-001	0.000000e+000
1.590136718750053e-007	-2.903118e-001	0.000000e+000
1.592089843750053e-007	-2.839072e-001	0.000000e+000
1.594042968750053e-007	-2.769936e-001	0.000000e+000
1.595996093750053e-007	-2.696118e-001	0.000000e+000
1.597949218750053e-007	-2.618083e-001	0.000000e+000
1.599902343750053e-007	-2.536337e-001	0.000000e+000
1.601855468750053e-007	-2.451416e-001	0.000000e+000
1.603808593750053e-007	-2.363869e-001	0.000000e+000
1.605761718750053e-007	-2.274245e-001	0.000000e+000
1.607714843750053e-007	-2.183083e-001	0.000000e+000
1.609667968750053e-007	-2.090897e-001	0.000000e+000
1.611621093750053e-007	-1.998167e-001	0.000000e+000
1.613574218750053e-007	-1.905336e-001	0.000000e+000
1.615527343750053e-007	-1.812799e-001	0.000000e+000
1.617480468750053e-007	-1.720904e-001	0.000000e+000
1.619433593750053e-007	-1.629952e-001	0.000000e+000
1.621386718750053e-007	-1.540197e-001	0.000000e+000
1.623339843750053e-007	-1.451850e-001	0.000000e+000
1.625292968750053e-007	-1.365084e-001	0.000000e+000
1.627246093750053e-007	-1.280041e-001	0.000000e+000
1.629199218750054e-007	-1.196835e-001	0.000000e+000
1.631152343750054e-007	-1.115562e-001	0.000000e+000
1.633105468750054e-007	-1.036303e-001	0.000000e+000
1.635058593750054e-007	-9.591337e-002	0.000000e+000
1.637011718750054e-007	-8.841223e-002	0.000000e+000
1.638964843750054e-007	-8.113391e-002	0.000000e+000
1.640917968750054e-007	-7.408553e-002	0.000000e+000
1.642871093750054e-007	-6.727447e-002	0.000000e+000
1.644824218750054e-007	-6.070833e-002	0.000000e+000
1.646777343750054e-007	-5.439476e-002	0.000000e+000
1.648730468750054e-007	-4.834125e-002	0.000000e+000
1.650683593750054e-007	-4.255485e-002	0.000000e+000
1.652636718750054e-007	-3.704181e-002	0.000000e+000
1.654589843750054e-007	-3.180725e-002	0.000000e+000
1.656542968750054e-007	-2.685483e-002	0.000000e+000
1.658496093750054e-007	-2.218643e-002	0.000000e+000
1.660449218750054e-007	-1.780195e-002	0.000000e+000
1.662402343750054e-007	-1.369908e-002	0.000000e+000
1.664355468750054e-007	-9.873232e-003	0.000000e+000
1.666308593750054e-007	-6.317503e-003	0.000000e+000
1.668261718750054e-007	-3.022719e-003	0.000000e+000
1.670214843750055e-007	2.243744e-005	0.000000e+000
1.672167968750055e-007	2.831257e-003	0.000000e+000
1.674121093750055e-007	5.418770e-003	0.000000e+000
1.676074218750055e-007	7.801483e-003	0.000000e+000
1.678027343750055e-007	9.997094e-003	0.000000e+000
1.679980468750055e-007	1.202419e-002	0.000000e+000
1.681933593750055e-007	1.390194e-002	0.000000e+000
1.683886718750055e-007	1.564980e-002	0.000000e+000
1.685839843750055e-007	1.728723e-002	0.000000e+000
1.687792968750055e-007	1.883339e-002	0.000000e+000
1.689746093750055e-007	2.030689e-002	0.000000e+000
1.691699218750055e-007	2.172553e-002	0.000000e+000
1.693652343750055e-007	2.310602e-002	0.000000e+000
1.695605468750055e-007	2.446375e-002	0.000000e+000
1.697558593750055e-007	2.581254e-002	0.000000e+000
1.699511718750055e-007	2.716437e-002	0.000000e+000
1.701464843750055e-007	2.852912e-002	0.000000e+000
1.703417968750055e-007	2.991437e-002	0.000000e+000
1.705371093750055e-007	3.132515e-002	0.000000e+000
1.707324218750055e-007	3.276373e-002	0.000000e+000
1.709277343750055e-007	3.422949e-002	0.000000e+000
1.711230468750056e-007	3.571881e-002	0.000000e+000
1.713183593750056e-007	3.722501e-002	0.000000e+000
1.715136718750056e-007	3.873847e-002	0.000000e+000
1.717089843750056e-007	4.024673e-002	0.000000e+000
1.719042968750056e-007	4.173478e-002	0.000000e+000
1.720996093750056e-007	4.318548e-002	0.000000e+000
1.722949218750056e-007	4.457995e-002	0.000000e+000
1.724902343750056e-007	4.589830e-002	0.000000e+000
1.726855468750056e-007	4.712025e-002	0.000000e+000
1.728808593750056e-007	4.822592e-002	0.000000e+000
1.730761718750056e-007	4.919665e-002	0.000000e+000
1.732714843750056e-007	5.001581e-002	0.000000e+000
1.734667968750056e-007	5.066964e-002	0.000000e+000
1.736621093750056e-007	5.114798e-002	0.000000e+000
1.738574218750056e-007	5.144487e-002	0.000000e+000
1.740527343750056e-007	5.155911e-002	0.000000e+000
1.742480468750056e-007	5.149455e-002	0.000000e+000
1.744433593750056e-007	5.126027e-002	0.000000e+000
1.746386718750056e-007	5.087041e-002	0.000000e+000
1.748339843750056e-007	5.034393e-002	0.000000e+000
1.750292968750056e-007	4.970407e-002	0.000000e+000
1.752246093750057e-007	4.897756e-002	0.000000e+000
1.754199218750057e-007	4.819373e-002	0.000000e+000
1.756152343750057e-007	4.738340e-002	0.000000e+000
1.758105468750057e-007	4.657776e-002	0.000000e+000
1.760058593750057e-007	4.580706e-002	0.000000e+000
1.762011718750057e-007	4.509945e-002	0.000000e+000
1.763964843750057e-007	4.447976e-002	0.000000e+000
1.765917968750057e-007	4.396850e-002	0.000000e+000
1.767871093750057e-007	4.358101e-002	0.000000e+000
1.769824218750057e-007	4.332674e-002	0.000000e+000
1.771777343750057e-007	4.320896e-002	0.000000e+000
1.773730468750057e-007	4.322462e-002	0.000000e+000
1.775683593750057e-007	4.336450e-002	0.000000e+000
1.777636718750057e-007	4.361378e-002	0.000000e+000
1.779589843750057e-007	4.395271e-002	0.000000e+000
1.781542968750057e-007	4.435766e-002	0.000000e+000
1.783496093750057e-007	4.480229e-002	0.000000e+000
1.785449218750057e-007	4.525886e-002	0.000000e+000
1.787402343750057e-007	4.569963e-002	0.000000e+000
1.789355468750057e-007	4.609830e-002	0.000000e+000
1.791308593750057e-007	4.643127e-002	0.000000e+000
1.793261718750058e-007	4.667893e-002	0.000000e+000
1.795214843750058e-007	4.682663e-002	0.000000e+000
1.797167968750058e-007	4.686546e-002	0.000000e+000
1.799121093750058e-007	4.679271e-002	0.000000e+000
1.801074218750058e-007	4.661211e-002	0.000000e+000
1.803027343750058e-007	4.633364e-002	0.000000e+000
1.804980468750058e-007	4.597313e-002	0.000000e+000
1.806933593750058e-007	4.555146e-002	0.000000e+000
1.808886718750058e-007	4.509366e-002	0.000000e+000
1.810839843750058e-007	4.462766e-002	0.000000e+000
1.812792968750058e-007	4.418306e-002	0.000000e+000
1.814746093750058e-007	4.378965e-002	0.000000e+000
1.816699218750058e-007	4.347613e-002	0.000000e+000
1.818652343750058e-007	4.326878e-002	0.000000e+000
1.820605468750058e-007	4.319027e-002	0.000000e+000
1.822558593750058e-007	4.325878e-002	0.000000e+000
1.824511718750058e-007	4.348726e-002	0.000000e+000
1.826464843750058e-007	4.388304e-002	0.000000e+000
1.828417968750058e-007	4.444771e-002	0.000000e+000
1.830371093750058e-007	4.517734e-002	0.000000e+000
1.832324218750058e-007	4.606295e-002	0.000000e+000
1.834277343750059e-007	4.709128e-002	0.000000e+000
1.836230468750059e-007	4.824577e-002	0.000000e+000
1.838183593750059e-007	4.950765e-002	0.000000e+000
1.840136718750059e-007	5.085725e-002	0.000000e+000
1.842089843750059e-007	5.227516e-002	0.000000e+000
1.844042968750059e-007	5.374350e-002	0.000000e+000
1.845996093750059e-007	5.524698e-002	0.000000e+000
1.847949218750059e-007	5.677384e-002	0.000000e+000
1.849902343750059e-007	5.831652e-002	0.000000e+000
1.851855468750059e-007	5.987207e-002	0.000000e+000
1.853808593750059e-007	6.144229e-002	0.000000e+000
1.855761718750059e-007	6.303355e-002	0.000000e+000
1.857714843750059e-007	6.465632e-002	0.000000e+000
1.859667968750059e-007	6.632163e-002	0.000000e+000
1.861302620719608e-007	6.775662e-002	0.000000e+000
1.862425918355551e-007	6.877335e-002	0.000000e+000
1.863536859293537e-007	6.981374e-002	0.000000e+000
1.865195052696522e-007	7.142963e-002	0.000000e+000
1.867053562903281e-007	7.333177e-002	0.000000e+000
1.869006687903281e-007	7.544936e-002	0.000000e+000
1.870959812903282e-007	7.770007e-002	0.000000e+000
1.872912937903282e-007	8.009151e-002	0.000000e+000
1.874866062903282e-007	8.262444e-002	0.000000e+000
1.876819187903282e-007	8.529229e-002	0.000000e+000
1.878683205989379e-007	8.795508e-002	0.000000e+000
1.880528108567613e-007	9.068998e-002	0.000000e+000
1.882481233567613e-007	9.366784e-002	0.000000e+000
1.884434358567613e-007	9.670102e-002	0.000000e+000
1.886387483567613e-007	9.975732e-002	0.000000e+000
1.888340608567613e-007	1.027996e-001	0.000000e+000
1.890293733567613e-007	1.057883e-001	0.000000e+000
1.892246858567613e-007	1.086829e-001	0.000000e+000
1.894199983567613e-007	1.114429e-001	0.000000e+000
1.896153108567613e-007	1.140300e-001	0.000000e+000
1.898106233567613e-007	1.164209e-001	0.000000e+000
1.899670152813528e-007	1.181587e-001	0.000000e+000
1.901457932565595e-007	1.199212e-001	0.000000e+000
1.903411057565595e-007	1.215818e-001	0.000000e+000
1.905364182565595e-007	1.229489e-001	0.000000e+000
1.907317307565596e-007	1.240060e-001	0.000000e+000
1.909270432565596e-007	1.247485e-001	0.000000e+000
1.911223557565596e-007	1.251774e-001	0.000000e+000
1.913176682565596e-007	1.253055e-001	0.000000e+000
1.914958239772680e-007	1.251585e-001	0.000000e+000
1.916871743589349e-007	1.247300e-001	0.000000e+000
1.918824868589349e-007	1.240323e-001	0.000000e+000
1.920777993589349e-007	1.230855e-001	0.000000e+000
1.922731118589349e-007	1.219064e-001	0.000000e+000
1.924684243589349e-007	1.205128e-001	0.000000e+000
1.926637368589349e-007	1.189226e-001	0.000000e+000
1.928542408737433e-007	1.171943e-001	0.000000e+000
1.930495533737433e-007	1.152549e-001	0.000000e+000
1.932373331339344e-007	1.132394e-001	0.000000e+000
1.934326456339344e-007	1.109934e-001	0.000000e+000
1.936279581339344e-007	1.086054e-001	0.000000e+000
1.938160719381951e-007	1.061721e-001	0.000000e+000
1.940113844381951e-007	1.035110e-001	0.000000e+000
1.942066969381951e-007	1.007190e-001	0.000000e+000
1.944020094381951e-007	9.779900e-002	0.000000e+000
1.945973219381951e-007	9.475648e-002	0.000000e+000
1.947909893102280e-007	9.162509e-002	0.000000e+000
1.949863018102280e-007	8.836106e-002	0.000000e+000
1.951816143102280e-007	8.500326e-002	0.000000e+000
1.953769268102280e-007	8.156674e-002	0.000000e+000
1.955722393102280e-007	7.807352e-002	0.000000e+000
1.956819476909613e-007	7.609107e-002	0.000000e+000
1.957766511411225e-007	7.436990e-002	0.000000e+000
1.958743020404013e-007	7.259147e-002	0.000000e+000
1.960136318688178e-007	7.005480e-002	0.000000e+000
1.961417419162239e-007	6.773016e-002	0.000000e+000
1.962771499742002e-007	6.528933e-002	0.000000e+000
1.964022179939431e-007	6.306224e-002	0.000000e+000
1.965975304939432e-007	5.964929e-002	0.000000e+000
1.967928429939432e-007	5.632794e-002	0.000000e+000
1.969881554939432e-007	5.312788e-002	0.000000e+000
1.971834679939432e-007	5.007021e-002	0.000000e+000
1.973787804939432e-007	4.717226e-002	0.000000e+000
1.975740929939432e-007	4.444692e-002	0.000000e+000
1.977694054939432e-007	4.190204e-002	0.000000e+000
1.979647179939432e-007	3.954027e-002	0.000000e+000
1.981600304939432e-007	3.735891e-002	0.000000e+000
1.983553429939432e-007	3.535020e-002	0.000000e+000
1.985506554939432e-007	3.350172e-002	0.000000e+000
1.987459679939432e-007	3.179711e-002	0.000000e+000
1.989412804939432e-007	3.021688e-002	0.000000e+000
1.991365929939432e-007	2.873946e-002	0.000000e+000
1.993319054939432e-007	2.733928e-002	0.000000e+000
1.994799191039741e-007	2.631928e-002	0.000000e+000
1.996303151894212e-007	2.531026e-002	0.000000e+000
1.997925187124805e-007	2.423829e-002	0.000000e+000
1.999578265911905e-007	2.315336e-002	0.000000e+000
2.000000000000000e-007	2.287709e-002	0.000000e+000
