time	V(out)	V(n001)
0.000000000000000e+000	0.000000e+000	0.000000e+000
9.142857106324092e-012	-1.286621e-042	1.219048e-003
1.828571421264818e-011	-1.143574e-042	2.438095e-003
2.742857131897227e-011	4.291405e-043	3.657143e-003
3.657142842529637e-011	3.431523e-042	4.876191e-003
4.571428553162046e-011	7.863572e-042	6.095238e-003
5.485714263794455e-011	1.372529e-041	7.314286e-003
6.399999974426862e-011	2.101667e-041	8.533333e-003
1.279999994885372e-010	8.471452e-040	1.706667e-002
1.889981218375133e-010	8.604288e-039	2.519975e-002
2.426380759556128e-010	5.741702e-038	3.235174e-002
2.930697971684706e-010	3.664823e-037	3.907597e-002
3.459935504286050e-010	2.550734e-036	4.613248e-002
4.022432174730762e-010	2.445832e-035	5.363243e-002
4.696166406307270e-010	3.137574e-034	6.261555e-002
5.458557001652890e-010	5.258509e-033	7.278076e-002
6.365652747478444e-010	9.867603e-032	8.487537e-002
7.405085158828021e-010	2.118409e-030	9.873447e-002
8.633543326912267e-010	4.700770e-029	1.151139e-001
1.005380225424472e-009	4.122308e-028	1.340507e-001
1.124982697409015e-009	2.259299e-027	1.499977e-001
1.245513214188884e-009	1.234152e-026	1.660684e-001
1.372994929119031e-009	7.137914e-026	1.830660e-001
1.513790652360437e-009	4.434657e-025	2.018387e-001
1.667773859398741e-009	2.904862e-024	2.223698e-001
1.838672518501759e-009	1.996409e-023	2.451563e-001
2.026780785912432e-009	1.279206e-022	2.702374e-001
2.222093285912432e-009	6.917270e-022	2.962791e-001
2.417405785912432e-009	2.960842e-021	3.223208e-001
2.595315570131506e-009	1.107126e-020	3.460421e-001
2.790628070131506e-009	4.281714e-020	3.720838e-001
2.985940570131506e-009	1.489752e-019	3.981254e-001
3.181253070131506e-009	4.817740e-019	4.241671e-001
3.376565570131506e-009	1.461129e-018	4.502088e-001
3.571878070131505e-009	4.185655e-018	4.762504e-001
3.767190570131505e-009	1.139259e-017	5.022921e-001
3.962503070131505e-009	2.960738e-017	5.283337e-001
4.157815570131505e-009	7.377447e-017	5.543754e-001
4.353128070131505e-009	1.768866e-016	5.804171e-001
4.548440570131504e-009	4.093684e-016	6.064587e-001
4.743753070131504e-009	9.169466e-016	6.325004e-001
4.939065570131504e-009	1.992619e-015	6.585421e-001
5.134378070131504e-009	4.209963e-015	6.845837e-001
5.329690570131503e-009	8.664237e-015	7.106254e-001
5.525003070131503e-009	1.739884e-014	7.366671e-001
5.720315570131503e-009	3.414404e-014	7.627087e-001
5.915628070131503e-009	6.557194e-014	7.887504e-001
6.110940570131503e-009	1.233895e-013	8.147921e-001
6.306253070131502e-009	2.277695e-013	8.408337e-001
6.501565570131502e-009	4.128838e-013	8.668754e-001
6.696878070131502e-009	7.356896e-013	8.929171e-001
6.892190570131502e-009	1.289680e-012	9.189587e-001
7.087503070131502e-009	2.226104e-012	9.450004e-001
7.304687500000000e-009	3.765510e-012	9.739583e-001
7.412512280526006e-009	5.037536e-012	9.883350e-001
7.508748771947399e-009	6.411430e-012	1.000000e+000
7.561241403631794e-009	7.364416e-012	1.000000e+000
7.631231579210989e-009	8.914731e-012	1.000000e+000
7.771211930369379e-009	1.306512e-011	1.000000e+000
7.966524430369379e-009	2.153413e-011	1.000000e+000
8.161836930369379e-009	3.459009e-011	1.000000e+000
8.357149430369378e-009	5.492536e-011	1.000000e+000
8.552461930369378e-009	8.625844e-011	1.000000e+000
8.747774430369378e-009	1.340402e-010	1.000000e+000
8.943086930369378e-009	2.061853e-010	1.000000e+000
9.138399430369377e-009	3.140820e-010	1.000000e+000
9.333711930369377e-009	4.739732e-010	1.000000e+000
9.529024430369377e-009	7.088318e-010	1.000000e+000
9.724336930369377e-009	1.050886e-009	1.000000e+000
9.919649430369377e-009	1.544993e-009	1.000000e+000
1.011496193036938e-008	2.253123e-009	1.000000e+000
1.031027443036938e-008	3.260258e-009	1.000000e+000
1.050558693036938e-008	4.682120e-009	1.000000e+000
1.070089943036938e-008	6.675213e-009	1.000000e+000
1.089621193036938e-008	9.449810e-009	1.000000e+000
1.109152443036938e-008	1.328660e-008	1.000000e+000
1.128683693036938e-008	1.855799e-008	1.000000e+000
1.148214943036938e-008	2.575502e-008	1.000000e+000
1.167746193036938e-008	3.552147e-008	1.000000e+000
1.187277443036937e-008	4.869654e-008	1.000000e+000
1.206808693036937e-008	6.636811e-008	1.000000e+000
1.226339943036937e-008	8.993891e-008	1.000000e+000
1.245871193036937e-008	1.212082e-007	1.000000e+000
1.265402443036937e-008	1.624719e-007	1.000000e+000
1.284933693036937e-008	2.166458e-007	1.000000e+000
1.304464943036937e-008	2.874141e-007	1.000000e+000
1.323996193036937e-008	3.794106e-007	1.000000e+000
1.343527443036937e-008	4.984364e-007	1.000000e+000
1.363058693036937e-008	6.517215e-007	1.000000e+000
1.382589943036937e-008	8.482368e-007	1.000000e+000
1.402121193036937e-008	1.099065e-006	1.000000e+000
1.421652443036937e-008	1.417843e-006	1.000000e+000
1.441183693036937e-008	1.821276e-006	1.000000e+000
1.460714943036937e-008	2.329751e-006	1.000000e+000
1.480246193036937e-008	2.968046e-006	1.000000e+000
1.499777443036937e-008	3.766162e-006	1.000000e+000
1.519308693036937e-008	4.760283e-006	1.000000e+000
1.538839943036937e-008	5.993891e-006	1.000000e+000
1.558371193036938e-008	7.519045e-006	1.000000e+000
1.577902443036938e-008	9.397846e-006	1.000000e+000
1.597433693036938e-008	1.170412e-005	1.000000e+000
1.616964943036938e-008	1.452531e-005	1.000000e+000
1.636496193036938e-008	1.796467e-005	1.000000e+000
1.656027443036938e-008	2.214365e-005	1.000000e+000
1.675558693036938e-008	2.720471e-005	1.000000e+000
1.695089943036939e-008	3.331435e-005	1.000000e+000
1.714621193036939e-008	4.066653e-005	1.000000e+000
1.734152443036939e-008	4.948657e-005	1.000000e+000
1.753683693036939e-008	6.003530e-005	1.000000e+000
1.773214943036939e-008	7.261375e-005	1.000000e+000
1.792746193036939e-008	8.756833e-005	1.000000e+000
1.812277443036939e-008	1.052964e-004	1.000000e+000
1.831808693036940e-008	1.262525e-004	1.000000e+000
1.851339943036940e-008	1.509550e-004	1.000000e+000
1.870871193036940e-008	1.799932e-004	1.000000e+000
1.890402443036940e-008	2.140352e-004	1.000000e+000
1.909933693036940e-008	2.538364e-004	1.000000e+000
1.929464943036940e-008	3.002483e-004	1.000000e+000
1.948996193036940e-008	3.542281e-004	1.000000e+000
1.968527443036941e-008	4.168487e-004	1.000000e+000
1.988058693036941e-008	4.893094e-004	1.000000e+000
2.007589943036941e-008	5.729471e-004	1.000000e+000
2.027121193036941e-008	6.692481e-004	1.000000e+000
2.046652443036941e-008	7.798597e-004	1.000000e+000
2.066183693036941e-008	9.066035e-004	1.000000e+000
2.085714943036941e-008	1.051488e-003	1.000000e+000
2.105246193036942e-008	1.216720e-003	1.000000e+000
2.124777443036942e-008	1.404723e-003	1.000000e+000
2.144308693036942e-008	1.618142e-003	1.000000e+000
2.163839943036942e-008	1.859867e-003	1.000000e+000
2.183371193036942e-008	2.133037e-003	1.000000e+000
2.202902443036942e-008	2.441058e-003	1.000000e+000
2.222433693036942e-008	2.787616e-003	1.000000e+000
2.241964943036943e-008	3.176684e-003	1.000000e+000
2.261496193036943e-008	3.612536e-003	1.000000e+000
2.281027443036943e-008	4.099758e-003	1.000000e+000
2.300558693036943e-008	4.643254e-003	1.000000e+000
2.320089943036943e-008	5.248255e-003	1.000000e+000
2.339621193036943e-008	5.920323e-003	1.000000e+000
2.359152443036943e-008	6.665356e-003	1.000000e+000
2.378683693036944e-008	7.489591e-003	1.000000e+000
2.398214943036944e-008	8.399598e-003	1.000000e+000
2.417746193036944e-008	9.402283e-003	1.000000e+000
2.437277443036944e-008	1.050488e-002	1.000000e+000
2.456808693036944e-008	1.171494e-002	1.000000e+000
2.476339943036944e-008	1.304031e-002	1.000000e+000
2.495871193036944e-008	1.448915e-002	1.000000e+000
2.515402443036945e-008	1.606986e-002	1.000000e+000
2.534933693036945e-008	1.779113e-002	1.000000e+000
2.554464943036945e-008	1.966182e-002	1.000000e+000
2.573996193036945e-008	2.169103e-002	1.000000e+000
2.593527443036945e-008	2.388797e-002	1.000000e+000
2.613058693036945e-008	2.626200e-002	1.000000e+000
2.632589943036945e-008	2.882253e-002	1.000000e+000
2.652121193036946e-008	3.157901e-002	1.000000e+000
2.671652443036946e-008	3.454086e-002	1.000000e+000
2.691183693036946e-008	3.771741e-002	1.000000e+000
2.710714943036946e-008	4.111785e-002	1.000000e+000
2.730246193036946e-008	4.475119e-002	1.000000e+000
2.749777443036946e-008	4.862612e-002	1.000000e+000
2.769308693036946e-008	5.275105e-002	1.000000e+000
2.788839943036947e-008	5.713392e-002	1.000000e+000
2.808371193036947e-008	6.178224e-002	1.000000e+000
2.827902443036947e-008	6.670292e-002	1.000000e+000
2.847433693036947e-008	7.190226e-002	1.000000e+000
2.866964943036947e-008	7.738581e-002	1.000000e+000
2.886496193036947e-008	8.315837e-002	1.000000e+000
2.906027443036948e-008	8.922385e-002	1.000000e+000
2.925558693036948e-008	9.558520e-002	1.000000e+000
2.945089943036948e-008	1.022444e-001	1.000000e+000
2.964621193036948e-008	1.092023e-001	1.000000e+000
2.984152443036948e-008	1.164585e-001	1.000000e+000
3.003683693036948e-008	1.240117e-001	1.000000e+000
3.023214943036947e-008	1.318590e-001	1.000000e+000
3.042746193036947e-008	1.399962e-001	1.000000e+000
3.062277443036947e-008	1.484180e-001	1.000000e+000
3.081808693036947e-008	1.571174e-001	1.000000e+000
3.101339943036947e-008	1.660860e-001	1.000000e+000
3.120871193036946e-008	1.753142e-001	1.000000e+000
3.140402443036946e-008	1.847907e-001	1.000000e+000
3.159933693036946e-008	1.945027e-001	1.000000e+000
3.179464943036946e-008	2.044361e-001	1.000000e+000
3.198996193036946e-008	2.145753e-001	1.000000e+000
3.218527443036946e-008	2.249033e-001	1.000000e+000
3.238058693036945e-008	2.354016e-001	1.000000e+000
3.257589943036945e-008	2.460507e-001	1.000000e+000
3.277121193036945e-008	2.568296e-001	1.000000e+000
3.296652443036945e-008	2.677163e-001	1.000000e+000
3.316183693036945e-008	2.786877e-001	1.000000e+000
3.335714943036944e-008	2.897197e-001	1.000000e+000
3.355246193036944e-008	3.007873e-001	1.000000e+000
3.374777443036944e-008	3.118650e-001	1.000000e+000
3.394308693036944e-008	3.229264e-001	1.000000e+000
3.413839943036944e-008	3.339449e-001	1.000000e+000
3.433371193036943e-008	3.448935e-001	1.000000e+000
3.452902443036943e-008	3.557451e-001	1.000000e+000
3.472433693036943e-008	3.664726e-001	1.000000e+000
3.491964943036943e-008	3.770490e-001	1.000000e+000
3.511496193036943e-008	3.874478e-001	1.000000e+000
3.531027443036943e-008	3.976430e-001	1.000000e+000
3.550558693036942e-008	4.076091e-001	1.000000e+000
3.570089943036942e-008	4.173218e-001	1.000000e+000
3.589621193036942e-008	4.267576e-001	1.000000e+000
3.609152443036942e-008	4.358942e-001	1.000000e+000
3.628683693036942e-008	4.447108e-001	1.000000e+000
3.648214943036941e-008	4.531880e-001	1.000000e+000
3.667746193036941e-008	4.613081e-001	1.000000e+000
3.687277443036941e-008	4.690551e-001	1.000000e+000
3.706808693036941e-008	4.764149e-001	1.000000e+000
3.726339943036941e-008	4.833756e-001	1.000000e+000
3.745871193036940e-008	4.899270e-001	1.000000e+000
3.765402443036940e-008	4.960615e-001	1.000000e+000
3.784933693036940e-008	5.017734e-001	1.000000e+000
3.804464943036940e-008	5.070594e-001	1.000000e+000
3.823996193036940e-008	5.119184e-001	1.000000e+000
3.843527443036940e-008	5.163518e-001	1.000000e+000
3.863058693036939e-008	5.203630e-001	1.000000e+000
3.882589943036939e-008	5.239579e-001	1.000000e+000
3.902121193036939e-008	5.271443e-001	1.000000e+000
3.921652443036939e-008	5.299325e-001	1.000000e+000
3.941183693036939e-008	5.323344e-001	1.000000e+000
3.960714943036938e-008	5.343643e-001	1.000000e+000
3.980246193036938e-008	5.360378e-001	1.000000e+000
3.999777443036938e-008	5.373725e-001	1.000000e+000
4.019308693036938e-008	5.383875e-001	1.000000e+000
4.038839943036938e-008	5.391032e-001	1.000000e+000
4.058371193036937e-008	5.395411e-001	1.000000e+000
4.077902443036937e-008	5.397236e-001	1.000000e+000
4.097433693036937e-008	5.396743e-001	1.000000e+000
4.116964943036937e-008	5.394169e-001	1.000000e+000
4.136496193036937e-008	5.389758e-001	1.000000e+000
4.156027443036937e-008	5.383754e-001	1.000000e+000
4.175558693036936e-008	5.376402e-001	1.000000e+000
4.195089943036936e-008	5.367945e-001	1.000000e+000
4.214621193036936e-008	5.358620e-001	1.000000e+000
4.234152443036936e-008	5.348659e-001	1.000000e+000
4.253683693036936e-008	5.338285e-001	1.000000e+000
4.273214943036935e-008	5.327712e-001	1.000000e+000
4.292746193036935e-008	5.317142e-001	1.000000e+000
4.312277443036935e-008	5.306765e-001	1.000000e+000
4.331808693036935e-008	5.296755e-001	1.000000e+000
4.351339943036935e-008	5.287273e-001	1.000000e+000
4.370871193036934e-008	5.278460e-001	1.000000e+000
4.390402443036934e-008	5.270442e-001	1.000000e+000
4.409933693036934e-008	5.263327e-001	1.000000e+000
4.429464943036934e-008	5.257205e-001	1.000000e+000
4.448996193036934e-008	5.252147e-001	1.000000e+000
4.468527443036934e-008	5.248203e-001	1.000000e+000
4.488058693036933e-008	5.245409e-001	1.000000e+000
4.507589943036933e-008	5.243780e-001	1.000000e+000
4.527121193036933e-008	5.243315e-001	1.000000e+000
4.546652443036933e-008	5.243994e-001	1.000000e+000
4.566183693036933e-008	5.245783e-001	1.000000e+000
4.585714943036932e-008	5.248635e-001	1.000000e+000
4.605246193036932e-008	5.252486e-001	1.000000e+000
4.624777443036932e-008	5.257263e-001	1.000000e+000
4.644308693036932e-008	5.262878e-001	1.000000e+000
4.663839943036932e-008	5.269238e-001	1.000000e+000
4.683371193036931e-008	5.276241e-001	1.000000e+000
4.702902443036931e-008	5.283778e-001	1.000000e+000
4.722433693036931e-008	5.291738e-001	1.000000e+000
4.741964943036931e-008	5.300005e-001	1.000000e+000
4.761496193036931e-008	5.308464e-001	1.000000e+000
4.781027443036931e-008	5.316999e-001	1.000000e+000
4.800558693036930e-008	5.325499e-001	1.000000e+000
4.820089943036930e-008	5.333852e-001	1.000000e+000
4.839621193036930e-008	5.341957e-001	1.000000e+000
4.859152443036930e-008	5.349715e-001	1.000000e+000
4.878683693036930e-008	5.357038e-001	1.000000e+000
4.898214943036929e-008	5.363843e-001	1.000000e+000
4.917746193036929e-008	5.370060e-001	1.000000e+000
4.937277443036929e-008	5.375628e-001	1.000000e+000
4.956808693036929e-008	5.380498e-001	1.000000e+000
4.976339943036929e-008	5.384629e-001	1.000000e+000
4.995871193036928e-008	5.387996e-001	1.000000e+000
5.015402443036928e-008	5.390583e-001	1.000000e+000
5.034933693036928e-008	5.392385e-001	1.000000e+000
5.054464943036928e-008	5.393410e-001	1.000000e+000
5.073996193036928e-008	5.393676e-001	1.000000e+000
5.093527443036928e-008	5.393212e-001	1.000000e+000
5.113058693036927e-008	5.392056e-001	1.000000e+000
5.132589943036927e-008	5.390254e-001	1.000000e+000
5.152121193036927e-008	5.387862e-001	1.000000e+000
5.171652443036927e-008	5.384940e-001	1.000000e+000
5.191183693036927e-008	5.381556e-001	1.000000e+000
5.210714943036926e-008	5.377783e-001	1.000000e+000
5.230246193036926e-008	5.373694e-001	1.000000e+000
5.249777443036926e-008	5.369367e-001	1.000000e+000
5.269308693036926e-008	5.364882e-001	1.000000e+000
5.288839943036926e-008	5.360315e-001	1.000000e+000
5.308371193036925e-008	5.355744e-001	1.000000e+000
5.327902443036925e-008	5.351244e-001	1.000000e+000
5.347433693036925e-008	5.346885e-001	1.000000e+000
5.366964943036925e-008	5.342732e-001	1.000000e+000
5.386496193036925e-008	5.338847e-001	1.000000e+000
5.406027443036925e-008	5.335284e-001	1.000000e+000
5.425558693036924e-008	5.332092e-001	1.000000e+000
5.445089943036924e-008	5.329310e-001	1.000000e+000
5.464621193036924e-008	5.326970e-001	1.000000e+000
5.484152443036924e-008	5.325096e-001	1.000000e+000
5.503683693036924e-008	5.323706e-001	1.000000e+000
5.523214943036923e-008	5.322806e-001	1.000000e+000
5.542746193036923e-008	5.322397e-001	1.000000e+000
5.562277443036923e-008	5.322468e-001	1.000000e+000
5.581808693036923e-008	5.323005e-001	1.000000e+000
5.601339943036923e-008	5.323983e-001	1.000000e+000
5.620871193036923e-008	5.325375e-001	1.000000e+000
5.640402443036922e-008	5.327143e-001	1.000000e+000
5.659933693036922e-008	5.329247e-001	1.000000e+000
5.679464943036922e-008	5.331640e-001	1.000000e+000
5.698996193036922e-008	5.334275e-001	1.000000e+000
5.718527443036922e-008	5.337100e-001	1.000000e+000
5.738058693036921e-008	5.340062e-001	1.000000e+000
5.757589943036921e-008	5.343106e-001	1.000000e+000
5.777121193036921e-008	5.346179e-001	1.000000e+000
5.796652443036921e-008	5.349227e-001	1.000000e+000
5.816183693036921e-008	5.352200e-001	1.000000e+000
5.835714943036920e-008	5.355049e-001	1.000000e+000
5.855246193036920e-008	5.357728e-001	1.000000e+000
5.874777443036920e-008	5.360197e-001	1.000000e+000
5.894308693036920e-008	5.362420e-001	1.000000e+000
5.913839943036920e-008	5.364364e-001	1.000000e+000
5.933371193036920e-008	5.366004e-001	1.000000e+000
5.952902443036919e-008	5.367320e-001	1.000000e+000
5.972433693036920e-008	5.368298e-001	1.000000e+000
5.991964943036920e-008	5.368930e-001	1.000000e+000
6.011496193036921e-008	5.369215e-001	1.000000e+000
6.031027443036921e-008	5.369157e-001	1.000000e+000
6.050558693036922e-008	5.368764e-001	1.000000e+000
6.070089943036922e-008	5.368055e-001	1.000000e+000
6.089621193036923e-008	5.367047e-001	1.000000e+000
6.109152443036923e-008	5.365768e-001	1.000000e+000
6.128683693036924e-008	5.364246e-001	1.000000e+000
6.148214943036924e-008	5.362513e-001	1.000000e+000
6.167746193036925e-008	5.360606e-001	1.000000e+000
6.187277443036925e-008	5.358562e-001	1.000000e+000
6.206808693036925e-008	5.356420e-001	1.000000e+000
6.226339943036926e-008	5.354220e-001	1.000000e+000
6.245871193036926e-008	5.352002e-001	1.000000e+000
6.265402443036927e-008	5.349807e-001	1.000000e+000
6.284933693036927e-008	5.347670e-001	1.000000e+000
6.304464943036928e-008	5.345629e-001	1.000000e+000
6.323996193036928e-008	5.343717e-001	1.000000e+000
6.343527443036929e-008	5.341965e-001	1.000000e+000
6.363058693036929e-008	5.340400e-001	1.000000e+000
6.382589943036930e-008	5.339045e-001	1.000000e+000
6.402121193036930e-008	5.337919e-001	1.000000e+000
6.421652443036931e-008	5.337037e-001	1.000000e+000
6.441183693036931e-008	5.336408e-001	1.000000e+000
6.460714943036932e-008	5.336038e-001	1.000000e+000
6.480246193036932e-008	5.335929e-001	1.000000e+000
6.499777443036933e-008	5.336075e-001	1.000000e+000
6.519308693036933e-008	5.336468e-001	1.000000e+000
6.538839943036934e-008	5.337098e-001	1.000000e+000
6.558371193036934e-008	5.337947e-001	1.000000e+000
6.577902443036935e-008	5.338997e-001	1.000000e+000
6.597433693036935e-008	5.340225e-001	1.000000e+000
6.616964943036935e-008	5.341605e-001	1.000000e+000
6.636496193036936e-008	5.343112e-001	1.000000e+000
6.656027443036936e-008	5.344718e-001	1.000000e+000
6.675558693036937e-008	5.346393e-001	1.000000e+000
6.695089943036937e-008	5.348109e-001	1.000000e+000
6.714621193036938e-008	5.349836e-001	1.000000e+000
6.734152443036938e-008	5.351547e-001	1.000000e+000
6.753683693036939e-008	5.353215e-001	1.000000e+000
6.773214943036939e-008	5.354815e-001	1.000000e+000
6.792746193036940e-008	5.356325e-001	1.000000e+000
6.812277443036940e-008	5.357725e-001	1.000000e+000
6.831808693036941e-008	5.358999e-001	1.000000e+000
6.851339943036941e-008	5.360132e-001	1.000000e+000
6.870871193036942e-008	5.361117e-001	1.000000e+000
6.890402443036942e-008	5.361946e-001	1.000000e+000
6.909933693036943e-008	5.362619e-001	1.000000e+000
6.929464943036943e-008	5.363136e-001	1.000000e+000
6.948996193036944e-008	5.363504e-001	1.000000e+000
6.968527443036944e-008	5.363731e-001	1.000000e+000
6.988058693036944e-008	5.363833e-001	1.000000e+000
7.007589943036945e-008	5.363824e-001	1.000000e+000
7.027121193036945e-008	5.363725e-001	1.000000e+000
7.046652443036946e-008	5.363559e-001	1.000000e+000
7.066183693036946e-008	5.363348e-001	1.000000e+000
7.085714943036947e-008	5.363121e-001	1.000000e+000
7.105246193036947e-008	5.362906e-001	1.000000e+000
7.124777443036948e-008	5.362732e-001	1.000000e+000
7.144308693036948e-008	5.362631e-001	1.000000e+000
7.163839943036949e-008	5.362632e-001	1.000000e+000
7.183371193036949e-008	5.362766e-001	1.000000e+000
7.202902443036950e-008	5.363064e-001	1.000000e+000
7.222433693036950e-008	5.363553e-001	1.000000e+000
7.241964943036951e-008	5.364262e-001	1.000000e+000
7.261496193036951e-008	5.365218e-001	1.000000e+000
7.281027443036952e-008	5.366444e-001	1.000000e+000
7.300558693036952e-008	5.367963e-001	1.000000e+000
7.320089943036953e-008	5.369794e-001	1.000000e+000
7.339621193036953e-008	5.371956e-001	1.000000e+000
7.359152443036954e-008	5.374464e-001	1.000000e+000
7.378683693036954e-008	5.377330e-001	1.000000e+000
7.398214943036954e-008	5.380563e-001	1.000000e+000
7.417746193036955e-008	5.384174e-001	1.000000e+000
7.437277443036955e-008	5.388167e-001	1.000000e+000
7.456808693036956e-008	5.392545e-001	1.000000e+000
7.476339943036956e-008	5.397313e-001	1.000000e+000
7.495871193036957e-008	5.402468e-001	1.000000e+000
7.515402443036957e-008	5.408012e-001	1.000000e+000
7.534933693036958e-008	5.413942e-001	1.000000e+000
7.554464943036958e-008	5.420257e-001	1.000000e+000
7.573996193036959e-008	5.426953e-001	1.000000e+000
7.593527443036959e-008	5.434030e-001	1.000000e+000
7.613058693036960e-008	5.441486e-001	1.000000e+000
7.632589943036960e-008	5.449319e-001	1.000000e+000
7.652121193036961e-008	5.457531e-001	1.000000e+000
7.671652443036961e-008	5.466123e-001	1.000000e+000
7.691183693036962e-008	5.475097e-001	1.000000e+000
7.710714943036962e-008	5.484462e-001	1.000000e+000
7.730246193036963e-008	5.494222e-001	1.000000e+000
7.749777443036963e-008	5.504389e-001	1.000000e+000
7.769308693036963e-008	5.514973e-001	1.000000e+000
7.788839943036964e-008	5.525990e-001	1.000000e+000
7.808371193036964e-008	5.537456e-001	1.000000e+000
7.827902443036965e-008	5.549389e-001	1.000000e+000
7.847433693036965e-008	5.561810e-001	1.000000e+000
7.866964943036966e-008	5.574743e-001	1.000000e+000
7.886496193036966e-008	5.588211e-001	1.000000e+000
7.906027443036967e-008	5.602241e-001	1.000000e+000
7.925558693036967e-008	5.616859e-001	1.000000e+000
7.945089943036968e-008	5.632093e-001	1.000000e+000
7.964621193036968e-008	5.647972e-001	1.000000e+000
7.984152443036969e-008	5.664523e-001	1.000000e+000
8.003683693036969e-008	5.681773e-001	1.000000e+000
8.023214943036970e-008	5.699751e-001	1.000000e+000
8.042746193036970e-008	5.718482e-001	1.000000e+000
8.062277443036971e-008	5.737990e-001	1.000000e+000
8.081808693036971e-008	5.758296e-001	1.000000e+000
8.101339943036972e-008	5.779419e-001	1.000000e+000
8.120871193036972e-008	5.801377e-001	1.000000e+000
8.140402443036972e-008	5.824183e-001	1.000000e+000
8.159933693036973e-008	5.847844e-001	1.000000e+000
8.179464943036973e-008	5.872369e-001	1.000000e+000
8.198996193036974e-008	5.897757e-001	1.000000e+000
8.218527443036974e-008	5.924007e-001	1.000000e+000
8.238058693036975e-008	5.951109e-001	1.000000e+000
8.257589943036975e-008	5.979053e-001	1.000000e+000
8.277121193036976e-008	6.007820e-001	1.000000e+000
8.296652443036976e-008	6.037390e-001	1.000000e+000
8.316183693036977e-008	6.067736e-001	1.000000e+000
8.335714943036977e-008	6.098826e-001	1.000000e+000
8.355246193036978e-008	6.130624e-001	1.000000e+000
8.374777443036978e-008	6.163089e-001	1.000000e+000
8.394308693036979e-008	6.196176e-001	1.000000e+000
8.413839943036979e-008	6.229836e-001	1.000000e+000
8.433371193036980e-008	6.264015e-001	1.000000e+000
8.452902443036980e-008	6.298658e-001	1.000000e+000
8.472433693036981e-008	6.333702e-001	1.000000e+000
8.491964943036981e-008	6.369085e-001	1.000000e+000
8.511496193036982e-008	6.404740e-001	1.000000e+000
8.531027443036982e-008	6.440598e-001	1.000000e+000
8.550558693036982e-008	6.476587e-001	1.000000e+000
8.570089943036983e-008	6.512634e-001	1.000000e+000
8.589621193036983e-008	6.548665e-001	1.000000e+000
8.609152443036984e-008	6.584602e-001	1.000000e+000
8.628683693036984e-008	6.620369e-001	1.000000e+000
8.648214943036985e-008	6.655887e-001	1.000000e+000
8.667746193036985e-008	6.691078e-001	1.000000e+000
8.687277443036986e-008	6.725863e-001	1.000000e+000
8.706808693036986e-008	6.760162e-001	1.000000e+000
8.726339943036987e-008	6.793896e-001	1.000000e+000
8.745871193036987e-008	6.826988e-001	1.000000e+000
8.765402443036988e-008	6.859359e-001	1.000000e+000
8.784933693036988e-008	6.890932e-001	1.000000e+000
8.804464943036989e-008	6.921631e-001	1.000000e+000
8.823996193036989e-008	6.951381e-001	1.000000e+000
8.843527443036990e-008	6.980108e-001	1.000000e+000
8.863058693036990e-008	7.007740e-001	1.000000e+000
8.882589943036991e-008	7.034205e-001	1.000000e+000
8.902121193036991e-008	7.059435e-001	1.000000e+000
8.921652443036991e-008	7.083364e-001	1.000000e+000
8.941183693036992e-008	7.105924e-001	1.000000e+000
8.960714943036992e-008	7.127057e-001	1.000000e+000
8.980246193036993e-008	7.146699e-001	1.000000e+000
8.999777443036993e-008	7.164797e-001	1.000000e+000
9.019308693036994e-008	7.181293e-001	1.000000e+000
9.038839943036994e-008	7.196139e-001	1.000000e+000
9.058371193036995e-008	7.209287e-001	1.000000e+000
9.077902443036995e-008	7.220694e-001	1.000000e+000
9.097433693036996e-008	7.230321e-001	1.000000e+000
9.116964943036996e-008	7.238134e-001	1.000000e+000
9.136496193036997e-008	7.244102e-001	1.000000e+000
9.156027443036997e-008	7.248201e-001	1.000000e+000
9.175558693036998e-008	7.250413e-001	1.000000e+000
9.195089943036998e-008	7.250724e-001	1.000000e+000
9.214621193036999e-008	7.249127e-001	1.000000e+000
9.234152443036999e-008	7.245622e-001	1.000000e+000
9.253683693037000e-008	7.240216e-001	1.000000e+000
9.273214943037000e-008	7.232921e-001	1.000000e+000
9.292746193037001e-008	7.223759e-001	1.000000e+000
9.312277443037001e-008	7.212758e-001	1.000000e+000
9.331808693037001e-008	7.199954e-001	1.000000e+000
9.351339943037002e-008	7.185391e-001	1.000000e+000
9.370871193037002e-008	7.169121e-001	1.000000e+000
9.390402443037003e-008	7.151204e-001	1.000000e+000
9.409933693037003e-008	7.131709e-001	1.000000e+000
9.429464943037004e-008	7.110711e-001	1.000000e+000
9.448996193037004e-008	7.088293e-001	1.000000e+000
9.468527443037005e-008	7.064548e-001	1.000000e+000
9.488058693037005e-008	7.039573e-001	1.000000e+000
9.507589943037006e-008	7.013474e-001	1.000000e+000
9.527121193037006e-008	6.986363e-001	1.000000e+000
9.546652443037007e-008	6.958358e-001	1.000000e+000
9.566183693037007e-008	6.929584e-001	1.000000e+000
9.585714943037008e-008	6.900166e-001	1.000000e+000
9.605246193037008e-008	6.870239e-001	1.000000e+000
9.624777443037009e-008	6.839939e-001	1.000000e+000
9.644308693037009e-008	6.809405e-001	1.000000e+000
9.663839943037010e-008	6.778776e-001	1.000000e+000
9.683371193037010e-008	6.748195e-001	1.000000e+000
9.702902443037010e-008	6.717802e-001	1.000000e+000
9.722433693037011e-008	6.687739e-001	1.000000e+000
9.741964943037011e-008	6.658146e-001	1.000000e+000
9.761496193037012e-008	6.629158e-001	1.000000e+000
9.781027443037012e-008	6.600909e-001	1.000000e+000
9.800558693037013e-008	6.573527e-001	1.000000e+000
9.820089943037013e-008	6.547135e-001	1.000000e+000
9.839621193037014e-008	6.521850e-001	1.000000e+000
9.859152443037014e-008	6.497781e-001	1.000000e+000
9.878683693037015e-008	6.475031e-001	1.000000e+000
9.898214943037015e-008	6.453694e-001	1.000000e+000
9.917746193037016e-008	6.433852e-001	1.000000e+000
9.937277443037016e-008	6.415581e-001	1.000000e+000
9.956808693037017e-008	6.398944e-001	1.000000e+000
9.976339943037017e-008	6.383994e-001	1.000000e+000
9.995871193037018e-008	6.370773e-001	1.000000e+000
1.001540244303702e-007	6.359313e-001	1.000000e+000
1.003493369303702e-007	6.349632e-001	1.000000e+000
1.005446494303702e-007	6.341736e-001	1.000000e+000
1.007399619303702e-007	6.335623e-001	1.000000e+000
1.009352744303702e-007	6.331276e-001	1.000000e+000
1.011305869303702e-007	6.328666e-001	1.000000e+000
1.013258994303702e-007	6.327757e-001	1.000000e+000
1.015212119303702e-007	6.328498e-001	1.000000e+000
1.017165244303702e-007	6.330829e-001	1.000000e+000
1.019118369303702e-007	6.334682e-001	1.000000e+000
1.021071494303702e-007	6.339976e-001	1.000000e+000
1.023024619303702e-007	6.346626e-001	1.000000e+000
1.024977744303702e-007	6.354536e-001	1.000000e+000
1.026930869303702e-007	6.363604e-001	1.000000e+000
1.028883994303703e-007	6.373721e-001	1.000000e+000
1.030837119303703e-007	6.384773e-001	1.000000e+000
1.032790244303703e-007	6.396642e-001	1.000000e+000
1.034743369303703e-007	6.409208e-001	1.000000e+000
1.036696494303703e-007	6.422343e-001	1.000000e+000
1.038649619303703e-007	6.435925e-001	1.000000e+000
1.040602744303703e-007	6.449825e-001	1.000000e+000
1.042555869303703e-007	6.463917e-001	1.000000e+000
1.044508994303703e-007	6.478077e-001	1.000000e+000
1.046462119303703e-007	6.492181e-001	1.000000e+000
1.048415244303703e-007	6.506112e-001	1.000000e+000
1.050368369303703e-007	6.519751e-001	1.000000e+000
1.052321494303703e-007	6.532989e-001	1.000000e+000
1.054274619303703e-007	6.545721e-001	1.000000e+000
1.056227744303703e-007	6.557847e-001	1.000000e+000
1.058180869303703e-007	6.569276e-001	1.000000e+000
1.060133994303703e-007	6.579923e-001	1.000000e+000
1.062087119303703e-007	6.589713e-001	1.000000e+000
1.064040244303703e-007	6.598576e-001	1.000000e+000
1.065993369303703e-007	6.606457e-001	1.000000e+000
1.067946494303703e-007	6.613303e-001	1.000000e+000
1.069899619303704e-007	6.619079e-001	1.000000e+000
1.071852744303704e-007	6.623861e-001	1.000000e+000
1.073046875000000e-007	6.626167e-001	1.000000e+000
1.075000000000000e-007	6.629201e-001	1.000000e+000
1.075585937500000e-007	6.629810e-001	9.921875e-001
1.076367187500000e-007	6.630432e-001	9.817708e-001
1.077929687500000e-007	6.631137e-001	9.609375e-001
1.079882812500000e-007	6.631125e-001	9.348958e-001
1.081835937500000e-007	6.630071e-001	9.088542e-001
1.083789062500000e-007	6.627949e-001	8.828125e-001
1.085742187500000e-007	6.624799e-001	8.567708e-001
1.087695312500000e-007	6.620667e-001	8.307292e-001
1.089648437500000e-007	6.615608e-001	8.046875e-001
1.091601562500000e-007	6.609687e-001	7.786458e-001
1.093554687500000e-007	6.602972e-001	7.526042e-001
1.095507812500000e-007	6.595540e-001	7.265625e-001
1.097460937500000e-007	6.587471e-001	7.005208e-001
1.099414062500001e-007	6.578853e-001	6.744792e-001
1.101367187500001e-007	6.569773e-001	6.484375e-001
1.103320312500001e-007	6.560327e-001	6.223958e-001
1.105273437500001e-007	6.550608e-001	5.963542e-001
1.107226562500001e-007	6.540713e-001	5.703125e-001
1.109179687500001e-007	6.530740e-001	5.442708e-001
1.111132812500001e-007	6.520784e-001	5.182292e-001
1.113085937500001e-007	6.510940e-001	4.921875e-001
1.115039062500001e-007	6.501302e-001	4.661458e-001
1.116992187500001e-007	6.491960e-001	4.401042e-001
1.118945312500001e-007	6.482999e-001	4.140625e-001
1.120898437500001e-007	6.474501e-001	3.880208e-001
1.122851562500001e-007	6.466541e-001	3.619792e-001
1.124804687500001e-007	6.459191e-001	3.359375e-001
1.126757812500001e-007	6.452513e-001	3.098958e-001
1.128710937500001e-007	6.446564e-001	2.838542e-001
1.130664062500001e-007	6.441390e-001	2.578125e-001
1.132617187500001e-007	6.437032e-001	2.317708e-001
1.134570312500001e-007	6.433523e-001	2.057292e-001
1.136523437500001e-007	6.430883e-001	1.796875e-001
1.138476562500001e-007	6.429126e-001	1.536458e-001
1.140429687500002e-007	6.428258e-001	1.276042e-001
1.142382812500002e-007	6.428273e-001	1.015625e-001
1.144335937500002e-007	6.429157e-001	7.552084e-002
1.146289062500002e-007	6.430869e-001	4.947917e-002
1.148046875000000e-007	6.433126e-001	2.604167e-002
1.150000000000000e-007	6.436209e-001	0.000000e+000
1.150585937500000e-007	6.437352e-001	0.000000e+000
1.151367187500000e-007	6.438993e-001	0.000000e+000
1.152929687500000e-007	6.442599e-001	0.000000e+000
1.154882812500000e-007	6.447614e-001	0.000000e+000
1.156835937500000e-007	6.453184e-001	0.000000e+000
1.158789062500000e-007	6.459272e-001	0.000000e+000
1.160742187500000e-007	6.465805e-001	0.000000e+000
1.162695312500000e-007	6.472706e-001	0.000000e+000
1.164648437500000e-007	6.479893e-001	0.000000e+000
1.166601562500000e-007	6.487283e-001	0.000000e+000
1.168554687500000e-007	6.494792e-001	0.000000e+000
1.170507812500001e-007	6.502334e-001	0.000000e+000
1.172460937500001e-007	6.509826e-001	0.000000e+000
1.174414062500001e-007	6.517184e-001	0.000000e+000
1.176367187500001e-007	6.524329e-001	0.000000e+000
1.178320312500001e-007	6.531183e-001	0.000000e+000
1.180273437500001e-007	6.537673e-001	0.000000e+000
1.182226562500001e-007	6.543732e-001	0.000000e+000
1.184179687500001e-007	6.549298e-001	0.000000e+000
1.186132812500001e-007	6.554316e-001	0.000000e+000
1.188085937500001e-007	6.558736e-001	0.000000e+000
1.190039062500001e-007	6.562519e-001	0.000000e+000
1.191992187500001e-007	6.565632e-001	0.000000e+000
1.193945312500001e-007	6.568052e-001	0.000000e+000
1.195898437500001e-007	6.569761e-001	0.000000e+000
1.197851562500001e-007	6.570754e-001	0.000000e+000
1.199804687500001e-007	6.571034e-001	0.000000e+000
1.201757812500001e-007	6.570610e-001	0.000000e+000
1.203710937500001e-007	6.569503e-001	0.000000e+000
1.205664062500001e-007	6.567740e-001	0.000000e+000
1.207617187500001e-007	6.565359e-001	0.000000e+000
1.209570312500001e-007	6.562400e-001	0.000000e+000
1.211523437500001e-007	6.558917e-001	0.000000e+000
1.213476562500001e-007	6.554964e-001	0.000000e+000
1.215429687500001e-007	6.550603e-001	0.000000e+000
1.217382812500002e-007	6.545901e-001	0.000000e+000
1.219335937500002e-007	6.540930e-001	0.000000e+000
1.221289062500002e-007	6.535764e-001	0.000000e+000
1.223242187500002e-007	6.530477e-001	0.000000e+000
1.225195312500002e-007	6.525146e-001	0.000000e+000
1.227148437500002e-007	6.519850e-001	0.000000e+000
1.229101562500002e-007	6.514664e-001	0.000000e+000
1.231054687500002e-007	6.509663e-001	0.000000e+000
1.233007812500002e-007	6.504919e-001	0.000000e+000
1.234960937500002e-007	6.500501e-001	0.000000e+000
1.236914062500002e-007	6.496472e-001	0.000000e+000
1.238867187500002e-007	6.492893e-001	0.000000e+000
1.240820312500002e-007	6.489815e-001	0.000000e+000
1.242773437500002e-007	6.487287e-001	0.000000e+000
1.244726562500002e-007	6.485347e-001	0.000000e+000
1.246679687500002e-007	6.484028e-001	0.000000e+000
1.248632812500002e-007	6.483353e-001	0.000000e+000
1.250585937500002e-007	6.483342e-001	0.000000e+000
1.252539062500002e-007	6.483999e-001	0.000000e+000
1.254492187500002e-007	6.485327e-001	0.000000e+000
1.256445312500002e-007	6.487315e-001	0.000000e+000
1.258398437500003e-007	6.489948e-001	0.000000e+000
1.260351562500003e-007	6.493199e-001	0.000000e+000
1.262304687500003e-007	6.497039e-001	0.000000e+000
1.264257812500003e-007	6.501424e-001	0.000000e+000
1.266210937500003e-007	6.506312e-001	0.000000e+000
1.268164062500003e-007	6.511647e-001	0.000000e+000
1.270117187500003e-007	6.517371e-001	0.000000e+000
1.272070312500003e-007	6.523422e-001	0.000000e+000
1.274023437500003e-007	6.529732e-001	0.000000e+000
1.275976562500003e-007	6.536229e-001	0.000000e+000
1.277929687500003e-007	6.542839e-001	0.000000e+000
1.279882812500003e-007	6.549487e-001	0.000000e+000
1.281835937500003e-007	6.556093e-001	0.000000e+000
1.283789062500003e-007	6.562579e-001	0.000000e+000
1.285742187500003e-007	6.568869e-001	0.000000e+000
1.287695312500003e-007	6.574883e-001	0.000000e+000
1.289648437500003e-007	6.580545e-001	0.000000e+000
1.291601562500003e-007	6.585779e-001	0.000000e+000
1.293554687500003e-007	6.590515e-001	0.000000e+000
1.295507812500003e-007	6.594682e-001	0.000000e+000
1.297460937500003e-007	6.598213e-001	0.000000e+000
1.299414062500004e-007	6.601044e-001	0.000000e+000
1.301367187500004e-007	6.603115e-001	0.000000e+000
1.303320312500004e-007	6.604370e-001	0.000000e+000
1.305273437500004e-007	6.604755e-001	0.000000e+000
1.307226562500004e-007	6.604220e-001	0.000000e+000
1.309179687500004e-007	6.602720e-001	0.000000e+000
1.311132812500004e-007	6.600209e-001	0.000000e+000
1.313085937500004e-007	6.596649e-001	0.000000e+000
1.315039062500004e-007	6.592000e-001	0.000000e+000
1.316992187500004e-007	6.586226e-001	0.000000e+000
1.318945312500004e-007	6.579291e-001	0.000000e+000
1.320898437500004e-007	6.571161e-001	0.000000e+000
1.322851562500004e-007	6.561804e-001	0.000000e+000
1.324804687500004e-007	6.551183e-001	0.000000e+000
1.326757812500004e-007	6.539267e-001	0.000000e+000
1.328710937500004e-007	6.526020e-001	0.000000e+000
1.330664062500004e-007	6.511402e-001	0.000000e+000
1.332617187500004e-007	6.495377e-001	0.000000e+000
1.334570312500004e-007	6.477900e-001	0.000000e+000
1.336523437500004e-007	6.458928e-001	0.000000e+000
1.338476562500004e-007	6.438413e-001	0.000000e+000
1.340429687500005e-007	6.416302e-001	0.000000e+000
1.342382812500005e-007	6.392541e-001	0.000000e+000
1.344335937500005e-007	6.367071e-001	0.000000e+000
1.346289062500005e-007	6.339830e-001	0.000000e+000
1.348242187500005e-007	6.310752e-001	0.000000e+000
1.350195312500005e-007	6.279768e-001	0.000000e+000
1.352148437500005e-007	6.246805e-001	0.000000e+000
1.354101562500005e-007	6.211792e-001	0.000000e+000
1.356054687500005e-007	6.174651e-001	0.000000e+000
1.358007812500005e-007	6.135306e-001	0.000000e+000
1.359960937500005e-007	6.093680e-001	0.000000e+000
1.361914062500005e-007	6.049697e-001	0.000000e+000
1.363867187500005e-007	6.003282e-001	0.000000e+000
1.365820312500005e-007	5.954364e-001	0.000000e+000
1.367773437500005e-007	5.902873e-001	0.000000e+000
1.369726562500005e-007	5.848747e-001	0.000000e+000
1.371679687500005e-007	5.791928e-001	0.000000e+000
1.373632812500005e-007	5.732365e-001	0.000000e+000
1.375585937500005e-007	5.670018e-001	0.000000e+000
1.377539062500005e-007	5.604853e-001	0.000000e+000
1.379492187500005e-007	5.536850e-001	0.000000e+000
1.381445312500006e-007	5.465999e-001	0.000000e+000
1.383398437500006e-007	5.392302e-001	0.000000e+000
1.385351562500006e-007	5.315778e-001	0.000000e+000
1.387304687500006e-007	5.236458e-001	0.000000e+000
1.389257812500006e-007	5.154389e-001	0.000000e+000
1.391210937500006e-007	5.069634e-001	0.000000e+000
1.393164062500006e-007	4.982274e-001	0.000000e+000
1.395117187500006e-007	4.892406e-001	0.000000e+000
1.397070312500006e-007	4.800144e-001	0.000000e+000
1.399023437500006e-007	4.705620e-001	0.000000e+000
1.400976562500006e-007	4.608982e-001	0.000000e+000
1.402929687500006e-007	4.510394e-001	0.000000e+000
1.404882812500006e-007	4.410039e-001	0.000000e+000
1.406835937500006e-007	4.308113e-001	0.000000e+000
1.408789062500006e-007	4.204828e-001	0.000000e+000
1.410742187500006e-007	4.100410e-001	0.000000e+000
1.412695312500006e-007	3.995096e-001	0.000000e+000
1.414648437500006e-007	3.889134e-001	0.000000e+000
1.416601562500006e-007	3.782783e-001	0.000000e+000
1.418554687500006e-007	3.676308e-001	0.000000e+000
1.420507812500006e-007	3.569983e-001	0.000000e+000
1.422460937500007e-007	3.464084e-001	0.000000e+000
1.424414062500007e-007	3.358888e-001	0.000000e+000
1.426367187500007e-007	3.254676e-001	0.000000e+000
1.428320312500007e-007	3.151723e-001	0.000000e+000
1.430273437500007e-007	3.050302e-001	0.000000e+000
1.432226562500007e-007	2.950680e-001	0.000000e+000
1.434179687500007e-007	2.853114e-001	0.000000e+000
1.436132812500007e-007	2.757854e-001	0.000000e+000
1.438085937500007e-007	2.665134e-001	0.000000e+000
1.440039062500007e-007	2.575175e-001	0.000000e+000
1.441992187500007e-007	2.488183e-001	0.000000e+000
1.443945312500007e-007	2.404344e-001	0.000000e+000
1.445898437500007e-007	2.323826e-001	0.000000e+000
1.447851562500007e-007	2.246776e-001	0.000000e+000
1.449804687500007e-007	2.173319e-001	0.000000e+000
1.451757812500007e-007	2.103558e-001	0.000000e+000
1.453710937500007e-007	2.037571e-001	0.000000e+000
1.455664062500007e-007	1.975412e-001	0.000000e+000
1.457617187500007e-007	1.917111e-001	0.000000e+000
1.459570312500007e-007	1.862674e-001	0.000000e+000
1.461523437500007e-007	1.812081e-001	0.000000e+000
1.463476562500008e-007	1.765289e-001	0.000000e+000
1.465429687500008e-007	1.722232e-001	0.000000e+000
1.467382812500008e-007	1.682820e-001	0.000000e+000
1.469335937500008e-007	1.646944e-001	0.000000e+000
1.471289062500008e-007	1.614473e-001	0.000000e+000
1.473242187500008e-007	1.585258e-001	0.000000e+000
1.475195312500008e-007	1.559133e-001	0.000000e+000
1.477148437500008e-007	1.535919e-001	0.000000e+000
1.479101562500008e-007	1.515420e-001	0.000000e+000
1.481054687500008e-007	1.497434e-001	0.000000e+000
1.483007812500008e-007	1.481746e-001	0.000000e+000
1.484960937500008e-007	1.468139e-001	0.000000e+000
1.486914062500008e-007	1.456389e-001	0.000000e+000
1.488867187500008e-007	1.446271e-001	0.000000e+000
1.490820312500008e-007	1.437562e-001	0.000000e+000
1.492773437500008e-007	1.430041e-001	0.000000e+000
1.494726562500008e-007	1.423495e-001	0.000000e+000
1.496679687500008e-007	1.417715e-001	0.000000e+000
1.498632812500008e-007	1.412503e-001	0.000000e+000
1.500585937500008e-007	1.407675e-001	0.000000e+000
1.502539062500008e-007	1.403058e-001	0.000000e+000
1.504492187500009e-007	1.398493e-001	0.000000e+000
1.506445312500009e-007	1.393841e-001	0.000000e+000
1.508398437500009e-007	1.388977e-001	0.000000e+000
1.510351562500009e-007	1.383798e-001	0.000000e+000
1.512304687500009e-007	1.378217e-001	0.000000e+000
1.514257812500009e-007	1.372168e-001	0.000000e+000
1.516210937500009e-007	1.365605e-001	0.000000e+000
1.518164062500009e-007	1.358502e-001	0.000000e+000
1.520117187500009e-007	1.350853e-001	0.000000e+000
1.522070312500009e-007	1.342669e-001	0.000000e+000
1.524023437500009e-007	1.333982e-001	0.000000e+000
1.525976562500009e-007	1.324839e-001	0.000000e+000
1.527929687500009e-007	1.315303e-001	0.000000e+000
1.529882812500009e-007	1.305455e-001	0.000000e+000
1.531835937500009e-007	1.295384e-001	0.000000e+000
1.533789062500009e-007	1.285193e-001	0.000000e+000
1.535742187500009e-007	1.274995e-001	0.000000e+000
1.537695312500009e-007	1.264910e-001	0.000000e+000
1.539648437500009e-007	1.255062e-001	0.000000e+000
1.541601562500009e-007	1.245580e-001	0.000000e+000
1.543554687500009e-007	1.236593e-001	0.000000e+000
1.545507812500010e-007	1.228230e-001	0.000000e+000
1.547460937500010e-007	1.220617e-001	0.000000e+000
1.549414062500010e-007	1.213874e-001	0.000000e+000
1.551367187500010e-007	1.208114e-001	0.000000e+000
1.553320312500010e-007	1.203444e-001	0.000000e+000
1.555273437500010e-007	1.199957e-001	0.000000e+000
1.557226562500010e-007	1.197735e-001	0.000000e+000
1.559179687500010e-007	1.196849e-001	0.000000e+000
1.561132812500010e-007	1.197352e-001	0.000000e+000
1.563085937500010e-007	1.199284e-001	0.000000e+000
1.565039062500010e-007	1.202668e-001	0.000000e+000
1.566992187500010e-007	1.207510e-001	0.000000e+000
1.568945312500010e-007	1.213801e-001	0.000000e+000
1.570898437500010e-007	1.221513e-001	0.000000e+000
1.572851562500010e-007	1.230602e-001	0.000000e+000
1.574804687500010e-007	1.241008e-001	0.000000e+000
1.576757812500010e-007	1.252656e-001	0.000000e+000
1.578710937500010e-007	1.265453e-001	0.000000e+000
1.580664062500010e-007	1.279297e-001	0.000000e+000
1.582617187500010e-007	1.294070e-001	0.000000e+000
1.584570312500010e-007	1.309644e-001	0.000000e+000
1.586523437500011e-007	1.325883e-001	0.000000e+000
1.588476562500011e-007	1.342641e-001	0.000000e+000
1.590429687500011e-007	1.359767e-001	0.000000e+000
1.592382812500011e-007	1.377105e-001	0.000000e+000
1.594335937500011e-007	1.394497e-001	0.000000e+000
1.596289062500011e-007	1.411786e-001	0.000000e+000
1.598242187500011e-007	1.428814e-001	0.000000e+000
1.600195312500011e-007	1.445427e-001	0.000000e+000
1.602148437500011e-007	1.461477e-001	0.000000e+000
1.604101562500011e-007	1.476822e-001	0.000000e+000
1.606054687500011e-007	1.491328e-001	0.000000e+000
1.608007812500011e-007	1.504872e-001	0.000000e+000
1.609960937500011e-007	1.517340e-001	0.000000e+000
1.611914062500011e-007	1.528634e-001	0.000000e+000
1.613867187500011e-007	1.538666e-001	0.000000e+000
1.615820312500011e-007	1.547365e-001	0.000000e+000
1.617773437500011e-007	1.554672e-001	0.000000e+000
1.619726562500011e-007	1.560545e-001	0.000000e+000
1.621679687500011e-007	1.564957e-001	0.000000e+000
1.623632812500011e-007	1.567899e-001	0.000000e+000
1.625585937500011e-007	1.569373e-001	0.000000e+000
1.627539062500011e-007	1.569399e-001	0.000000e+000
1.629492187500012e-007	1.568012e-001	0.000000e+000
1.631445312500012e-007	1.565259e-001	0.000000e+000
1.633398437500012e-007	1.561200e-001	0.000000e+000
1.635351562500012e-007	1.555910e-001	0.000000e+000
1.637304687500012e-007	1.549472e-001	0.000000e+000
1.639257812500012e-007	1.541978e-001	0.000000e+000
1.641210937500012e-007	1.533531e-001	0.000000e+000
1.643164062500012e-007	1.524239e-001	0.000000e+000
1.645117187500012e-007	1.514216e-001	0.000000e+000
1.647070312500012e-007	1.503580e-001	0.000000e+000
1.649023437500012e-007	1.492451e-001	0.000000e+000
1.650976562500012e-007	1.480950e-001	0.000000e+000
1.652929687500012e-007	1.469200e-001	0.000000e+000
1.654882812500012e-007	1.457319e-001	0.000000e+000
1.656835937500012e-007	1.445423e-001	0.000000e+000
1.658789062500012e-007	1.433624e-001	0.000000e+000
1.660742187500012e-007	1.422029e-001	0.000000e+000
1.662695312500012e-007	1.410739e-001	0.000000e+000
1.664648437500012e-007	1.399845e-001	0.000000e+000
1.666601562500012e-007	1.389434e-001	0.000000e+000
1.668554687500012e-007	1.379582e-001	0.000000e+000
1.670507812500013e-007	1.370355e-001	0.000000e+000
1.672460937500013e-007	1.361812e-001	0.000000e+000
1.674414062500013e-007	1.354002e-001	0.000000e+000
1.676367187500013e-007	1.346962e-001	0.000000e+000
1.678320312500013e-007	1.340723e-001	0.000000e+000
1.680273437500013e-007	1.335304e-001	0.000000e+000
1.682226562500013e-007	1.330717e-001	0.000000e+000
1.684179687500013e-007	1.326962e-001	0.000000e+000
1.686132812500013e-007	1.324035e-001	0.000000e+000
1.688085937500013e-007	1.321922e-001	0.000000e+000
1.690039062500013e-007	1.320603e-001	0.000000e+000
1.691992187500013e-007	1.320052e-001	0.000000e+000
1.693945312500013e-007	1.320237e-001	0.000000e+000
1.695898437500013e-007	1.321121e-001	0.000000e+000
1.697851562500013e-007	1.322665e-001	0.000000e+000
1.699804687500013e-007	1.324825e-001	0.000000e+000
1.701757812500013e-007	1.327555e-001	0.000000e+000
1.703710937500013e-007	1.330808e-001	0.000000e+000
1.705664062500013e-007	1.334536e-001	0.000000e+000
1.707617187500013e-007	1.338690e-001	0.000000e+000
1.709570312500013e-007	1.343222e-001	0.000000e+000
1.711523437500014e-007	1.348084e-001	0.000000e+000
1.713476562500014e-007	1.353229e-001	0.000000e+000
1.715429687500014e-007	1.358613e-001	0.000000e+000
1.717382812500014e-007	1.364192e-001	0.000000e+000
1.719335937500014e-007	1.369925e-001	0.000000e+000
1.721289062500014e-007	1.375772e-001	0.000000e+000
1.723242187500014e-007	1.381697e-001	0.000000e+000
1.725195312500014e-007	1.387665e-001	0.000000e+000
1.727148437500014e-007	1.393644e-001	0.000000e+000
1.729101562500014e-007	1.399602e-001	0.000000e+000
1.731054687500014e-007	1.405512e-001	0.000000e+000
1.733007812500014e-007	1.411346e-001	0.000000e+000
1.734960937500014e-007	1.417080e-001	0.000000e+000
1.736914062500014e-007	1.422688e-001	0.000000e+000
1.738867187500014e-007	1.428149e-001	0.000000e+000
1.740820312500014e-007	1.433440e-001	0.000000e+000
1.742773437500014e-007	1.438540e-001	0.000000e+000
1.744726562500014e-007	1.443427e-001	0.000000e+000
1.746679687500014e-007	1.448082e-001	0.000000e+000
1.748632812500014e-007	1.452483e-001	0.000000e+000
1.750585937500014e-007	1.456611e-001	0.000000e+000
1.752539062500015e-007	1.460445e-001	0.000000e+000
1.754492187500015e-007	1.463965e-001	0.000000e+000
1.756445312500015e-007	1.467151e-001	0.000000e+000
1.758398437500015e-007	1.469984e-001	0.000000e+000
1.760351562500015e-007	1.472443e-001	0.000000e+000
1.762304687500015e-007	1.474510e-001	0.000000e+000
1.764257812500015e-007	1.476167e-001	0.000000e+000
1.766210937500015e-007	1.477396e-001	0.000000e+000
1.768164062500015e-007	1.478183e-001	0.000000e+000
1.770117187500015e-007	1.478514e-001	0.000000e+000
1.772070312500015e-007	1.478376e-001	0.000000e+000
1.774023437500015e-007	1.477761e-001	0.000000e+000
1.775976562500015e-007	1.476661e-001	0.000000e+000
1.777929687500015e-007	1.475074e-001	0.000000e+000
1.779882812500015e-007	1.472999e-001	0.000000e+000
1.781835937500015e-007	1.470440e-001	0.000000e+000
1.783789062500015e-007	1.467405e-001	0.000000e+000
1.785742187500015e-007	1.463904e-001	0.000000e+000
1.787695312500015e-007	1.459955e-001	0.000000e+000
1.789648437500015e-007	1.455577e-001	0.000000e+000
1.791601562500015e-007	1.450794e-001	0.000000e+000
1.793554687500016e-007	1.445636e-001	0.000000e+000
1.795507812500016e-007	1.440135e-001	0.000000e+000
1.797460937500016e-007	1.434328e-001	0.000000e+000
1.799414062500016e-007	1.428255e-001	0.000000e+000
1.801367187500016e-007	1.421958e-001	0.000000e+000
1.803320312500016e-007	1.415484e-001	0.000000e+000
1.805273437500016e-007	1.408881e-001	0.000000e+000
1.807226562500016e-007	1.402197e-001	0.000000e+000
1.809179687500016e-007	1.395484e-001	0.000000e+000
1.811132812500016e-007	1.388790e-001	0.000000e+000
1.813085937500016e-007	1.382166e-001	0.000000e+000
1.815039062500016e-007	1.375660e-001	0.000000e+000
1.816992187500016e-007	1.369317e-001	0.000000e+000
1.818945312500016e-007	1.363180e-001	0.000000e+000
1.820898437500016e-007	1.357287e-001	0.000000e+000
1.822851562500016e-007	1.351674e-001	0.000000e+000
1.824804687500016e-007	1.346368e-001	0.000000e+000
1.826757812500016e-007	1.341393e-001	0.000000e+000
1.828710937500016e-007	1.336764e-001	0.000000e+000
1.830664062500016e-007	1.332491e-001	0.000000e+000
1.832617187500016e-007	1.328574e-001	0.000000e+000
1.834570312500017e-007	1.325005e-001	0.000000e+000
1.836523437500017e-007	1.321771e-001	0.000000e+000
1.838476562500017e-007	1.318847e-001	0.000000e+000
1.840429687500017e-007	1.316201e-001	0.000000e+000
1.842382812500017e-007	1.313791e-001	0.000000e+000
1.844335937500017e-007	1.311569e-001	0.000000e+000
1.846289062500017e-007	1.309477e-001	0.000000e+000
1.848242187500017e-007	1.307452e-001	0.000000e+000
1.850195312500017e-007	1.305420e-001	0.000000e+000
1.852148437500017e-007	1.303304e-001	0.000000e+000
1.854101562500017e-007	1.301021e-001	0.000000e+000
1.856054687500017e-007	1.298483e-001	0.000000e+000
1.858007812500017e-007	1.295596e-001	0.000000e+000
1.859960937500017e-007	1.292266e-001	0.000000e+000
1.861914062500017e-007	1.288397e-001	0.000000e+000
1.863867187500017e-007	1.283891e-001	0.000000e+000
1.865820312500017e-007	1.278650e-001	0.000000e+000
1.867773437500017e-007	1.272581e-001	0.000000e+000
1.869726562500017e-007	1.265589e-001	0.000000e+000
1.871679687500017e-007	1.257586e-001	0.000000e+000
1.873632812500017e-007	1.248489e-001	0.000000e+000
1.875585937500018e-007	1.238219e-001	0.000000e+000
1.877539062500018e-007	1.226704e-001	0.000000e+000
1.879492187500018e-007	1.213882e-001	0.000000e+000
1.881445312500018e-007	1.199698e-001	0.000000e+000
1.883398437500018e-007	1.184106e-001	0.000000e+000
1.885351562500018e-007	1.167070e-001	0.000000e+000
1.887304687500018e-007	1.148564e-001	0.000000e+000
1.889257812500018e-007	1.128574e-001	0.000000e+000
1.891210937500018e-007	1.107095e-001	0.000000e+000
1.893164062500018e-007	1.084135e-001	0.000000e+000
1.895117187500018e-007	1.059710e-001	0.000000e+000
1.897070312500018e-007	1.033850e-001	0.000000e+000
1.899023437500018e-007	1.006593e-001	0.000000e+000
1.900976562500018e-007	9.779879e-002	0.000000e+000
1.902929687500018e-007	9.480934e-002	0.000000e+000
1.904882812500018e-007	9.169764e-002	0.000000e+000
1.906835937500018e-007	8.847126e-002	0.000000e+000
1.908789062500018e-007	8.513848e-002	0.000000e+000
1.910742187500018e-007	8.170824e-002	0.000000e+000
1.912695312500018e-007	7.819005e-002	0.000000e+000
1.914648437500018e-007	7.459389e-002	0.000000e+000
1.916601562500019e-007	7.093012e-002	0.000000e+000
1.918554687500019e-007	6.720937e-002	0.000000e+000
1.920507812500019e-007	6.344244e-002	0.000000e+000
1.922460937500019e-007	5.964023e-002	0.000000e+000
1.924414062500019e-007	5.581363e-002	0.000000e+000
1.926367187500019e-007	5.197341e-002	0.000000e+000
1.928320312500019e-007	4.813018e-002	0.000000e+000
1.930273437500019e-007	4.429431e-002	0.000000e+000
1.932226562500019e-007	4.047579e-002	0.000000e+000
1.934179687500019e-007	3.668428e-002	0.000000e+000
1.936132812500019e-007	3.292897e-002	0.000000e+000
1.938085937500019e-007	2.921856e-002	0.000000e+000
1.940039062500019e-007	2.556125e-002	0.000000e+000
1.941992187500019e-007	2.196470e-002	0.000000e+000
1.943945312500019e-007	1.843601e-002	0.000000e+000
1.945898437500019e-007	1.498171e-002	0.000000e+000
1.947851562500019e-007	1.160778e-002	0.000000e+000
1.949804687500019e-007	8.319644e-003	0.000000e+000
1.951757812500019e-007	5.122216e-003	0.000000e+000
1.953710937500019e-007	2.019893e-003	0.000000e+000
1.955664062500019e-007	-9.833951e-004	0.000000e+000
1.957617187500020e-007	-3.884151e-003	0.000000e+000
1.959570312500020e-007	-6.679269e-003	0.000000e+000
1.961523437500020e-007	-9.365993e-003	0.000000e+000
1.963476562500020e-007	-1.194187e-002	0.000000e+000
1.965429687500020e-007	-1.440470e-002	0.000000e+000
1.967382812500020e-007	-1.675250e-002	0.000000e+000
1.969335937500020e-007	-1.898346e-002	0.000000e+000
1.971289062500020e-007	-2.109587e-002	0.000000e+000
1.973242187500020e-007	-2.308813e-002	0.000000e+000
1.975195312500020e-007	-2.495869e-002	0.000000e+000
1.977148437500020e-007	-2.670602e-002	0.000000e+000
1.979101562500020e-007	-2.832858e-002	0.000000e+000
1.981054687500020e-007	-2.982483e-002	0.000000e+000
1.983007812500020e-007	-3.119319e-002	0.000000e+000
1.984960937500020e-007	-3.243206e-002	0.000000e+000
1.986914062500020e-007	-3.353979e-002	0.000000e+000
1.988867187500020e-007	-3.451475e-002	0.000000e+000
1.990820312500020e-007	-3.535526e-002	0.000000e+000
1.992773437500020e-007	-3.605969e-002	0.000000e+000
1.994726562500020e-007	-3.662646e-002	0.000000e+000
1.996679687500020e-007	-3.705406e-002	0.000000e+000
1.998632812500021e-007	-3.735178e-002	0.000000e+000
2.000000000000000e-007	-3.749344e-002	0.000000e+000
