time	V(out)	V(n001)
0.000000000000000e+000	0.000000e+000	0.000000e+000
4.571428553162046e-012	-1.972113e-043	6.095238e-004
9.142857106324092e-012	-1.754769e-043	1.219048e-003
1.371428565948614e-011	6.520328e-044	1.828571e-003
1.828571421264818e-011	5.248292e-043	2.438095e-003
2.285714276581023e-011	1.203401e-042	3.047619e-003
2.742857131897227e-011	2.100918e-042	3.657143e-003
3.199999987213431e-011	3.217381e-042	4.266667e-003
6.399999974426862e-011	1.118880e-037	8.533333e-003
1.153343185179869e-010	2.629900e-036	1.537791e-002
1.612506694524411e-010	2.058881e-035	2.150009e-002
2.006837239772302e-010	1.127338e-034	2.675783e-002
2.375069857506282e-010	7.838120e-034	3.166760e-002
2.823840748644372e-010	6.187891e-033	3.765121e-002
3.266851406570442e-010	6.928462e-032	4.355802e-002
3.834553051490168e-010	9.493592e-031	5.112737e-002
4.446846081559526e-010	1.803695e-029	5.929128e-002
5.206741853729132e-010	3.483624e-028	6.942322e-002
6.054671279663466e-010	4.462964e-027	8.072895e-002
6.933282875991814e-010	3.024367e-026	9.244377e-002
7.684606262558237e-010	1.861483e-025	1.024614e-001
8.591320511108026e-010	1.135921e-024	1.145509e-001
9.425099811753076e-010	6.692443e-024	1.256680e-001
1.045362002602565e-009	4.434165e-023	1.393816e-001
1.149021922977428e-009	2.979711e-022	1.532029e-001
1.272372054508933e-009	2.155700e-021	1.696496e-001
1.401872383780351e-009	1.076376e-020	1.869163e-001
1.512724681707335e-009	4.303044e-020	2.016966e-001
1.636323703118700e-009	1.798732e-019	2.181765e-001
1.757741682386310e-009	7.193846e-019	2.343656e-001
1.896096925800084e-009	3.097085e-018	2.528129e-001
2.038966725367506e-009	1.320024e-017	2.718622e-001
2.199458377783415e-009	5.137323e-017	2.932611e-001
2.336960820405522e-009	1.656871e-016	3.115948e-001
2.496986053158722e-009	5.679568e-016	3.329315e-001
2.642668130638801e-009	1.735187e-015	3.523557e-001
2.813834146088955e-009	5.856191e-015	3.751779e-001
2.982217269116156e-009	1.871727e-014	3.976290e-001
3.174204653515593e-009	6.266422e-014	4.232273e-001
3.361011323549080e-009	1.794027e-013	4.481348e-001
3.532442552672965e-009	4.689412e-013	4.709923e-001
3.722633843759024e-009	1.293380e-012	4.963512e-001
3.913205532523155e-009	3.367167e-012	5.217608e-001
4.108518032523154e-009	8.529255e-012	5.478024e-001
4.303830532523154e-009	2.050598e-011	5.738441e-001
4.495697424046805e-009	4.692046e-011	5.994263e-001
4.691009924046805e-009	1.051429e-010	6.254680e-001
4.886322424046805e-009	2.272739e-010	6.515096e-001
5.081634924046805e-009	4.760229e-010	6.775513e-001
5.276947424046804e-009	9.682722e-010	7.035930e-001
5.472259924046804e-009	1.916575e-009	7.296346e-001
5.667572424046804e-009	3.698140e-009	7.556763e-001
5.862884924046804e-009	6.967205e-009	7.817180e-001
6.058197424046803e-009	1.283424e-008	8.077596e-001
6.253509924046803e-009	2.314600e-008	8.338013e-001
6.448822424046803e-009	4.091499e-008	8.598430e-001
6.644134924046803e-009	7.096587e-008	8.858846e-001
6.839447424046803e-009	1.208920e-007	9.119263e-001
7.034759924046802e-009	2.024471e-007	9.379680e-001
7.230072424046802e-009	3.212266e-007	9.640096e-001
7.304687500000000e-009	3.812434e-007	9.739583e-001
7.350769848093605e-009	4.265476e-007	9.801027e-001
7.407835303812789e-009	4.921736e-007	9.877114e-001
7.509216469618721e-009	6.242880e-007	1.000000e+000
7.564515287331047e-009	7.147124e-007	1.000000e+000
7.638247044280814e-009	8.605275e-007	1.000000e+000
7.785710558180350e-009	1.242089e-006	1.000000e+000
7.981023058180350e-009	1.956183e-006	1.000000e+000
8.176335558180350e-009	3.010112e-006	1.000000e+000
8.371648058180350e-009	4.573206e-006	1.000000e+000
8.566960558180349e-009	6.863388e-006	1.000000e+000
8.762273058180349e-009	1.017972e-005	1.000000e+000
8.957585558180349e-009	1.492795e-005	1.000000e+000
9.152898058180349e-009	2.165240e-005	1.000000e+000
9.348210558180349e-009	3.107541e-005	1.000000e+000
9.543523058180348e-009	4.414549e-005	1.000000e+000
9.738835558180348e-009	6.209528e-005	1.000000e+000
9.934148058180348e-009	8.651055e-005	1.000000e+000
1.012946055818035e-008	1.194113e-004	1.000000e+000
1.032477305818035e-008	1.633459e-004	1.000000e+000
1.052008555818035e-008	2.214984e-004	1.000000e+000
1.071539805818035e-008	2.978102e-004	1.000000e+000
1.091071055818035e-008	3.971155e-004	1.000000e+000
1.110602305818035e-008	5.252887e-004	1.000000e+000
1.130133555818035e-008	6.894047e-004	1.000000e+000
1.149664805818035e-008	8.979074e-004	1.000000e+000
1.169196055818035e-008	1.160785e-003	1.000000e+000
1.188727305818035e-008	1.489748e-003	1.000000e+000
1.208258555818035e-008	1.898403e-003	1.000000e+000
1.227789805818035e-008	2.402421e-003	1.000000e+000
1.247321055818035e-008	3.019688e-003	1.000000e+000
1.266852305818035e-008	3.770433e-003	1.000000e+000
1.286383555818035e-008	4.677329e-003	1.000000e+000
1.305914805818034e-008	5.765548e-003	1.000000e+000
1.325446055818034e-008	7.062776e-003	1.000000e+000
1.344977305818034e-008	8.599162e-003	1.000000e+000
1.364508555818034e-008	1.040721e-002	1.000000e+000
1.384039805818034e-008	1.252161e-002	1.000000e+000
1.403571055818034e-008	1.497893e-002	1.000000e+000
1.423102305818034e-008	1.781735e-002	1.000000e+000
1.442633555818034e-008	2.107616e-002	1.000000e+000
1.462164805818034e-008	2.479532e-002	1.000000e+000
1.481696055818034e-008	2.901481e-002	1.000000e+000
1.501227305818034e-008	3.377403e-002	1.000000e+000
1.520758555818035e-008	3.911103e-002	1.000000e+000
1.540289805818035e-008	4.506178e-002	1.000000e+000
1.559821055818035e-008	5.165933e-002	1.000000e+000
1.579352305818035e-008	5.893306e-002	1.000000e+000
1.598883555818035e-008	6.690780e-002	1.000000e+000
1.618414805818035e-008	7.560312e-002	1.000000e+000
1.637946055818035e-008	8.503258e-002	1.000000e+000
1.657477305818036e-008	9.520313e-002	1.000000e+000
1.677008555818036e-008	1.061146e-001	1.000000e+000
1.696539805818036e-008	1.177591e-001	1.000000e+000
1.716071055818036e-008	1.301213e-001	1.000000e+000
1.735602305818036e-008	1.431778e-001	1.000000e+000
1.755133555818036e-008	1.568973e-001	1.000000e+000
1.774664805818036e-008	1.712413e-001	1.000000e+000
1.794196055818037e-008	1.861640e-001	1.000000e+000
1.813727305818037e-008	2.016135e-001	1.000000e+000
1.833258555818037e-008	2.175322e-001	1.000000e+000
1.852789805818037e-008	2.338575e-001	1.000000e+000
1.872321055818037e-008	2.505236e-001	1.000000e+000
1.891852305818037e-008	2.674621e-001	1.000000e+000
1.911383555818037e-008	2.846031e-001	1.000000e+000
1.930914805818038e-008	3.018767e-001	1.000000e+000
1.950446055818038e-008	3.192139e-001	1.000000e+000
1.969977305818038e-008	3.365478e-001	1.000000e+000
1.989508555818038e-008	3.538145e-001	1.000000e+000
2.009039805818038e-008	3.709542e-001	1.000000e+000
2.028571055818038e-008	3.879111e-001	1.000000e+000
2.048102305818038e-008	4.046347e-001	1.000000e+000
2.067633555818039e-008	4.210798e-001	1.000000e+000
2.087164805818039e-008	4.372063e-001	1.000000e+000
2.106696055818039e-008	4.529793e-001	1.000000e+000
2.126227305818039e-008	4.683687e-001	1.000000e+000
2.145758555818039e-008	4.833487e-001	1.000000e+000
2.165289805818039e-008	4.978972e-001	1.000000e+000
2.184821055818039e-008	5.119952e-001	1.000000e+000
2.204352305818040e-008	5.256259e-001	1.000000e+000
2.223883555818040e-008	5.387741e-001	1.000000e+000
2.243414805818040e-008	5.514253e-001	1.000000e+000
2.262946055818040e-008	5.635655e-001	1.000000e+000
2.282477305818040e-008	5.751802e-001	1.000000e+000
2.302008555818040e-008	5.862548e-001	1.000000e+000
2.321539805818040e-008	5.967738e-001	1.000000e+000
2.341071055818041e-008	6.067215e-001	1.000000e+000
2.360602305818041e-008	6.160821e-001	1.000000e+000
2.380133555818041e-008	6.248400e-001	1.000000e+000
2.399664805818041e-008	6.329811e-001	1.000000e+000
2.419196055818041e-008	6.404928e-001	1.000000e+000
2.438727305818041e-008	6.473659e-001	1.000000e+000
2.458258555818041e-008	6.535947e-001	1.000000e+000
2.477789805818042e-008	6.591788e-001	1.000000e+000
2.497321055818042e-008	6.641231e-001	1.000000e+000
2.516852305818042e-008	6.684394e-001	1.000000e+000
2.536383555818042e-008	6.721464e-001	1.000000e+000
2.555914805818042e-008	6.752704e-001	1.000000e+000
2.575446055818042e-008	6.778451e-001	1.000000e+000
2.594977305818043e-008	6.799115e-001	1.000000e+000
2.614508555818043e-008	6.815171e-001	1.000000e+000
2.634039805818043e-008	6.827157e-001	1.000000e+000
2.653571055818043e-008	6.835652e-001	1.000000e+000
2.673102305818043e-008	6.841273e-001	1.000000e+000
2.692633555818043e-008	6.844650e-001	1.000000e+000
2.712164805818043e-008	6.846414e-001	1.000000e+000
2.731696055818044e-008	6.847175e-001	1.000000e+000
2.751227305818044e-008	6.847511e-001	1.000000e+000
2.770758555818044e-008	6.847939e-001	1.000000e+000
2.790289805818044e-008	6.848915e-001	1.000000e+000
2.809821055818044e-008	6.850805e-001	1.000000e+000
2.829352305818044e-008	6.853891e-001	1.000000e+000
2.848883555818044e-008	6.858352e-001	1.000000e+000
2.868414805818045e-008	6.864271e-001	1.000000e+000
2.887946055818045e-008	6.871631e-001	1.000000e+000
2.907477305818045e-008	6.880325e-001	1.000000e+000
2.927008555818045e-008	6.890163e-001	1.000000e+000
2.946539805818045e-008	6.900886e-001	1.000000e+000
2.966071055818045e-008	6.912185e-001	1.000000e+000
2.985602305818045e-008	6.923711e-001	1.000000e+000
3.005133555818045e-008	6.935102e-001	1.000000e+000
3.024664805818045e-008	6.946000e-001	1.000000e+000
3.044196055818045e-008	6.956067e-001	1.000000e+000
3.063727305818045e-008	6.965005e-001	1.000000e+000
3.083258555818044e-008	6.972568e-001	1.000000e+000
3.102789805818044e-008	6.978577e-001	1.000000e+000
3.122321055818044e-008	6.982926e-001	1.000000e+000
3.141852305818044e-008	6.985583e-001	1.000000e+000
3.161383555818044e-008	6.986598e-001	1.000000e+000
3.180914805818044e-008	6.986090e-001	1.000000e+000
3.200446055818043e-008	6.984247e-001	1.000000e+000
3.219977305818043e-008	6.981310e-001	1.000000e+000
3.239508555818043e-008	6.977559e-001	1.000000e+000
3.259039805818043e-008	6.973302e-001	1.000000e+000
3.278571055818043e-008	6.968855e-001	1.000000e+000
3.298102305818042e-008	6.964526e-001	1.000000e+000
3.317633555818042e-008	6.960601e-001	1.000000e+000
3.337164805818042e-008	6.957327e-001	1.000000e+000
3.356696055818042e-008	6.954901e-001	1.000000e+000
3.376227305818042e-008	6.953465e-001	1.000000e+000
3.395758555818041e-008	6.953093e-001	1.000000e+000
3.415289805818041e-008	6.953797e-001	1.000000e+000
3.434821055818041e-008	6.955525e-001	1.000000e+000
3.454352305818041e-008	6.958166e-001	1.000000e+000
3.473883555818041e-008	6.961559e-001	1.000000e+000
3.493414805818041e-008	6.965504e-001	1.000000e+000
3.512946055818040e-008	6.969777e-001	1.000000e+000
3.532477305818040e-008	6.974139e-001	1.000000e+000
3.552008555818040e-008	6.978354e-001	1.000000e+000
3.571539805818040e-008	6.982205e-001	1.000000e+000
3.591071055818040e-008	6.985499e-001	1.000000e+000
3.610602305818039e-008	6.988084e-001	1.000000e+000
3.630133555818039e-008	6.989857e-001	1.000000e+000
3.649664805818039e-008	6.990764e-001	1.000000e+000
3.669196055818039e-008	6.990806e-001	1.000000e+000
3.688727305818039e-008	6.990039e-001	1.000000e+000
3.708258555818038e-008	6.988564e-001	1.000000e+000
3.727789805818038e-008	6.986526e-001	1.000000e+000
3.747321055818038e-008	6.984105e-001	1.000000e+000
3.766852305818038e-008	6.981496e-001	1.000000e+000
3.786383555818038e-008	6.978912e-001	1.000000e+000
3.805914805818038e-008	6.976558e-001	1.000000e+000
3.825446055818037e-008	6.974629e-001	1.000000e+000
3.844977305818037e-008	6.973296e-001	1.000000e+000
3.864508555818037e-008	6.972699e-001	1.000000e+000
3.884039805818037e-008	6.972939e-001	1.000000e+000
3.903571055818037e-008	6.974077e-001	1.000000e+000
3.923102305818036e-008	6.976132e-001	1.000000e+000
3.942633555818036e-008	6.979080e-001	1.000000e+000
3.962164805818036e-008	6.982866e-001	1.000000e+000
3.981696055818036e-008	6.987402e-001	1.000000e+000
4.001227305818036e-008	6.992583e-001	1.000000e+000
4.020758555818035e-008	6.998291e-001	1.000000e+000
4.040289805818035e-008	7.004408e-001	1.000000e+000
4.059821055818035e-008	7.010826e-001	1.000000e+000
4.079352305818035e-008	7.017455e-001	1.000000e+000
4.098883555818035e-008	7.024235e-001	1.000000e+000
4.118414805818035e-008	7.031135e-001	1.000000e+000
4.137946055818034e-008	7.038166e-001	1.000000e+000
4.157477305818034e-008	7.045375e-001	1.000000e+000
4.177008555818034e-008	7.052850e-001	1.000000e+000
4.196539805818034e-008	7.060713e-001	1.000000e+000
4.216071055818034e-008	7.069116e-001	1.000000e+000
4.235602305818033e-008	7.078237e-001	1.000000e+000
4.255133555818033e-008	7.088265e-001	1.000000e+000
4.274664805818033e-008	7.099397e-001	1.000000e+000
4.294196055818033e-008	7.111823e-001	1.000000e+000
4.313727305818033e-008	7.125721e-001	1.000000e+000
4.333258555818032e-008	7.141246e-001	1.000000e+000
4.352789805818032e-008	7.158524e-001	1.000000e+000
4.372321055818032e-008	7.177643e-001	1.000000e+000
4.391852305818032e-008	7.198653e-001	1.000000e+000
4.411383555818032e-008	7.221565e-001	1.000000e+000
4.430914805818032e-008	7.246346e-001	1.000000e+000
4.450446055818031e-008	7.272927e-001	1.000000e+000
4.469977305818031e-008	7.301201e-001	1.000000e+000
4.489508555818031e-008	7.331036e-001	1.000000e+000
4.509039805818031e-008	7.362273e-001	1.000000e+000
4.528571055818031e-008	7.394738e-001	1.000000e+000
4.548102305818030e-008	7.428247e-001	1.000000e+000
4.567633555818030e-008	7.462610e-001	1.000000e+000
4.587164805818030e-008	7.497641e-001	1.000000e+000
4.606696055818030e-008	7.533158e-001	1.000000e+000
4.626227305818030e-008	7.568986e-001	1.000000e+000
4.645758555818029e-008	7.604960e-001	1.000000e+000
4.665289805818029e-008	7.640923e-001	1.000000e+000
4.684821055818029e-008	7.676727e-001	1.000000e+000
4.704352305818029e-008	7.712224e-001	1.000000e+000
4.723883555818029e-008	7.747271e-001	1.000000e+000
4.743414805818029e-008	7.781717e-001	1.000000e+000
4.762946055818028e-008	7.815405e-001	1.000000e+000
4.782477305818028e-008	7.848164e-001	1.000000e+000
4.802008555818028e-008	7.879810e-001	1.000000e+000
4.821539805818028e-008	7.910138e-001	1.000000e+000
4.841071055818028e-008	7.938929e-001	1.000000e+000
4.860602305818027e-008	7.965941e-001	1.000000e+000
4.880133555818027e-008	7.990924e-001	1.000000e+000
4.899664805818027e-008	8.013613e-001	1.000000e+000
4.919196055818027e-008	8.033739e-001	1.000000e+000
4.938727305818027e-008	8.051035e-001	1.000000e+000
4.958258555818026e-008	8.065247e-001	1.000000e+000
4.977789805818026e-008	8.076136e-001	1.000000e+000
4.997321055818026e-008	8.083490e-001	1.000000e+000
5.016852305818026e-008	8.087136e-001	1.000000e+000
5.036383555818026e-008	8.086938e-001	1.000000e+000
5.055914805818026e-008	8.082814e-001	1.000000e+000
5.075446055818025e-008	8.074729e-001	1.000000e+000
5.094977305818025e-008	8.062708e-001	1.000000e+000
5.114508555818025e-008	8.046831e-001	1.000000e+000
5.134039805818025e-008	8.027231e-001	1.000000e+000
5.153571055818025e-008	8.004092e-001	1.000000e+000
5.173102305818024e-008	7.977650e-001	1.000000e+000
5.192633555818024e-008	7.948174e-001	1.000000e+000
5.212164805818024e-008	7.915969e-001	1.000000e+000
5.231696055818024e-008	7.881363e-001	1.000000e+000
5.251227305818024e-008	7.844699e-001	1.000000e+000
5.270758555818024e-008	7.806325e-001	1.000000e+000
5.290289805818023e-008	7.766588e-001	1.000000e+000
5.309821055818023e-008	7.725824e-001	1.000000e+000
5.329352305818023e-008	7.684353e-001	1.000000e+000
5.348883555818023e-008	7.642474e-001	1.000000e+000
5.368414805818023e-008	7.600462e-001	1.000000e+000
5.387946055818022e-008	7.558563e-001	1.000000e+000
5.407477305818022e-008	7.516997e-001	1.000000e+000
5.427008555818022e-008	7.475955e-001	1.000000e+000
5.446539805818022e-008	7.435605e-001	1.000000e+000
5.466071055818022e-008	7.396089e-001	1.000000e+000
5.485602305818021e-008	7.357533e-001	1.000000e+000
5.505133555818021e-008	7.320042e-001	1.000000e+000
5.524664805818021e-008	7.283711e-001	1.000000e+000
5.544196055818021e-008	7.248623e-001	1.000000e+000
5.563727305818021e-008	7.214857e-001	1.000000e+000
5.583258555818021e-008	7.182481e-001	1.000000e+000
5.602789805818020e-008	7.151563e-001	1.000000e+000
5.622321055818020e-008	7.122166e-001	1.000000e+000
5.641852305818020e-008	7.094347e-001	1.000000e+000
5.661383555818020e-008	7.068160e-001	1.000000e+000
5.680914805818020e-008	7.043651e-001	1.000000e+000
5.700446055818019e-008	7.020859e-001	1.000000e+000
5.719977305818019e-008	6.999812e-001	1.000000e+000
5.739508555818019e-008	6.980527e-001	1.000000e+000
5.759039805818019e-008	6.963006e-001	1.000000e+000
5.778571055818019e-008	6.947237e-001	1.000000e+000
5.798102305818018e-008	6.933192e-001	1.000000e+000
5.817633555818018e-008	6.920828e-001	1.000000e+000
5.837164805818018e-008	6.910086e-001	1.000000e+000
5.856696055818018e-008	6.900893e-001	1.000000e+000
5.876227305818018e-008	6.893165e-001	1.000000e+000
5.895758555818018e-008	6.886805e-001	1.000000e+000
5.915289805818017e-008	6.881707e-001	1.000000e+000
5.934821055818017e-008	6.877760e-001	1.000000e+000
5.954352305818017e-008	6.874847e-001	1.000000e+000
5.973883555818017e-008	6.872851e-001	1.000000e+000
5.993414805818017e-008	6.871654e-001	1.000000e+000
6.012946055818018e-008	6.871136e-001	1.000000e+000
6.032477305818018e-008	6.871184e-001	1.000000e+000
6.052008555818019e-008	6.871682e-001	1.000000e+000
6.071539805818019e-008	6.872523e-001	1.000000e+000
6.091071055818020e-008	6.873598e-001	1.000000e+000
6.110602305818020e-008	6.874804e-001	1.000000e+000
6.130133555818021e-008	6.876039e-001	1.000000e+000
6.149664805818021e-008	6.877206e-001	1.000000e+000
6.169196055818022e-008	6.878210e-001	1.000000e+000
6.188727305818022e-008	6.878960e-001	1.000000e+000
6.208258555818022e-008	6.879371e-001	1.000000e+000
6.227789805818023e-008	6.879364e-001	1.000000e+000
6.247321055818023e-008	6.878868e-001	1.000000e+000
6.266852305818024e-008	6.877825e-001	1.000000e+000
6.286383555818024e-008	6.876189e-001	1.000000e+000
6.305914805818025e-008	6.873930e-001	1.000000e+000
6.325446055818025e-008	6.871039e-001	1.000000e+000
6.344977305818026e-008	6.867528e-001	1.000000e+000
6.364508555818026e-008	6.863431e-001	1.000000e+000
6.384039805818027e-008	6.858806e-001	1.000000e+000
6.403571055818027e-008	6.853738e-001	1.000000e+000
6.423102305818028e-008	6.848333e-001	1.000000e+000
6.442633555818028e-008	6.842719e-001	1.000000e+000
6.462164805818029e-008	6.837041e-001	1.000000e+000
6.481696055818029e-008	6.831459e-001	1.000000e+000
6.501227305818030e-008	6.826138e-001	1.000000e+000
6.520758555818030e-008	6.821247e-001	1.000000e+000
6.540289805818031e-008	6.816949e-001	1.000000e+000
6.559821055818031e-008	6.813394e-001	1.000000e+000
6.579352305818031e-008	6.810710e-001	1.000000e+000
6.598883555818032e-008	6.809004e-001	1.000000e+000
6.618414805818032e-008	6.808347e-001	1.000000e+000
6.637946055818033e-008	6.808774e-001	1.000000e+000
6.657477305818033e-008	6.810284e-001	1.000000e+000
6.677008555818034e-008	6.812834e-001	1.000000e+000
6.696539805818034e-008	6.816340e-001	1.000000e+000
6.716071055818035e-008	6.820685e-001	1.000000e+000
6.735602305818035e-008	6.825716e-001	1.000000e+000
6.755133555818036e-008	6.831256e-001	1.000000e+000
6.774664805818036e-008	6.837109e-001	1.000000e+000
6.794196055818037e-008	6.843070e-001	1.000000e+000
6.813727305818037e-008	6.848931e-001	1.000000e+000
6.833258555818038e-008	6.854496e-001	1.000000e+000
6.852789805818038e-008	6.859587e-001	1.000000e+000
6.872321055818039e-008	6.864054e-001	1.000000e+000
6.891852305818039e-008	6.867780e-001	1.000000e+000
6.911383555818040e-008	6.870691e-001	1.000000e+000
6.930914805818040e-008	6.872755e-001	1.000000e+000
6.950446055818041e-008	6.873989e-001	1.000000e+000
6.969977305818041e-008	6.874456e-001	1.000000e+000
6.989508555818041e-008	6.874262e-001	1.000000e+000
7.009039805818042e-008	6.873553e-001	1.000000e+000
7.028571055818042e-008	6.872507e-001	1.000000e+000
7.048102305818043e-008	6.871326e-001	1.000000e+000
7.067633555818043e-008	6.870226e-001	1.000000e+000
7.087164805818044e-008	6.869428e-001	1.000000e+000
7.106696055818044e-008	6.869148e-001	1.000000e+000
7.126227305818045e-008	6.869586e-001	1.000000e+000
7.145758555818045e-008	6.870916e-001	1.000000e+000
7.165289805818046e-008	6.873277e-001	1.000000e+000
7.184821055818046e-008	6.876771e-001	1.000000e+000
7.204352305818047e-008	6.881453e-001	1.000000e+000
7.223883555818047e-008	6.887330e-001	1.000000e+000
7.243414805818048e-008	6.894361e-001	1.000000e+000
7.262946055818048e-008	6.902460e-001	1.000000e+000
7.282477305818049e-008	6.911500e-001	1.000000e+000
7.302008555818049e-008	6.921312e-001	1.000000e+000
7.321539805818050e-008	6.931703e-001	1.000000e+000
7.341071055818050e-008	6.942456e-001	1.000000e+000
7.360602305818050e-008	6.953343e-001	1.000000e+000
7.380133555818051e-008	6.964132e-001	1.000000e+000
7.399664805818051e-008	6.974598e-001	1.000000e+000
7.419196055818052e-008	6.984531e-001	1.000000e+000
7.438727305818052e-008	6.993743e-001	1.000000e+000
7.458258555818053e-008	7.002075e-001	1.000000e+000
7.477789805818053e-008	7.009401e-001	1.000000e+000
7.497321055818054e-008	7.015631e-001	1.000000e+000
7.516852305818054e-008	7.020712e-001	1.000000e+000
7.536383555818055e-008	7.024628e-001	1.000000e+000
7.555914805818055e-008	7.027394e-001	1.000000e+000
7.575446055818056e-008	7.029055e-001	1.000000e+000
7.594977305818056e-008	7.029681e-001	1.000000e+000
7.614508555818057e-008	7.029361e-001	1.000000e+000
7.634039805818057e-008	7.028189e-001	1.000000e+000
7.653571055818058e-008	7.026266e-001	1.000000e+000
7.673102305818058e-008	7.023689e-001	1.000000e+000
7.692633555818059e-008	7.020543e-001	1.000000e+000
7.712164805818059e-008	7.016897e-001	1.000000e+000
7.731696055818059e-008	7.012799e-001	1.000000e+000
7.751227305818060e-008	7.008273e-001	1.000000e+000
7.770758555818060e-008	7.003317e-001	1.000000e+000
7.790289805818061e-008	6.997902e-001	1.000000e+000
7.809821055818061e-008	6.991975e-001	1.000000e+000
7.829352305818062e-008	6.985461e-001	1.000000e+000
7.848883555818062e-008	6.978264e-001	1.000000e+000
7.868414805818063e-008	6.970283e-001	1.000000e+000
7.887946055818063e-008	6.961404e-001	1.000000e+000
7.907477305818064e-008	6.951517e-001	1.000000e+000
7.927008555818064e-008	6.940522e-001	1.000000e+000
7.946539805818065e-008	6.928331e-001	1.000000e+000
7.966071055818065e-008	6.914880e-001	1.000000e+000
7.985602305818066e-008	6.900132e-001	1.000000e+000
8.005133555818066e-008	6.884086e-001	1.000000e+000
8.024664805818067e-008	6.866772e-001	1.000000e+000
8.044196055818067e-008	6.848267e-001	1.000000e+000
8.063727305818068e-008	6.828680e-001	1.000000e+000
8.083258555818068e-008	6.808165e-001	1.000000e+000
8.102789805818069e-008	6.786908e-001	1.000000e+000
8.122321055818069e-008	6.765130e-001	1.000000e+000
8.141852305818069e-008	6.743076e-001	1.000000e+000
8.161383555818070e-008	6.721015e-001	1.000000e+000
8.180914805818070e-008	6.699225e-001	1.000000e+000
8.200446055818071e-008	6.677991e-001	1.000000e+000
8.219977305818071e-008	6.657590e-001	1.000000e+000
8.239508555818072e-008	6.638289e-001	1.000000e+000
8.259039805818072e-008	6.620336e-001	1.000000e+000
8.278571055818073e-008	6.603946e-001	1.000000e+000
8.298102305818073e-008	6.589305e-001	1.000000e+000
8.317633555818074e-008	6.576558e-001	1.000000e+000
8.337164805818074e-008	6.565807e-001	1.000000e+000
8.356696055818075e-008	6.557109e-001	1.000000e+000
8.376227305818075e-008	6.550479e-001	1.000000e+000
8.395758555818076e-008	6.545888e-001	1.000000e+000
8.415289805818076e-008	6.543266e-001	1.000000e+000
8.434821055818077e-008	6.542509e-001	1.000000e+000
8.454352305818077e-008	6.543484e-001	1.000000e+000
8.473883555818078e-008	6.546034e-001	1.000000e+000
8.493414805818078e-008	6.549987e-001	1.000000e+000
8.512946055818078e-008	6.555161e-001	1.000000e+000
8.532477305818079e-008	6.561377e-001	1.000000e+000
8.552008555818079e-008	6.568457e-001	1.000000e+000
8.571539805818080e-008	6.576238e-001	1.000000e+000
8.591071055818080e-008	6.584572e-001	1.000000e+000
8.610602305818081e-008	6.593331e-001	1.000000e+000
8.630133555818081e-008	6.602411e-001	1.000000e+000
8.649664805818082e-008	6.611731e-001	1.000000e+000
8.669196055818082e-008	6.621232e-001	1.000000e+000
8.688727305818083e-008	6.630875e-001	1.000000e+000
8.708258555818083e-008	6.640639e-001	1.000000e+000
8.727789805818084e-008	6.650517e-001	1.000000e+000
8.747321055818084e-008	6.660507e-001	1.000000e+000
8.766852305818085e-008	6.670612e-001	1.000000e+000
8.786383555818085e-008	6.680831e-001	1.000000e+000
8.805914805818086e-008	6.691158e-001	1.000000e+000
8.825446055818086e-008	6.701574e-001	1.000000e+000
8.844977305818087e-008	6.712046e-001	1.000000e+000
8.864508555818087e-008	6.722522e-001	1.000000e+000
8.884039805818088e-008	6.732937e-001	1.000000e+000
8.903571055818088e-008	6.743207e-001	1.000000e+000
8.923102305818088e-008	6.753232e-001	1.000000e+000
8.942633555818089e-008	6.762906e-001	1.000000e+000
8.962164805818089e-008	6.772110e-001	1.000000e+000
8.981696055818090e-008	6.780728e-001	1.000000e+000
9.001227305818090e-008	6.788649e-001	1.000000e+000
9.020758555818091e-008	6.795769e-001	1.000000e+000
9.040289805818091e-008	6.802005e-001	1.000000e+000
9.059821055818092e-008	6.807290e-001	1.000000e+000
9.079352305818092e-008	6.811587e-001	1.000000e+000
9.098883555818093e-008	6.814885e-001	1.000000e+000
9.118414805818093e-008	6.817206e-001	1.000000e+000
9.137946055818094e-008	6.818599e-001	1.000000e+000
9.157477305818094e-008	6.819144e-001	1.000000e+000
9.177008555818095e-008	6.818947e-001	1.000000e+000
9.196539805818095e-008	6.818132e-001	1.000000e+000
9.216071055818096e-008	6.816843e-001	1.000000e+000
9.235602305818096e-008	6.815230e-001	1.000000e+000
9.255133555818097e-008	6.813446e-001	1.000000e+000
9.274664805818097e-008	6.811640e-001	1.000000e+000
9.294196055818097e-008	6.809948e-001	1.000000e+000
9.313727305818098e-008	6.808488e-001	1.000000e+000
9.333258555818098e-008	6.807356e-001	1.000000e+000
9.352789805818099e-008	6.806621e-001	1.000000e+000
9.372321055818099e-008	6.806322e-001	1.000000e+000
9.391852305818100e-008	6.806471e-001	1.000000e+000
9.411383555818100e-008	6.807051e-001	1.000000e+000
9.430914805818101e-008	6.808016e-001	1.000000e+000
9.450446055818101e-008	6.809306e-001	1.000000e+000
9.469977305818102e-008	6.810839e-001	1.000000e+000
9.489508555818102e-008	6.812528e-001	1.000000e+000
9.509039805818103e-008	6.814281e-001	1.000000e+000
9.528571055818103e-008	6.816009e-001	1.000000e+000
9.548102305818104e-008	6.817636e-001	1.000000e+000
9.567633555818104e-008	6.819102e-001	1.000000e+000
9.587164805818105e-008	6.820362e-001	1.000000e+000
9.606696055818105e-008	6.821399e-001	1.000000e+000
9.626227305818106e-008	6.822218e-001	1.000000e+000
9.645758555818106e-008	6.822850e-001	1.000000e+000
9.665289805818106e-008	6.823345e-001	1.000000e+000
9.684821055818107e-008	6.823772e-001	1.000000e+000
9.704352305818107e-008	6.824215e-001	1.000000e+000
9.723883555818108e-008	6.824762e-001	1.000000e+000
9.743414805818108e-008	6.825505e-001	1.000000e+000
9.762946055818109e-008	6.826527e-001	1.000000e+000
9.782477305818109e-008	6.827899e-001	1.000000e+000
9.802008555818110e-008	6.829674e-001	1.000000e+000
9.821539805818110e-008	6.831883e-001	1.000000e+000
9.841071055818111e-008	6.834526e-001	1.000000e+000
9.860602305818111e-008	6.837580e-001	1.000000e+000
9.880133555818112e-008	6.840987e-001	1.000000e+000
9.899664805818112e-008	6.844668e-001	1.000000e+000
9.919196055818113e-008	6.848519e-001	1.000000e+000
9.938727305818113e-008	6.852415e-001	1.000000e+000
9.958258555818114e-008	6.856223e-001	1.000000e+000
9.977789805818114e-008	6.859804e-001	1.000000e+000
9.997321055818115e-008	6.863024e-001	1.000000e+000
1.001685230581812e-007	6.865759e-001	1.000000e+000
1.003638355581812e-007	6.867904e-001	1.000000e+000
1.005591480581812e-007	6.869380e-001	1.000000e+000
1.007544605581812e-007	6.870139e-001	1.000000e+000
1.009497730581812e-007	6.870165e-001	1.000000e+000
1.011450855581812e-007	6.869478e-001	1.000000e+000
1.013403980581812e-007	6.868135e-001	1.000000e+000
1.015357105581812e-007	6.866223e-001	1.000000e+000
1.017310230581812e-007	6.863859e-001	1.000000e+000
1.019263355581812e-007	6.861183e-001	1.000000e+000
1.021216480581812e-007	6.858350e-001	1.000000e+000
1.023169605581812e-007	6.855520e-001	1.000000e+000
1.025122730581812e-007	6.852852e-001	1.000000e+000
1.027075855581812e-007	6.850495e-001	1.000000e+000
1.029028980581812e-007	6.848577e-001	1.000000e+000
1.030982105581812e-007	6.847200e-001	1.000000e+000
1.032935230581812e-007	6.846434e-001	1.000000e+000
1.034888355581812e-007	6.846309e-001	1.000000e+000
1.036841480581812e-007	6.846820e-001	1.000000e+000
1.038794605581812e-007	6.847918e-001	1.000000e+000
1.040747730581812e-007	6.849518e-001	1.000000e+000
1.042700855581813e-007	6.851501e-001	1.000000e+000
1.044653980581813e-007	6.853720e-001	1.000000e+000
1.046607105581813e-007	6.856005e-001	1.000000e+000
1.048560230581813e-007	6.858173e-001	1.000000e+000
1.050513355581813e-007	6.860038e-001	1.000000e+000
1.052466480581813e-007	6.861418e-001	1.000000e+000
1.054419605581813e-007	6.862144e-001	1.000000e+000
1.056372730581813e-007	6.862070e-001	1.000000e+000
1.058325855581813e-007	6.861076e-001	1.000000e+000
1.060278980581813e-007	6.859078e-001	1.000000e+000
1.062232105581813e-007	6.856030e-001	1.000000e+000
1.064185230581813e-007	6.851922e-001	1.000000e+000
1.066138355581813e-007	6.846786e-001	1.000000e+000
1.068091480581813e-007	6.840689e-001	1.000000e+000
1.070044605581813e-007	6.833736e-001	1.000000e+000
1.071997730581813e-007	6.826116e-001	1.000000e+000
1.073046875000000e-007	6.821737e-001	1.000000e+000
1.075000000000000e-007	6.813258e-001	1.000000e+000
1.075195312500000e-007	6.812380e-001	9.973958e-001
1.075585937500000e-007	6.810616e-001	9.921875e-001
1.076367187500000e-007	6.807060e-001	9.817708e-001
1.077929687500000e-007	6.799898e-001	9.609375e-001
1.079882812500000e-007	6.790948e-001	9.348958e-001
1.081835937500000e-007	6.782127e-001	9.088542e-001
1.083789062500000e-007	6.773586e-001	8.828125e-001
1.085742187500000e-007	6.765465e-001	8.567708e-001
1.087695312500000e-007	6.757881e-001	8.307292e-001
1.089648437500000e-007	6.750928e-001	8.046875e-001
1.091601562500000e-007	6.744673e-001	7.786458e-001
1.093554687500000e-007	6.739161e-001	7.526042e-001
1.095507812500000e-007	6.734409e-001	7.265625e-001
1.097460937500000e-007	6.730418e-001	7.005208e-001
1.099414062500001e-007	6.727166e-001	6.744792e-001
1.101367187500001e-007	6.724621e-001	6.484375e-001
1.103320312500001e-007	6.722738e-001	6.223958e-001
1.105273437500001e-007	6.721469e-001	5.963542e-001
1.107226562500001e-007	6.720764e-001	5.703125e-001
1.109179687500001e-007	6.720574e-001	5.442708e-001
1.111132812500001e-007	6.720856e-001	5.182292e-001
1.113085937500001e-007	6.721575e-001	4.921875e-001
1.115039062500001e-007	6.722702e-001	4.661458e-001
1.116992187500001e-007	6.724219e-001	4.401042e-001
1.118945312500001e-007	6.726115e-001	4.140625e-001
1.120898437500001e-007	6.728390e-001	3.880208e-001
1.122851562500001e-007	6.731048e-001	3.619792e-001
1.124804687500001e-007	6.734097e-001	3.359375e-001
1.126757812500001e-007	6.737550e-001	3.098958e-001
1.128710937500001e-007	6.741418e-001	2.838542e-001
1.130664062500001e-007	6.745712e-001	2.578125e-001
1.132617187500001e-007	6.750437e-001	2.317708e-001
1.134570312500001e-007	6.755595e-001	2.057292e-001
1.136523437500001e-007	6.761182e-001	1.796875e-001
1.138476562500001e-007	6.767185e-001	1.536458e-001
1.140429687500002e-007	6.773584e-001	1.276042e-001
1.142382812500002e-007	6.780354e-001	1.015625e-001
1.144335937500002e-007	6.787459e-001	7.552084e-002
1.146289062500002e-007	6.794854e-001	4.947917e-002
1.148046875000000e-007	6.801732e-001	2.604167e-002
1.150000000000000e-007	6.809534e-001	0.000000e+000
1.150195312500000e-007	6.810330e-001	0.000000e+000
1.150585937500000e-007	6.811925e-001	0.000000e+000
1.151367187500000e-007	6.815131e-001	0.000000e+000
1.152549722765770e-007	6.820014e-001	0.000000e+000
1.154502847765770e-007	6.828117e-001	0.000000e+000
1.156455972765770e-007	6.836225e-001	0.000000e+000
1.158409097765770e-007	6.844279e-001	0.000000e+000
1.160362222765770e-007	6.852214e-001	0.000000e+000
1.162315347765770e-007	6.859957e-001	0.000000e+000
1.164268472765770e-007	6.867436e-001	0.000000e+000
1.166221597765770e-007	6.874573e-001	0.000000e+000
1.168174722765770e-007	6.881287e-001	0.000000e+000
1.170127847765770e-007	6.887495e-001	0.000000e+000
1.172080972765770e-007	6.893109e-001	0.000000e+000
1.174034097765770e-007	6.898053e-001	0.000000e+000
1.175864134667031e-007	6.902022e-001	0.000000e+000
1.177375890295462e-007	6.904738e-001	0.000000e+000
1.178790530539959e-007	6.906753e-001	0.000000e+000
1.180202466130874e-007	6.908211e-001	0.000000e+000
1.181840413137064e-007	6.909163e-001	0.000000e+000
1.183793538137064e-007	6.909279e-001	0.000000e+000
1.185746663137064e-007	6.908227e-001	0.000000e+000
1.187699788137064e-007	6.905887e-001	0.000000e+000
1.189652913137064e-007	6.902191e-001	0.000000e+000
1.191606038137064e-007	6.897074e-001	0.000000e+000
1.193559163137064e-007	6.890479e-001	0.000000e+000
1.195512288137064e-007	6.882350e-001	0.000000e+000
1.197465413137064e-007	6.872633e-001	0.000000e+000
1.199418538137064e-007	6.861269e-001	0.000000e+000
1.201371663137064e-007	6.848196e-001	0.000000e+000
1.203324788137064e-007	6.833336e-001	0.000000e+000
1.205277913137065e-007	6.816595e-001	0.000000e+000
1.207231038137065e-007	6.797857e-001	0.000000e+000
1.209184163137065e-007	6.776978e-001	0.000000e+000
1.211137288137065e-007	6.753780e-001	0.000000e+000
1.213090413137065e-007	6.728050e-001	0.000000e+000
1.215043538137065e-007	6.699532e-001	0.000000e+000
1.216996663137065e-007	6.667935e-001	0.000000e+000
1.218949788137065e-007	6.632923e-001	0.000000e+000
1.220902913137065e-007	6.594127e-001	0.000000e+000
1.222856038137065e-007	6.551143e-001	0.000000e+000
1.224809163137065e-007	6.503542e-001	0.000000e+000
1.226762288137065e-007	6.450880e-001	0.000000e+000
1.228715413137065e-007	6.392707e-001	0.000000e+000
1.230668538137065e-007	6.328579e-001	0.000000e+000
1.232621663137065e-007	6.258076e-001	0.000000e+000
1.234574788137065e-007	6.180813e-001	0.000000e+000
1.236527913137065e-007	6.096453e-001	0.000000e+000
1.238481038137065e-007	6.004725e-001	0.000000e+000
1.240434163137065e-007	5.905434e-001	0.000000e+000
1.242387288137065e-007	5.798473e-001	0.000000e+000
1.244340413137065e-007	5.683835e-001	0.000000e+000
1.246293538137066e-007	5.561614e-001	0.000000e+000
1.248246663137066e-007	5.432010e-001	0.000000e+000
1.250199788137066e-007	5.295333e-001	0.000000e+000
1.252152913137066e-007	5.151992e-001	0.000000e+000
1.254106038137066e-007	5.002496e-001	0.000000e+000
1.256059163137066e-007	4.847477e-001	0.000000e+000
1.257944297372972e-007	4.693181e-001	0.000000e+000
1.259855683974929e-007	4.532768e-001	0.000000e+000
1.261602395873440e-007	4.383201e-001	0.000000e+000
1.263555520873440e-007	4.213335e-001	0.000000e+000
1.265508645873440e-007	4.041597e-001	0.000000e+000
1.267461770873440e-007	3.868685e-001	0.000000e+000
1.269414895873440e-007	3.695354e-001	0.000000e+000
1.271368020873440e-007	3.522317e-001	0.000000e+000
1.273321145873440e-007	3.350230e-001	0.000000e+000
1.275274270873440e-007	3.179683e-001	0.000000e+000
1.277227395873440e-007	3.011198e-001	0.000000e+000
1.279180520873440e-007	2.845221e-001	0.000000e+000
1.281133645873440e-007	2.682123e-001	0.000000e+000
1.283086770873440e-007	2.522208e-001	0.000000e+000
1.285039895873440e-007	2.365713e-001	0.000000e+000
1.286993020873440e-007	2.212827e-001	0.000000e+000
1.288946145873440e-007	2.063693e-001	0.000000e+000
1.290899270873440e-007	1.918426e-001	0.000000e+000
1.292852395873440e-007	1.777127e-001	0.000000e+000
1.294805520873440e-007	1.639892e-001	0.000000e+000
1.296758645873440e-007	1.506828e-001	0.000000e+000
1.298711770873440e-007	1.378058e-001	0.000000e+000
1.300664895873441e-007	1.253734e-001	0.000000e+000
1.302618020873441e-007	1.134038e-001	0.000000e+000
1.304571145873441e-007	1.019185e-001	0.000000e+000
1.306524270873441e-007	9.094178e-002	0.000000e+000
1.308477395873441e-007	8.050060e-002	0.000000e+000
1.310430520873441e-007	7.062342e-002	0.000000e+000
1.312383645873441e-007	6.133913e-002	0.000000e+000
1.314336770873441e-007	5.267568e-002	0.000000e+000
1.316289895873441e-007	4.465861e-002	0.000000e+000
1.318243020873441e-007	3.730941e-002	0.000000e+000
1.320196145873441e-007	3.064402e-002	0.000000e+000
1.322149270873441e-007	2.467136e-002	0.000000e+000
1.324102395873441e-007	1.939210e-002	0.000000e+000
1.326055520873441e-007	1.479768e-002	0.000000e+000
1.328008645873441e-007	1.086964e-002	0.000000e+000
1.329961770873441e-007	7.579428e-003	0.000000e+000
1.331914895873441e-007	4.888525e-003	0.000000e+000
1.333868020873441e-007	2.749050e-003	0.000000e+000
1.335821145873441e-007	1.104771e-003	0.000000e+000
1.337774270873441e-007	-1.075025e-004	0.000000e+000
1.339727395873441e-007	-9.561924e-004	0.000000e+000
1.341680520873442e-007	-1.512965e-003	0.000000e+000
1.343633645873442e-007	-1.850566e-003	0.000000e+000
1.345586770873442e-007	-2.040572e-003	0.000000e+000
1.347539895873442e-007	-2.151159e-003	0.000000e+000
1.349493020873442e-007	-2.244988e-003	0.000000e+000
1.351446145873442e-007	-2.377304e-003	0.000000e+000
1.353399270873442e-007	-2.594333e-003	0.000000e+000
1.355352395873442e-007	-2.932053e-003	0.000000e+000
1.357305520873442e-007	-3.415397e-003	0.000000e+000
1.359258645873442e-007	-4.057911e-003	0.000000e+000
1.361211770873442e-007	-4.861897e-003	0.000000e+000
1.363164895873442e-007	-5.819017e-003	0.000000e+000
1.365118020873442e-007	-6.911332e-003	0.000000e+000
1.367071145873442e-007	-8.112726e-003	0.000000e+000
1.369024270873442e-007	-9.390631e-003	0.000000e+000
1.370977395873442e-007	-1.070799e-002	0.000000e+000
1.372930520873442e-007	-1.202532e-002	0.000000e+000
1.374883645873442e-007	-1.330284e-002	0.000000e+000
1.376836770873442e-007	-1.450362e-002	0.000000e+000
1.378722505834733e-007	-1.555583e-002	0.000000e+000
1.380675630834733e-007	-1.650582e-002	0.000000e+000
1.382628755834733e-007	-1.729329e-002	0.000000e+000
1.384581880834733e-007	-1.790151e-002	0.000000e+000
1.386535005834733e-007	-1.832274e-002	0.000000e+000
1.388488130834733e-007	-1.855721e-002	0.000000e+000
1.390441255834733e-007	-1.861273e-002	0.000000e+000
1.392394380834733e-007	-1.850405e-002	0.000000e+000
1.394347505834733e-007	-1.825176e-002	0.000000e+000
1.396300630834733e-007	-1.788097e-002	0.000000e+000
1.398253755834733e-007	-1.741983e-002	0.000000e+000
1.400206880834733e-007	-1.689793e-002	0.000000e+000
1.402160005834733e-007	-1.634426e-002	0.000000e+000
1.403664079066865e-007	-1.591141e-002	0.000000e+000
1.404698563531647e-007	-1.561740e-002	0.000000e+000
1.405704785082727e-007	-1.534059e-002	0.000000e+000
1.407077721530309e-007	-1.498265e-002	0.000000e+000
1.408763272298277e-007	-1.457950e-002	0.000000e+000
1.410716397298277e-007	-1.416881e-002	0.000000e+000
1.412669522298277e-007	-1.382492e-002	0.000000e+000
1.414622647298277e-007	-1.355166e-002	0.000000e+000
1.416575772298277e-007	-1.334555e-002	0.000000e+000
1.418528897298277e-007	-1.319833e-002	0.000000e+000
1.420482022298278e-007	-1.309786e-002	0.000000e+000
1.422435147298278e-007	-1.302925e-002	0.000000e+000
1.424388272298278e-007	-1.297601e-002	0.000000e+000
1.426341397298278e-007	-1.292140e-002	0.000000e+000
1.428294522298278e-007	-1.284969e-002	0.000000e+000
1.430247647298278e-007	-1.274727e-002	0.000000e+000
1.432200772298278e-007	-1.260541e-002	0.000000e+000
1.433884540492416e-007	-1.244413e-002	0.000000e+000
1.435726615810512e-007	-1.222288e-002	0.000000e+000
1.437679740810512e-007	-1.194269e-002	0.000000e+000
1.439632865810512e-007	-1.162148e-002	0.000000e+000
1.441585990810512e-007	-1.126974e-002	0.000000e+000
1.443081525180395e-007	-1.098691e-002	0.000000e+000
1.444143515272061e-007	-1.078243e-002	0.000000e+000
1.444992966088831e-007	-1.061965e-002	0.000000e+000
1.446071071757837e-007	-1.041770e-002	0.000000e+000
1.447321756384101e-007	-1.019605e-002	0.000000e+000
1.449274881384101e-007	-9.884890e-003	0.000000e+000
1.451228006384101e-007	-9.628108e-003	0.000000e+000
1.453181131384101e-007	-9.446460e-003	0.000000e+000
1.455134256384101e-007	-9.355394e-003	0.000000e+000
1.457087381384101e-007	-9.367016e-003	0.000000e+000
1.459040506384101e-007	-9.489431e-003	0.000000e+000
1.460993631384101e-007	-9.726351e-003	0.000000e+000
1.462946756384101e-007	-1.007697e-002	0.000000e+000
1.464899881384101e-007	-1.053611e-002	0.000000e+000
1.466853006384101e-007	-1.109470e-002	0.000000e+000
1.468806131384101e-007	-1.174037e-002	0.000000e+000
1.470759256384101e-007	-1.245843e-002	0.000000e+000
1.472712381384101e-007	-1.323281e-002	0.000000e+000
1.474665506384101e-007	-1.404723e-002	0.000000e+000
1.476618631384101e-007	-1.488631e-002	0.000000e+000
1.478571756384101e-007	-1.573665e-002	0.000000e+000
1.480524881384101e-007	-1.658779e-002	0.000000e+000
1.482478006384101e-007	-1.743299e-002	0.000000e+000
1.484431131384102e-007	-1.826981e-002	0.000000e+000
1.486384256384102e-007	-1.910041e-002	0.000000e+000
1.488337381384102e-007	-1.993155e-002	0.000000e+000
1.490290506384102e-007	-2.077441e-002	0.000000e+000
1.492243631384102e-007	-2.164401e-002	0.000000e+000
1.494196756384102e-007	-2.255853e-002	0.000000e+000
1.496149881384102e-007	-2.353835e-002	0.000000e+000
1.498103006384102e-007	-2.460501e-002	0.000000e+000
1.500056131384102e-007	-2.578006e-002	0.000000e+000
1.502009256384102e-007	-2.708395e-002	0.000000e+000
1.503962381384102e-007	-2.853495e-002	0.000000e+000
1.505915506384102e-007	-3.014818e-002	0.000000e+000
1.507868631384102e-007	-3.193489e-002	0.000000e+000
1.509821756384102e-007	-3.390184e-002	0.000000e+000
1.511774881384102e-007	-3.605102e-002	0.000000e+000
1.513728006384102e-007	-3.837743e-002	0.000000e+000
1.515579126574660e-007	-4.074339e-002	0.000000e+000
1.517532251574660e-007	-4.339843e-002	0.000000e+000
1.519485376574660e-007	-4.619728e-002	0.000000e+000
1.521438501574661e-007	-4.912434e-002	0.000000e+000
1.523391626574661e-007	-5.215996e-002	0.000000e+000
1.525344751574661e-007	-5.528359e-002	0.000000e+000
1.527297876574661e-007	-5.847469e-002	0.000000e+000
1.529251001574661e-007	-6.171365e-002	0.000000e+000
1.531204126574661e-007	-6.498249e-002	0.000000e+000
1.533157251574661e-007	-6.826547e-002	0.000000e+000
1.535110376574661e-007	-7.154943e-002	0.000000e+000
1.537063501574661e-007	-7.482390e-002	0.000000e+000
1.539016626574661e-007	-7.808105e-002	0.000000e+000
1.540969751574661e-007	-8.131530e-002	0.000000e+000
1.542922876574661e-007	-8.452284e-002	0.000000e+000
1.544876001574661e-007	-8.770087e-002	0.000000e+000
1.546829126574661e-007	-9.084684e-002	0.000000e+000
1.548782251574661e-007	-9.395753e-002	0.000000e+000
1.550735376574661e-007	-9.702817e-002	0.000000e+000
1.552688501574661e-007	-1.000517e-001	0.000000e+000
1.554641626574661e-007	-1.030178e-001	0.000000e+000
1.556594751574661e-007	-1.059128e-001	0.000000e+000
1.558547876574661e-007	-1.087191e-001	0.000000e+000
1.560501001574661e-007	-1.114147e-001	0.000000e+000
1.562454126574662e-007	-1.139744e-001	0.000000e+000
1.564407251574662e-007	-1.163691e-001	0.000000e+000
1.566360376574662e-007	-1.185672e-001	0.000000e+000
1.568313501574662e-007	-1.205353e-001	0.000000e+000
1.570266626574662e-007	-1.222392e-001	0.000000e+000
1.572219751574662e-007	-1.236453e-001	0.000000e+000
1.574172876574662e-007	-1.247215e-001	0.000000e+000
1.576126001574662e-007	-1.254548e-001	0.000000e+000
1.577763416155123e-007	-1.257707e-001	0.000000e+000
1.579512142013278e-007	-1.257726e-001	0.000000e+000
1.581465267013278e-007	-1.253869e-001	0.000000e+000
1.583418392013278e-007	-1.245894e-001	0.000000e+000
1.585371517013278e-007	-1.233679e-001	0.000000e+000
1.587324642013278e-007	-1.217282e-001	0.000000e+000
1.589277767013278e-007	-1.196837e-001	0.000000e+000
1.591230892013278e-007	-1.172543e-001	0.000000e+000
1.593184017013278e-007	-1.144664e-001	0.000000e+000
1.595137142013279e-007	-1.113519e-001	0.000000e+000
1.597090267013279e-007	-1.079472e-001	0.000000e+000
1.599043392013279e-007	-1.042920e-001	0.000000e+000
1.600996517013279e-007	-1.004280e-001	0.000000e+000
1.602949642013279e-007	-9.639819e-002	0.000000e+000
1.604902767013279e-007	-9.224482e-002	0.000000e+000
1.606855892013279e-007	-8.800895e-002	0.000000e+000
1.608809017013279e-007	-8.372919e-002	0.000000e+000
1.610762142013279e-007	-7.944097e-002	0.000000e+000
1.612715267013279e-007	-7.517593e-002	0.000000e+000
1.614668392013279e-007	-7.096047e-002	0.000000e+000
1.616529162757867e-007	-6.701336e-002	0.000000e+000
1.618482287757867e-007	-6.296112e-002	0.000000e+000
1.620435412757867e-007	-5.901411e-002	0.000000e+000
1.622388537757867e-007	-5.518422e-002	0.000000e+000
1.624341662757867e-007	-5.147902e-002	0.000000e+000
1.626294787757867e-007	-4.790332e-002	0.000000e+000
1.628247912757867e-007	-4.445982e-002	0.000000e+000
1.630201037757867e-007	-4.114968e-002	0.000000e+000
1.632154162757867e-007	-3.797317e-002	0.000000e+000
1.634107287757867e-007	-3.493015e-002	0.000000e+000
1.636060412757867e-007	-3.202058e-002	0.000000e+000
1.638013537757867e-007	-2.924480e-002	0.000000e+000
1.639966662757867e-007	-2.660380e-002	0.000000e+000
1.641919787757868e-007	-2.409927e-002	0.000000e+000
1.643872912757868e-007	-2.173364e-002	0.000000e+000
1.645826037757868e-007	-1.950385e-002	0.000000e+000
1.647456682626511e-007	-1.774837e-002	0.000000e+000
1.648786573797022e-007	-1.639256e-002	0.000000e+000
1.649779525089024e-007	-1.542848e-002	0.000000e+000
1.650765262396021e-007	-1.451318e-002	0.000000e+000
1.651706048036717e-007	-1.368192e-002	0.000000e+000
1.653234287069325e-007	-1.241035e-002	0.000000e+000
1.654827414424584e-007	-1.118347e-002	0.000000e+000
1.656780539424584e-007	-9.821277e-003	0.000000e+000
1.658733664424584e-007	-8.609366e-003	0.000000e+000
1.660686789424584e-007	-7.553445e-003	0.000000e+000
1.662639914424584e-007	-6.650297e-003	0.000000e+000
1.664593039424584e-007	-5.894953e-003	0.000000e+000
1.666546164424584e-007	-5.280684e-003	0.000000e+000
1.668499289424584e-007	-4.799053e-003	0.000000e+000
1.670452414424584e-007	-4.440035e-003	0.000000e+000
1.672405539424584e-007	-4.192187e-003	0.000000e+000
1.674358664424584e-007	-4.042847e-003	0.000000e+000
1.676311789424585e-007	-3.978376e-003	0.000000e+000
1.678264914424585e-007	-3.984407e-003	0.000000e+000
1.680218039424585e-007	-4.046098e-003	0.000000e+000
1.682171164424585e-007	-4.148392e-003	0.000000e+000
1.684124289424585e-007	-4.276259e-003	0.000000e+000
1.686077414424585e-007	-4.414939e-003	0.000000e+000
1.688030539424585e-007	-4.550163e-003	0.000000e+000
1.689983664424585e-007	-4.668366e-003	0.000000e+000
1.691936789424585e-007	-4.756896e-003	0.000000e+000
1.693889914424585e-007	-4.804212e-003	0.000000e+000
1.695843039424585e-007	-4.800080e-003	0.000000e+000
1.697796164424585e-007	-4.735776e-003	0.000000e+000
1.699749289424585e-007	-4.604272e-003	0.000000e+000
1.701702414424585e-007	-4.400434e-003	0.000000e+000
1.703655539424585e-007	-4.121203e-003	0.000000e+000
1.705608664424585e-007	-3.765764e-003	0.000000e+000
1.707561789424585e-007	-3.335686e-003	0.000000e+000
1.709514914424585e-007	-2.835027e-003	0.000000e+000
1.711468039424585e-007	-2.270382e-003	0.000000e+000
1.713421164424585e-007	-1.650874e-003	0.000000e+000
1.715374289424585e-007	-9.880614e-004	0.000000e+000
1.717327414424586e-007	-2.957589e-004	0.000000e+000
1.719280539424586e-007	4.102346e-004	0.000000e+000
1.721233664424586e-007	1.112508e-003	0.000000e+000
1.723186789424586e-007	1.792505e-003	0.000000e+000
1.725139914424586e-007	2.431077e-003	0.000000e+000
1.727093039424586e-007	3.009108e-003	0.000000e+000
1.729046164424586e-007	3.508197e-003	0.000000e+000
1.730999289424586e-007	3.911356e-003	0.000000e+000
1.732952414424586e-007	4.203722e-003	0.000000e+000
1.734905539424586e-007	4.373213e-003	0.000000e+000
1.736858664424586e-007	4.411133e-003	0.000000e+000
1.738811789424586e-007	4.312661e-003	0.000000e+000
1.740764914424586e-007	4.078906e-003	0.000000e+000
1.742616553796892e-007	3.732599e-003	0.000000e+000
1.744567522545908e-007	3.251417e-003	0.000000e+000
1.746005507750798e-007	2.821191e-003	0.000000e+000
1.747730755457316e-007	2.224555e-003	0.000000e+000
1.749683464959287e-007	1.474903e-003	0.000000e+000
1.751636589959287e-007	6.644840e-004	0.000000e+000
1.753589714959287e-007	-1.856798e-004	0.000000e+000
1.755542839959287e-007	-1.050783e-003	0.000000e+000
1.757495964959287e-007	-1.905836e-003	0.000000e+000
1.759449089959287e-007	-2.726739e-003	0.000000e+000
1.761402214959287e-007	-3.491340e-003	0.000000e+000
1.763355339959287e-007	-4.180430e-003	0.000000e+000
1.765308464959287e-007	-4.778631e-003	0.000000e+000
1.767261589959288e-007	-5.275127e-003	0.000000e+000
1.769214714959288e-007	-5.664190e-003	0.000000e+000
1.771167839959288e-007	-5.945487e-003	0.000000e+000
1.773120964959288e-007	-6.124128e-003	0.000000e+000
1.775074089959288e-007	-6.210465e-003	0.000000e+000
1.777027214959288e-007	-6.219631e-003	0.000000e+000
1.778980339959288e-007	-6.170847e-003	0.000000e+000
1.780933464959288e-007	-6.086523e-003	0.000000e+000
1.782886589959288e-007	-5.991189e-003	0.000000e+000
1.784839714959288e-007	-5.910323e-003	0.000000e+000
1.786792839959288e-007	-5.869105e-003	0.000000e+000
1.788745964959288e-007	-5.891194e-003	0.000000e+000
1.790699089959288e-007	-5.997545e-003	0.000000e+000
1.792652214959288e-007	-6.205372e-003	0.000000e+000
1.794605339959288e-007	-6.527273e-003	0.000000e+000
1.796558464959288e-007	-6.970580e-003	0.000000e+000
1.798511589959288e-007	-7.536965e-003	0.000000e+000
1.800464714959288e-007	-8.222319e-003	0.000000e+000
1.802417839959288e-007	-9.016911e-003	0.000000e+000
1.804370964959288e-007	-9.905825e-003	0.000000e+000
1.806324089959288e-007	-1.086964e-002	0.000000e+000
1.808277214959289e-007	-1.188535e-002	0.000000e+000
1.810230339959289e-007	-1.292741e-002	0.000000e+000
1.812183464959289e-007	-1.396893e-002	0.000000e+000
1.814136589959289e-007	-1.498291e-002	0.000000e+000
1.816089714959289e-007	-1.594347e-002	0.000000e+000
1.818042839959289e-007	-1.682701e-002	0.000000e+000
1.819995964959289e-007	-1.761376e-002	0.000000e+000
1.821909986963107e-007	-1.827404e-002	0.000000e+000
1.823863111963107e-007	-1.882332e-002	0.000000e+000
1.825816236963107e-007	-1.924155e-002	0.000000e+000
1.827769361963107e-007	-1.952656e-002	0.000000e+000
1.829722486963107e-007	-1.968167e-002	0.000000e+000
1.831675611963107e-007	-1.971819e-002	0.000000e+000
1.833362456520056e-007	-1.966006e-002	0.000000e+000
1.834985047635774e-007	-1.952827e-002	0.000000e+000
1.836938172635774e-007	-1.929233e-002	0.000000e+000
1.838891297635774e-007	-1.899141e-002	0.000000e+000
1.840844422635775e-007	-1.863808e-002	0.000000e+000
1.842797547635775e-007	-1.824757e-002	0.000000e+000
1.844750672635775e-007	-1.783287e-002	0.000000e+000
1.846703797635775e-007	-1.740384e-002	0.000000e+000
1.848656922635775e-007	-1.696656e-002	0.000000e+000
1.850610047635775e-007	-1.652288e-002	0.000000e+000
1.852563172635775e-007	-1.607023e-002	0.000000e+000
1.854516297635775e-007	-1.560172e-002	0.000000e+000
1.856469422635775e-007	-1.510802e-002	0.000000e+000
1.858171806287469e-007	-1.464623e-002	0.000000e+000
1.859792005807460e-007	-1.416449e-002	0.000000e+000
1.861745130807460e-007	-1.351671e-002	0.000000e+000
1.863698255807460e-007	-1.278242e-002	0.000000e+000
1.865651380807460e-007	-1.194062e-002	0.000000e+000
1.867604505807460e-007	-1.097451e-002	0.000000e+000
1.869557630807460e-007	-9.869941e-003	0.000000e+000
1.871510755807460e-007	-8.616457e-003	0.000000e+000
1.873463880807460e-007	-7.208098e-003	0.000000e+000
1.875417005807460e-007	-5.644040e-003	0.000000e+000
1.877370130807460e-007	-3.928971e-003	0.000000e+000
1.879323255807460e-007	-2.073210e-003	0.000000e+000
1.881276380807461e-007	-9.253609e-005	0.000000e+000
1.883229505807461e-007	1.992234e-003	0.000000e+000
1.885182630807461e-007	4.155915e-003	0.000000e+000
1.887135755807461e-007	6.369839e-003	0.000000e+000
1.889088880807461e-007	8.602896e-003	0.000000e+000
1.891042005807461e-007	1.082268e-002	0.000000e+000
1.892995130807461e-007	1.299671e-002	0.000000e+000
1.894948255807461e-007	1.509360e-002	0.000000e+000
1.896901380807461e-007	1.708497e-002	0.000000e+000
1.898812023798773e-007	1.890454e-002	0.000000e+000
1.900765148798773e-007	2.061148e-002	0.000000e+000
1.902718273798773e-007	2.214812e-002	0.000000e+000
1.904671398798773e-007	2.350134e-002	0.000000e+000
1.906624523798773e-007	2.466392e-002	0.000000e+000
1.908577648798773e-007	2.563372e-002	0.000000e+000
1.910530773798773e-007	2.641324e-002	0.000000e+000
1.912483898798773e-007	2.700914e-002	0.000000e+000
1.914437023798773e-007	2.743151e-002	0.000000e+000
1.916390148798773e-007	2.769301e-002	0.000000e+000
1.918343273798773e-007	2.780796e-002	0.000000e+000
1.920296398798773e-007	2.779146e-002	0.000000e+000
1.922249523798773e-007	2.765848e-002	0.000000e+000
1.924202648798773e-007	2.742309e-002	0.000000e+000
1.926155773798774e-007	2.709777e-002	0.000000e+000
1.928108898798774e-007	2.669296e-002	0.000000e+000
1.930062023798774e-007	2.621674e-002	0.000000e+000
1.932015148798774e-007	2.567472e-002	0.000000e+000
1.933968273798774e-007	2.507018e-002	0.000000e+000
1.935921398798774e-007	2.440433e-002	0.000000e+000
1.937874523798774e-007	2.367677e-002	0.000000e+000
1.939827648798774e-007	2.288607e-002	0.000000e+000
1.941780773798774e-007	2.203046e-002	0.000000e+000
1.943733898798774e-007	2.110850e-002	0.000000e+000
1.945687023798774e-007	2.011992e-002	0.000000e+000
1.947624401302101e-007	1.907523e-002	0.000000e+000
1.949476455164469e-007	1.801847e-002	0.000000e+000
1.951429580164469e-007	1.684857e-002	0.000000e+000
1.953382705164469e-007	1.563170e-002	0.000000e+000
1.955335830164469e-007	1.437857e-002	0.000000e+000
1.957288955164469e-007	1.310333e-002	0.000000e+000
1.959242080164469e-007	1.182245e-002	0.000000e+000
1.961195205164469e-007	1.055417e-002	0.000000e+000
1.963148330164469e-007	9.316321e-003	0.000000e+000
1.964905292003075e-007	8.246522e-003	0.000000e+000
1.966758633676729e-007	7.179163e-003	0.000000e+000
1.968528388013251e-007	6.233410e-003	0.000000e+000
1.970481513013251e-007	5.287246e-003	0.000000e+000
1.972434638013251e-007	4.452482e-003	0.000000e+000
1.974387763013251e-007	3.741059e-003	0.000000e+000
1.976340888013251e-007	3.158705e-003	0.000000e+000
1.978294013013251e-007	2.706826e-003	0.000000e+000
1.980247138013251e-007	2.382393e-003	0.000000e+000
1.982200263013251e-007	2.178054e-003	0.000000e+000
1.984153388013251e-007	2.082464e-003	0.000000e+000
1.986106513013251e-007	2.080815e-003	0.000000e+000
1.988059638013251e-007	2.155544e-003	0.000000e+000
1.990012763013251e-007	2.287170e-003	0.000000e+000
1.991965888013251e-007	2.455238e-003	0.000000e+000
1.993919013013251e-007	2.639291e-003	0.000000e+000
1.995872138013251e-007	2.819848e-003	0.000000e+000
1.997825263013251e-007	2.979302e-003	0.000000e+000
1.999778388013251e-007	3.113620e-003	0.000000e+000
2.000000000000000e-007	3.126414e-003	0.000000e+000
