time	V(out)	V(n001)
0.000000000000000e+000	0.000000e+000	0.000000e+000
2.929687488293547e-015	0.000000e+000	3.906250e-007
5.859374976587093e-015	0.000000e+000	7.812500e-007
6.862165151151572e-012	0.000000e+000	9.149554e-004
1.371847092732656e-011	0.000000e+000	1.829129e-003
2.057477670350154e-011	0.000000e+000	2.743304e-003
2.743108247967653e-011	0.000000e+000	3.657478e-003
3.428738825585152e-011	0.000000e+000	4.571652e-003
4.114369403202650e-011	0.000000e+000	5.485826e-003
4.799999980820147e-011	0.000000e+000	6.400000e-003
9.599999961640293e-011	0.000000e+000	1.280000e-002
1.404606014236565e-010	0.000000e+000	1.872808e-002
1.783236865824398e-010	0.000000e+000	2.377649e-002
2.133624804419516e-010	0.000000e+000	2.844833e-002
2.524063542346297e-010	0.000000e+000	3.365418e-002
2.929017788970762e-010	0.000000e+000	3.905357e-002
3.425937548498220e-010	0.000000e+000	4.567917e-002
3.978514655120642e-010	0.000000e+000	5.304686e-002
4.645797710677486e-010	0.000000e+000	6.194397e-002
5.403068812387476e-010	0.000000e+000	7.204092e-002
6.307358062350090e-010	0.000000e+000	8.409811e-002
7.079893803692061e-010	0.000000e+000	9.439858e-002
7.836459236611387e-010	0.000000e+000	1.044861e-001
8.648150319715850e-010	0.000000e+000	1.153087e-001
9.533838991931495e-010	0.000000e+000	1.271179e-001
1.051271808406195e-009	0.000000e+000	1.401696e-001
1.159241009936828e-009	0.000000e+000	1.545655e-001
1.278989387682822e-009	0.000000e+000	1.705319e-001
1.396557812889042e-009	0.000000e+000	1.862077e-001
1.506237046328307e-009	0.000000e+000	2.008316e-001
1.622814105635592e-009	0.000000e+000	2.163752e-001
1.745252821730090e-009	0.000000e+000	2.327004e-001
1.878826092854392e-009	0.000000e+000	2.505102e-001
2.021722797969882e-009	0.000000e+000	2.695630e-001
2.177735489724570e-009	0.000000e+000	2.903647e-001
2.313196995441448e-009	0.000000e+000	3.084263e-001
2.459900481889272e-009	0.000000e+000	3.279867e-001
2.607287994033612e-009	0.000000e+000	3.476384e-001
2.769490394963849e-009	0.000000e+000	3.692654e-001
2.937795246810041e-009	0.000000e+000	3.917060e-001
3.121752783602838e-009	0.000000e+000	4.162337e-001
3.302567426918073e-009	0.000000e+000	4.403423e-001
3.469663158169185e-009	0.000000e+000	4.626217e-001
3.654689521797214e-009	0.000000e+000	4.872919e-001
3.840326689612211e-009	0.000000e+000	5.120435e-001
4.044539681067157e-009	0.000000e+000	5.392720e-001
4.227764994987606e-009	0.000000e+000	5.637020e-001
4.422060863015607e-009	0.000000e+000	5.896081e-001
4.617703286808859e-009	0.000000e+000	6.156937e-001
4.828249794968700e-009	0.000000e+000	6.437666e-001
5.045663481100010e-009	0.000000e+000	6.727551e-001
5.245441075231733e-009	0.000000e+000	6.993921e-001
5.458755053440760e-009	0.000000e+000	7.278340e-001
5.673038340546209e-009	0.000000e+000	7.564051e-001
5.903234374701521e-009	0.000000e+000	7.870979e-001
6.139853745656884e-009	0.000000e+000	8.186471e-001
6.361321752244273e-009	0.000000e+000	8.481762e-001
6.593822328680316e-009	0.000000e+000	8.791763e-001
6.829555108356707e-009	0.000000e+000	9.106073e-001
7.079883430092167e-009	0.000000e+000	9.439844e-001
7.241472718691558e-009	0.000000e+000	9.655297e-001
7.281792218401954e-009	0.000000e+000	9.709056e-001
7.362431217822746e-009	0.000000e+000	9.816575e-001
7.499999999999999e-009	0.000000e+000	1.000000e+000
7.513756878217725e-009	0.000000e+000	1.000000e+000
7.541270634653175e-009	0.000000e+000	1.000000e+000
7.596298147524077e-009	0.000000e+000	1.000000e+000
7.706353173265880e-009	0.000000e+000	1.000000e+000
7.926463224749485e-009	0.000000e+000	1.000000e+000
8.165171580565447e-009	0.000000e+000	1.000000e+000
8.402737421335003e-009	0.000000e+000	1.000000e+000
8.670384792129401e-009	0.000000e+000	1.000000e+000
8.922443892864793e-009	0.000000e+000	1.000000e+000
9.203252571979989e-009	0.000000e+000	1.000000e+000
9.479896087609552e-009	0.000000e+000	1.000000e+000
9.765674830771160e-009	0.000000e+000	1.000000e+000
1.003512079189841e-008	0.000000e+000	1.000000e+000
1.032786309669213e-008	0.000000e+000	1.000000e+000
1.061910649875856e-008	0.000000e+000	1.000000e+000
1.091207524875856e-008	0.000000e+000	1.000000e+000
1.119789959586993e-008	0.000000e+000	1.000000e+000
1.149086834586993e-008	0.000000e+000	1.000000e+000
1.178383709586993e-008	0.000000e+000	1.000000e+000
1.207680584586993e-008	0.000000e+000	1.000000e+000
1.236977459586993e-008	0.000000e+000	1.000000e+000
1.266274334586993e-008	0.000000e+000	1.000000e+000
1.295571209586993e-008	0.000000e+000	1.000000e+000
1.324868084586993e-008	0.000000e+000	1.000000e+000
1.354164959586993e-008	0.000000e+000	1.000000e+000
1.383461834586993e-008	0.000000e+000	1.000000e+000
1.412758709586993e-008	0.000000e+000	1.000000e+000
1.442055584586993e-008	0.000000e+000	1.000000e+000
1.471352459586993e-008	0.000000e+000	1.000000e+000
1.500649334586993e-008	0.000000e+000	1.000000e+000
1.529946209586993e-008	0.000000e+000	1.000000e+000
1.559243084586993e-008	0.000000e+000	1.000000e+000
1.588539959586994e-008	0.000000e+000	1.000000e+000
1.617836834586994e-008	0.000000e+000	1.000000e+000
1.647133709586994e-008	0.000000e+000	1.000000e+000
1.676430584586994e-008	0.000000e+000	1.000000e+000
1.705727459586994e-008	0.000000e+000	1.000000e+000
1.735024334586994e-008	0.000000e+000	1.000000e+000
1.764321209586994e-008	0.000000e+000	1.000000e+000
1.793618084586994e-008	0.000000e+000	1.000000e+000
1.822914959586994e-008	0.000000e+000	1.000000e+000
1.852211834586994e-008	0.000000e+000	1.000000e+000
1.881508709586994e-008	0.000000e+000	1.000000e+000
1.910805584586994e-008	0.000000e+000	1.000000e+000
1.940102459586994e-008	0.000000e+000	1.000000e+000
1.969399334586994e-008	0.000000e+000	1.000000e+000
1.998696209586994e-008	0.000000e+000	1.000000e+000
2.027993084586994e-008	0.000000e+000	1.000000e+000
2.057289959586994e-008	0.000000e+000	1.000000e+000
2.086586834586994e-008	0.000000e+000	1.000000e+000
2.115883709586994e-008	0.000000e+000	1.000000e+000
2.145180584586994e-008	0.000000e+000	1.000000e+000
2.174477459586995e-008	0.000000e+000	1.000000e+000
2.203774334586995e-008	0.000000e+000	1.000000e+000
2.233071209586995e-008	0.000000e+000	1.000000e+000
2.262368084586995e-008	0.000000e+000	1.000000e+000
2.291664959586995e-008	0.000000e+000	1.000000e+000
2.320961834586995e-008	0.000000e+000	1.000000e+000
2.350258709586995e-008	0.000000e+000	1.000000e+000
2.379555584586995e-008	0.000000e+000	1.000000e+000
2.408852459586995e-008	0.000000e+000	1.000000e+000
2.438149334586995e-008	0.000000e+000	1.000000e+000
2.467446209586995e-008	0.000000e+000	1.000000e+000
2.496743084586995e-008	0.000000e+000	1.000000e+000
2.526039959586995e-008	0.000000e+000	1.000000e+000
2.555336834586995e-008	0.000000e+000	1.000000e+000
2.584633709586995e-008	0.000000e+000	1.000000e+000
2.613930584586995e-008	0.000000e+000	1.000000e+000
2.643227459586995e-008	0.000000e+000	1.000000e+000
2.672524334586995e-008	0.000000e+000	1.000000e+000
2.701821209586995e-008	0.000000e+000	1.000000e+000
2.731118084586995e-008	0.000000e+000	1.000000e+000
2.760414959586996e-008	0.000000e+000	1.000000e+000
2.789711834586996e-008	0.000000e+000	1.000000e+000
2.819008709586996e-008	0.000000e+000	1.000000e+000
2.848305584586996e-008	0.000000e+000	1.000000e+000
2.877602459586996e-008	0.000000e+000	1.000000e+000
2.906899334586996e-008	0.000000e+000	1.000000e+000
2.936196209586996e-008	0.000000e+000	1.000000e+000
2.965493084586996e-008	0.000000e+000	1.000000e+000
2.994789959586996e-008	1.401298e-045	1.000000e+000
3.024086834586996e-008	2.802597e-045	1.000000e+000
3.053383709586996e-008	8.407791e-045	1.000000e+000
3.082680584586996e-008	2.101948e-044	1.000000e+000
3.111977459586996e-008	5.885454e-044	1.000000e+000
3.141274334586996e-008	1.555441e-043	1.000000e+000
3.170571209586996e-008	4.091792e-043	1.000000e+000
3.199868084586996e-008	1.070592e-042	1.000000e+000
3.229164959586996e-008	2.777374e-042	1.000000e+000
3.258461834586996e-008	7.146622e-042	1.000000e+000
3.287758709586996e-008	1.823229e-041	1.000000e+000
3.317055584586997e-008	4.614196e-041	1.000000e+000
3.346352459586997e-008	1.158411e-040	1.000000e+000
3.375649334586997e-008	2.885344e-040	1.000000e+000
3.404946209586997e-008	7.130872e-040	1.000000e+000
3.434243084586997e-008	1.748812e-039	1.000000e+000
3.463539959586997e-008	4.256388e-039	1.000000e+000
3.492836834586997e-008	1.028202e-038	1.000000e+000
3.522133709586997e-008	2.465447e-038	1.000000e+000
3.551430584586997e-008	5.868579e-038	1.000000e+000
3.580727459586997e-008	1.386849e-037	1.000000e+000
3.610024334586997e-008	3.254039e-037	1.000000e+000
3.639321209586997e-008	7.581423e-037	1.000000e+000
3.668618084586997e-008	1.754082e-036	1.000000e+000
3.697914959586997e-008	4.030470e-036	1.000000e+000
3.727211834586997e-008	9.198210e-036	1.000000e+000
3.756508709586997e-008	2.085101e-035	1.000000e+000
3.785805584586997e-008	4.695268e-035	1.000000e+000
3.815102459586997e-008	1.050355e-034	1.000000e+000
3.844399334586997e-008	2.334461e-034	1.000000e+000
3.873696209586997e-008	5.155171e-034	1.000000e+000
3.902993084586998e-008	1.131193e-033	1.000000e+000
3.932289959586998e-008	2.466592e-033	1.000000e+000
3.961586834586998e-008	5.345090e-033	1.000000e+000
3.990883709586998e-008	1.151168e-032	1.000000e+000
4.020180584586998e-008	2.464204e-032	1.000000e+000
4.049477459586998e-008	5.243209e-032	1.000000e+000
4.078774334586998e-008	1.108989e-031	1.000000e+000
4.108071209586998e-008	2.331815e-031	1.000000e+000
4.137368084586998e-008	4.874430e-031	1.000000e+000
4.166664959586998e-008	1.013077e-030	1.000000e+000
4.195961834586998e-008	2.093510e-030	1.000000e+000
4.225258709586998e-008	4.301764e-030	1.000000e+000
4.254555584586998e-008	8.789852e-030	1.000000e+000
4.283852459586998e-008	1.786092e-029	1.000000e+000
4.313149334586998e-008	3.609416e-029	1.000000e+000
4.342446209586998e-008	7.254441e-029	1.000000e+000
4.371743084586998e-008	1.450198e-028	1.000000e+000
4.401039959586998e-008	2.883564e-028	1.000000e+000
4.430336834586998e-008	5.703381e-028	1.000000e+000
4.459633709586998e-008	1.122166e-027	1.000000e+000
4.488930584586999e-008	2.196468e-027	1.000000e+000
4.518227459586999e-008	4.277167e-027	1.000000e+000
4.547524334586999e-008	8.286508e-027	1.000000e+000
4.576821209586999e-008	1.597316e-026	1.000000e+000
4.606118084586999e-008	3.063609e-026	1.000000e+000
4.635414959586999e-008	5.846807e-026	1.000000e+000
4.664711834586999e-008	1.110365e-025	1.000000e+000
4.694008709586999e-008	2.098421e-025	1.000000e+000
4.723305584586999e-008	3.946554e-025	1.000000e+000
4.752602459586999e-008	7.386858e-025	1.000000e+000
4.781899334586999e-008	1.376053e-024	1.000000e+000
4.811196209586999e-008	2.551303e-024	1.000000e+000
4.840493084586999e-008	4.708222e-024	1.000000e+000
4.869789959586999e-008	8.648419e-024	1.000000e+000
4.899086834586999e-008	1.581313e-023	1.000000e+000
4.928383709586999e-008	2.878170e-023	1.000000e+000
4.957680584586999e-008	5.214930e-023	1.000000e+000
4.986977459586999e-008	9.406529e-023	1.000000e+000
5.016274334586999e-008	1.689175e-022	1.000000e+000
5.045571209586999e-008	3.019945e-022	1.000000e+000
5.074868084587000e-008	5.375487e-022	1.000000e+000
5.104164959587000e-008	9.526761e-022	1.000000e+000
5.133461834587000e-008	1.681109e-021	1.000000e+000
5.162758709587000e-008	2.953817e-021	1.000000e+000
5.192055584587000e-008	5.167996e-021	1.000000e+000
5.221352459587000e-008	9.003794e-021	1.000000e+000
5.250649334587000e-008	1.562093e-020	1.000000e+000
5.279946209587000e-008	2.698854e-020	1.000000e+000
5.309243084587000e-008	4.643614e-020	1.000000e+000
5.338539959587000e-008	7.957006e-020	1.000000e+000
5.367836834587000e-008	1.357915e-019	1.000000e+000
5.397133709587000e-008	2.308007e-019	1.000000e+000
5.426430584587000e-008	3.907110e-019	1.000000e+000
5.455727459587000e-008	6.587789e-019	1.000000e+000
5.485024334587000e-008	1.106372e-018	1.000000e+000
5.514321209587000e-008	1.850766e-018	1.000000e+000
5.543618084587000e-008	3.083914e-018	1.000000e+000
5.572914959587000e-008	5.118754e-018	1.000000e+000
5.602211834587000e-008	8.463470e-018	1.000000e+000
5.631508709587000e-008	1.394010e-017	1.000000e+000
5.660805584587001e-008	2.287319e-017	1.000000e+000
5.690102459587001e-008	3.738882e-017	1.000000e+000
5.719399334587001e-008	6.088650e-017	1.000000e+000
5.748696209587001e-008	9.878126e-017	1.000000e+000
5.777993084587001e-008	1.596659e-016	1.000000e+000
5.807289959587001e-008	2.571248e-016	1.000000e+000
5.836586834587001e-008	4.125523e-016	1.000000e+000
5.865883709587001e-008	6.595185e-016	1.000000e+000
5.895180584587001e-008	1.050502e-015	1.000000e+000
5.924477459587001e-008	1.667240e-015	1.000000e+000
5.953774334587001e-008	2.636570e-015	1.000000e+000
5.983071209587001e-008	4.154601e-015	1.000000e+000
6.012368084587000e-008	6.523441e-015	1.000000e+000
6.041664959587000e-008	1.020681e-014	1.000000e+000
6.070961834586999e-008	1.591393e-014	1.000000e+000
6.100258709586999e-008	2.472563e-014	1.000000e+000
6.129555584586998e-008	3.828313e-014	1.000000e+000
6.158852459586997e-008	5.906985e-014	1.000000e+000
6.188149334586997e-008	9.083019e-014	1.000000e+000
6.217446209586996e-008	1.391900e-013	1.000000e+000
6.246743084586996e-008	2.125725e-013	1.000000e+000
6.276039959586995e-008	3.235447e-013	1.000000e+000
6.305336834586994e-008	4.907916e-013	1.000000e+000
6.334633709586994e-008	7.419976e-013	1.000000e+000
6.363930584586993e-008	1.118040e-012	1.000000e+000
6.393227459586993e-008	1.679068e-012	1.000000e+000
6.422524334586992e-008	2.513289e-012	1.000000e+000
6.451821209586991e-008	3.749608e-012	1.000000e+000
6.481118084586991e-008	5.575774e-012	1.000000e+000
6.510414959586990e-008	8.264311e-012	1.000000e+000
6.539711834586989e-008	1.220946e-011	1.000000e+000
6.569008709586989e-008	1.797962e-011	1.000000e+000
6.598305584586988e-008	2.639154e-011	1.000000e+000
6.627602459586988e-008	3.861490e-011	1.000000e+000
6.656899334586987e-008	5.631924e-011	1.000000e+000
6.686196209586986e-008	8.187964e-011	1.000000e+000
6.715493084586986e-008	1.186636e-010	1.000000e+000
6.744789959586985e-008	1.714302e-010	1.000000e+000
6.774086834586985e-008	2.468823e-010	1.000000e+000
6.803383709586984e-008	3.544303e-010	1.000000e+000
6.832680584586983e-008	5.072416e-010	1.000000e+000
6.861977459586983e-008	7.236804e-010	1.000000e+000
6.891274334586982e-008	1.029275e-009	1.000000e+000
6.920571209586982e-008	1.459397e-009	1.000000e+000
6.949868084586981e-008	2.062895e-009	1.000000e+000
6.979164959586980e-008	2.907013e-009	1.000000e+000
7.008461834586980e-008	4.084014e-009	1.000000e+000
7.037758709586979e-008	5.720080e-009	1.000000e+000
7.067055584586978e-008	7.987220e-009	1.000000e+000
7.096352459586978e-008	1.111915e-008	1.000000e+000
7.125649334586977e-008	1.543242e-008	1.000000e+000
7.154946209586977e-008	2.135436e-008	1.000000e+000
7.184243084586976e-008	2.946000e-008	1.000000e+000
7.213539959586975e-008	4.052063e-008	1.000000e+000
7.242836834586975e-008	5.556739e-008	1.000000e+000
7.272133709586974e-008	7.597447e-008	1.000000e+000
7.301430584586974e-008	1.035672e-007	1.000000e+000
7.330727459586973e-008	1.407625e-007	1.000000e+000
7.360024334586972e-008	1.907500e-007	1.000000e+000
7.389321209586972e-008	2.577258e-007	1.000000e+000
7.418618084586971e-008	3.471919e-007	1.000000e+000
7.447914959586971e-008	4.663398e-007	1.000000e+000
7.477211834586970e-008	6.245381e-007	1.000000e+000
7.506508709586969e-008	8.339524e-007	1.000000e+000
7.535805584586969e-008	1.110329e-006	1.000000e+000
7.565102459586968e-008	1.473984e-006	1.000000e+000
7.594399334586967e-008	1.951039e-006	1.000000e+000
7.623696209586967e-008	2.574979e-006	1.000000e+000
7.652993084586966e-008	3.388578e-006	1.000000e+000
7.682289959586966e-008	4.446305e-006	1.000000e+000
7.711586834586965e-008	5.817285e-006	1.000000e+000
7.740883709586964e-008	7.588962e-006	1.000000e+000
7.770180584586964e-008	9.871581e-006	1.000000e+000
7.799477459586963e-008	1.280367e-005	1.000000e+000
7.828774334586963e-008	1.655873e-005	1.000000e+000
7.858071209586962e-008	2.135331e-005	1.000000e+000
7.887368084586961e-008	2.745681e-005	1.000000e+000
7.916664959586961e-008	3.520321e-005	1.000000e+000
7.945961834586960e-008	4.500517e-005	1.000000e+000
7.975258709586960e-008	5.737083e-005	1.000000e+000
8.004555584586959e-008	7.292372e-005	1.000000e+000
8.033852459586958e-008	9.242634e-005	1.000000e+000
8.063149334586958e-008	1.168079e-004	1.000000e+000
8.092446209586957e-008	1.471967e-004	1.000000e+000
8.121743084586956e-008	1.849581e-004	1.000000e+000
8.151039959586956e-008	2.317383e-004	1.000000e+000
8.180336834586955e-008	2.895151e-004	1.000000e+000
8.209633709586955e-008	3.606559e-004	1.000000e+000
8.238930584586954e-008	4.479842e-004	1.000000e+000
8.268227459586953e-008	5.548550e-004	1.000000e+000
8.297524334586953e-008	6.852399e-004	1.000000e+000
8.326821209586952e-008	8.438224e-004	1.000000e+000
8.356118084586952e-008	1.036105e-003	1.000000e+000
8.385414959586951e-008	1.268526e-003	1.000000e+000
8.414711834586950e-008	1.548590e-003	1.000000e+000
8.444008709586950e-008	1.885010e-003	1.000000e+000
8.473305584586949e-008	2.287859e-003	1.000000e+000
8.502602459586949e-008	2.768737e-003	1.000000e+000
8.531899334586948e-008	3.340940e-003	1.000000e+000
8.561196209586947e-008	4.019651e-003	1.000000e+000
8.590493084586947e-008	4.822124e-003	1.000000e+000
8.619789959586946e-008	5.767884e-003	1.000000e+000
8.649086834586945e-008	6.878920e-003	1.000000e+000
8.678383709586945e-008	8.179882e-003	1.000000e+000
8.707680584586944e-008	9.698262e-003	1.000000e+000
8.736977459586944e-008	1.146458e-002	1.000000e+000
8.766274334586943e-008	1.351253e-002	1.000000e+000
8.795571209586942e-008	1.587911e-002	1.000000e+000
8.824868084586942e-008	1.860473e-002	1.000000e+000
8.854164959586941e-008	2.173326e-002	1.000000e+000
8.883461834586941e-008	2.531203e-002	1.000000e+000
8.912758709586940e-008	2.939180e-002	1.000000e+000
8.942055584586939e-008	3.402658e-002	1.000000e+000
8.971352459586939e-008	3.927350e-002	1.000000e+000
9.000649334586938e-008	4.519247e-002	1.000000e+000
9.029946209586938e-008	5.184576e-002	1.000000e+000
9.059243084586937e-008	5.929757e-002	1.000000e+000
9.088539959586936e-008	6.761339e-002	1.000000e+000
9.117836834586936e-008	7.685925e-002	1.000000e+000
9.147133709586935e-008	8.710089e-002	1.000000e+000
9.176430584586934e-008	9.840281e-002	1.000000e+000
9.205727459586934e-008	1.108271e-001	1.000000e+000
9.235024334586933e-008	1.244325e-001	1.000000e+000
9.264321209586933e-008	1.392726e-001	1.000000e+000
9.293618084586932e-008	1.553951e-001	1.000000e+000
9.322914959586931e-008	1.728398e-001	1.000000e+000
9.352211834586931e-008	1.916376e-001	1.000000e+000
9.381508709586930e-008	2.118084e-001	1.000000e+000
9.410805584586930e-008	2.333604e-001	1.000000e+000
9.440102459586929e-008	2.562881e-001	1.000000e+000
9.469399334586928e-008	2.805712e-001	1.000000e+000
9.498696209586928e-008	3.061731e-001	1.000000e+000
9.527993084586927e-008	3.330408e-001	1.000000e+000
9.557289959586926e-008	3.611029e-001	1.000000e+000
9.586586834586926e-008	3.902702e-001	1.000000e+000
9.615883709586925e-008	4.204350e-001	1.000000e+000
9.645180584586925e-008	4.514712e-001	1.000000e+000
9.674477459586924e-008	4.832352e-001	1.000000e+000
9.703774334586923e-008	5.155668e-001	1.000000e+000
9.733071209586923e-008	5.482904e-001	1.000000e+000
9.762368084586922e-008	5.812172e-001	1.000000e+000
9.791664959586922e-008	6.141471e-001	1.000000e+000
9.820961834586921e-008	6.468717e-001	1.000000e+000
9.850258709586920e-008	6.791769e-001	1.000000e+000
9.879555584586920e-008	7.108469e-001	1.000000e+000
9.908852459586919e-008	7.416672e-001	1.000000e+000
9.938149334586919e-008	7.714287e-001	1.000000e+000
9.967446209586918e-008	7.999317e-001	1.000000e+000
9.996743084586917e-008	8.269897e-001	1.000000e+000
1.002603995958692e-007	8.524330e-001	1.000000e+000
1.005533683458692e-007	8.761126e-001	1.000000e+000
1.008463370958692e-007	8.979032e-001	1.000000e+000
1.011393058458692e-007	9.177064e-001	1.000000e+000
1.014322745958691e-007	9.354526e-001	1.000000e+000
1.017252433458691e-007	9.511030e-001	1.000000e+000
1.020182120958691e-007	9.646504e-001	1.000000e+000
1.023111808458691e-007	9.761198e-001	1.000000e+000
1.026041495958691e-007	9.855671e-001	1.000000e+000
1.028971183458691e-007	9.930788e-001	1.000000e+000
1.031900870958691e-007	9.987691e-001	1.000000e+000
1.034830558458691e-007	1.002777e+000	1.000000e+000
1.037760245958691e-007	1.005264e+000	1.000000e+000
1.040689933458691e-007	1.006409e+000	1.000000e+000
1.043619620958691e-007	1.006402e+000	1.000000e+000
1.046549308458691e-007	1.005443e+000	1.000000e+000
1.049478995958691e-007	1.003733e+000	1.000000e+000
1.052408683458691e-007	1.001474e+000	1.000000e+000
1.055338370958691e-007	9.988586e-001	1.000000e+000
1.058268058458691e-007	9.960672e-001	1.000000e+000
1.061197745958690e-007	9.932657e-001	1.000000e+000
1.064127433458690e-007	9.906001e-001	1.000000e+000
1.067057120958690e-007	9.881943e-001	1.000000e+000
1.069986808458690e-007	9.861149e-001	1.000000e+000
1.072070312500000e-007	9.849190e-001	1.000000e+000
1.075000000000000e-007	9.835529e-001	1.000000e+000
1.075292968750000e-007	9.834567e-001	9.960938e-001
1.075878906250000e-007	9.832799e-001	9.882813e-001
1.077050781250000e-007	9.830022e-001	9.726563e-001
1.079394531250000e-007	9.826933e-001	9.414063e-001
1.082324218750000e-007	9.827076e-001	9.023438e-001
1.085253906250000e-007	9.831737e-001	8.632813e-001
1.088183593750000e-007	9.840736e-001	8.242188e-001
1.091113281250000e-007	9.853495e-001	7.851563e-001
1.094042968749999e-007	9.869325e-001	7.460938e-001
1.096972656249999e-007	9.887468e-001	7.070313e-001
1.099902343749999e-007	9.907132e-001	6.679688e-001
1.102832031249999e-007	9.927534e-001	6.289063e-001
1.105761718749999e-007	9.947925e-001	5.898438e-001
1.108691406249999e-007	9.967621e-001	5.507813e-001
1.111621093749999e-007	9.986029e-001	5.117188e-001
1.114550781249999e-007	1.000266e+000	4.726563e-001
1.117480468749999e-007	1.001714e+000	4.335938e-001
1.120410156249999e-007	1.002921e+000	3.945313e-001
1.123339843749999e-007	1.003875e+000	3.554688e-001
1.126269531249999e-007	1.004571e+000	3.164063e-001
1.129199218749999e-007	1.005018e+000	2.773438e-001
1.132128906249999e-007	1.005232e+000	2.382813e-001
1.135058593749999e-007	1.005233e+000	1.992188e-001
1.137988281249999e-007	1.005050e+000	1.601563e-001
1.140917968749999e-007	1.004712e+000	1.210938e-001
1.143847656249998e-007	1.004251e+000	8.203125e-002
1.146777343749998e-007	1.003712e+000	4.296875e-002
1.147070312500000e-007	1.003653e+000	3.906250e-002
1.147656250000003e-007	1.003531e+000	3.125000e-002
1.148828125000009e-007	1.003280e+000	1.562500e-002
1.150000000000000e-007	1.003026e+000	0.000000e+000
1.150002578127844e-007	1.003025e+000	0.000000e+000
1.150007734383531e-007	1.003024e+000	0.000000e+000
1.150194832804173e-007	1.002983e+000	0.000000e+000
1.150381931224816e-007	1.002941e+000	0.000000e+000
1.150569029645458e-007	1.002899e+000	0.000000e+000
1.150756128066101e-007	1.002858e+000	0.000000e+000
1.150943226486743e-007	1.002816e+000	0.000000e+000
1.151130324907386e-007	1.002774e+000	0.000000e+000
1.151317423328028e-007	1.002732e+000	0.000000e+000
1.152637424783900e-007	1.002434e+000	0.000000e+000
1.155277427695643e-007	1.001841e+000	0.000000e+000
1.158207115195643e-007	1.001196e+000	0.000000e+000
1.161136802695643e-007	1.000582e+000	0.000000e+000
1.164066490195643e-007	1.000016e+000	0.000000e+000
1.166996177695643e-007	9.995110e-001	0.000000e+000
1.169925865195643e-007	9.990780e-001	0.000000e+000
1.172855552695643e-007	9.987262e-001	0.000000e+000
1.175785240195643e-007	9.984628e-001	0.000000e+000
1.178714927695643e-007	9.982930e-001	0.000000e+000
1.181644615195643e-007	9.982175e-001	0.000000e+000
1.184258751901446e-007	9.982299e-001	0.000000e+000
1.186465313812505e-007	9.983007e-001	0.000000e+000
1.188287735634049e-007	9.984037e-001	0.000000e+000
1.190394322955661e-007	9.985684e-001	0.000000e+000
1.192318028252440e-007	9.987602e-001	0.000000e+000
1.195085780354980e-007	9.990971e-001	0.000000e+000
1.198015467854980e-007	9.995128e-001	0.000000e+000
1.200945155354980e-007	9.999782e-001	0.000000e+000
1.203570205978190e-007	1.000423e+000	0.000000e+000
1.205578473430702e-007	1.000773e+000	0.000000e+000
1.207614040270011e-007	1.001126e+000	0.000000e+000
1.209654674894385e-007	1.001470e+000	0.000000e+000
1.211533194974802e-007	1.001769e+000	0.000000e+000
1.213424075576093e-007	1.002044e+000	0.000000e+000
1.215758291373813e-007	1.002335e+000	0.000000e+000
1.218687978873813e-007	1.002617e+000	0.000000e+000
1.221617666373813e-007	1.002799e+000	0.000000e+000
1.223823378726633e-007	1.002854e+000	0.000000e+000
1.226048851847858e-007	1.002826e+000	0.000000e+000
1.228192449779908e-007	1.002725e+000	0.000000e+000
1.230144684126695e-007	1.002569e+000	0.000000e+000
1.232112794562667e-007	1.002350e+000	0.000000e+000
1.234056746665726e-007	1.002079e+000	0.000000e+000
1.236083574230370e-007	1.001742e+000	0.000000e+000
1.238682959323634e-007	1.001249e+000	0.000000e+000
1.241290552607524e-007	1.000706e+000	0.000000e+000
1.243644726248749e-007	1.000190e+000	0.000000e+000
1.245752358185233e-007	9.997223e-001	0.000000e+000
1.247746214159027e-007	9.992903e-001	0.000000e+000
1.249765795766731e-007	9.988760e-001	0.000000e+000
1.251669160726918e-007	9.985185e-001	0.000000e+000
1.253600521785670e-007	9.981992e-001	0.000000e+000
1.255542355374125e-007	9.979349e-001	0.000000e+000
1.257918423710501e-007	9.976949e-001	0.000000e+000
1.260236321004261e-007	9.975569e-001	0.000000e+000
1.262722306663444e-007	9.975192e-001	0.000000e+000
1.264819854836947e-007	9.975799e-001	0.000000e+000
1.266957472071890e-007	9.977321e-001	0.000000e+000
1.269112376409287e-007	9.979657e-001	0.000000e+000
1.271080661473938e-007	9.982438e-001	0.000000e+000
1.273075798662554e-007	9.985800e-001	0.000000e+000
1.274978294922333e-007	9.989398e-001	0.000000e+000
1.276904735751432e-007	9.993321e-001	0.000000e+000
1.279235047187281e-007	9.998232e-001	0.000000e+000
1.281401780770187e-007	1.000276e+000	0.000000e+000
1.283766455879133e-007	1.000746e+000	0.000000e+000
1.285899805059871e-007	1.001128e+000	0.000000e+000
1.287863074804890e-007	1.001429e+000	0.000000e+000
1.289860789581652e-007	1.001672e+000	0.000000e+000
1.291871200229540e-007	1.001844e+000	0.000000e+000
1.293797947754096e-007	1.001933e+000	0.000000e+000
1.295759659709015e-007	1.001940e+000	0.000000e+000
1.297884168130478e-007	1.001856e+000	0.000000e+000
1.299911816949131e-007	1.001685e+000	0.000000e+000
1.302137760007905e-007	1.001399e+000	0.000000e+000
1.304743476313493e-007	1.000962e+000	0.000000e+000
1.306851866842628e-007	1.000538e+000	0.000000e+000
1.308994522241787e-007	1.000054e+000	0.000000e+000
1.311302312434978e-007	9.995015e-001	0.000000e+000
1.313439088060886e-007	9.989803e-001	0.000000e+000
1.315459024939453e-007	9.984987e-001	0.000000e+000
1.317526613362923e-007	9.980350e-001	0.000000e+000
1.319457691131247e-007	9.976459e-001	0.000000e+000
1.321599757742439e-007	9.972811e-001	0.000000e+000
1.323858395233215e-007	9.969822e-001	0.000000e+000
1.325971188410656e-007	9.967957e-001	0.000000e+000
1.328133666149642e-007	9.967057e-001	0.000000e+000
1.330125398159479e-007	9.967161e-001	0.000000e+000
1.332170232774497e-007	9.968207e-001	0.000000e+000
1.334244435561789e-007	9.970164e-001	0.000000e+000
1.336412825388446e-007	9.973052e-001	0.000000e+000
1.338380589863727e-007	9.976319e-001	0.000000e+000
1.340487690491400e-007	9.980351e-001	0.000000e+000
1.342463025990130e-007	9.984454e-001	0.000000e+000
1.344627359364867e-007	9.989103e-001	0.000000e+000
1.347125368071575e-007	9.994386e-001	0.000000e+000
1.349223085264709e-007	9.998528e-001	0.000000e+000
1.351340592654795e-007	1.000221e+000	0.000000e+000
1.353330631167365e-007	1.000507e+000	0.000000e+000
1.355346202769728e-007	1.000722e+000	0.000000e+000
1.357346324493223e-007	1.000852e+000	0.000000e+000
1.359424423645670e-007	1.000894e+000	0.000000e+000
1.361374357871421e-007	1.000841e+000	0.000000e+000
1.363665050347405e-007	1.000670e+000	0.000000e+000
1.365755417205048e-007	1.000421e+000	0.000000e+000
1.367890449547044e-007	1.000080e+000	0.000000e+000
1.369953073763080e-007	9.996840e-001	0.000000e+000
1.371929146698101e-007	9.992563e-001	0.000000e+000
1.373957833963529e-007	9.987858e-001	0.000000e+000
1.376121619921291e-007	9.982715e-001	0.000000e+000
1.378242352583073e-007	9.977760e-001	0.000000e+000
1.380237518144070e-007	9.973375e-001	0.000000e+000
1.382319634971714e-007	9.969272e-001	0.000000e+000
1.384307846741617e-007	9.965969e-001	0.000000e+000
1.386435204306486e-007	9.963269e-001	0.000000e+000
1.388783675768410e-007	9.961331e-001	0.000000e+000
1.390849406363098e-007	9.960617e-001	0.000000e+000
1.392941986199429e-007	9.960904e-001	0.000000e+000
1.394943404772919e-007	9.962083e-001	0.000000e+000
1.396986392987156e-007	9.964133e-001	0.000000e+000
1.398974599190566e-007	9.966851e-001	0.000000e+000
1.401133694165223e-007	9.970442e-001	0.000000e+000
1.403084909930593e-007	9.974105e-001	0.000000e+000
1.405319478158567e-007	9.978579e-001	0.000000e+000
1.407369650754855e-007	9.982718e-001	0.000000e+000
1.409612877574700e-007	9.987060e-001	0.000000e+000
1.411654318465392e-007	9.990641e-001	0.000000e+000
1.413647436063593e-007	9.993605e-001	0.000000e+000
1.415666781370090e-007	9.995923e-001	0.000000e+000
1.417785094422952e-007	9.997503e-001	0.000000e+000
1.419929728426585e-007	9.998158e-001	0.000000e+000
1.421922907951067e-007	9.997835e-001	0.000000e+000
1.424080679875147e-007	9.996504e-001	0.000000e+000
1.426034037036101e-007	9.994460e-001	0.000000e+000
1.428165286150273e-007	9.991387e-001	0.000000e+000
1.430424816821290e-007	9.987396e-001	0.000000e+000
1.432462627084309e-007	9.983293e-001	0.000000e+000
1.434540175739747e-007	9.978794e-001	0.000000e+000
1.436546020688808e-007	9.974351e-001	0.000000e+000
1.438639579616383e-007	9.969814e-001	0.000000e+000
1.440629135758730e-007	9.965779e-001	0.000000e+000
1.442575892831859e-007	9.962265e-001	0.000000e+000
1.444546885025739e-007	9.959300e-001	0.000000e+000
1.446656311736462e-007	9.956899e-001	0.000000e+000
1.448781239395878e-007	9.955365e-001	0.000000e+000
1.450823167727496e-007	9.954804e-001	0.000000e+000
1.452895702238540e-007	9.955186e-001	0.000000e+000
1.455153235600458e-007	9.956585e-001	0.000000e+000
1.457189381163350e-007	9.958652e-001	0.000000e+000
1.459242102792356e-007	9.961421e-001	0.000000e+000
1.461215036753356e-007	9.964576e-001	0.000000e+000
1.463215458490098e-007	9.968107e-001	0.000000e+000
1.465165771955340e-007	9.971699e-001	0.000000e+000
1.467265172190177e-007	9.975523e-001	0.000000e+000
1.469543842336276e-007	9.979404e-001	0.000000e+000
1.471622130905743e-007	9.982504e-001	0.000000e+000
1.473641786345888e-007	9.984926e-001	0.000000e+000
1.475689062941388e-007	9.986656e-001	0.000000e+000
1.477801084538576e-007	9.987603e-001	0.000000e+000
1.479795190323972e-007	9.987654e-001	0.000000e+000
1.481818830579666e-007	9.986856e-001	0.000000e+000
1.483689179322519e-007	9.985380e-001	0.000000e+000
1.485568566886643e-007	9.983206e-001	0.000000e+000
1.487674018771330e-007	9.980104e-001	0.000000e+000
1.489655830945108e-007	9.976666e-001	0.000000e+000
1.491919163534447e-007	9.972315e-001	0.000000e+000
1.493960695067328e-007	9.968209e-001	0.000000e+000
1.496175411251202e-007	9.963774e-001	0.000000e+000
1.498361211413599e-007	9.959641e-001	0.000000e+000
1.500403938582971e-007	9.956185e-001	0.000000e+000
1.502363122868298e-007	9.953406e-001	0.000000e+000
1.504363486384977e-007	9.951239e-001	0.000000e+000
1.506487762948317e-007	9.949744e-001	0.000000e+000
1.508511496001568e-007	9.949157e-001	0.000000e+000
1.510661226462797e-007	9.949439e-001	0.000000e+000
1.512719438974141e-007	9.950543e-001	0.000000e+000
1.514877569004510e-007	9.952507e-001	0.000000e+000
1.517052675224094e-007	9.955161e-001	0.000000e+000
1.519100013276133e-007	9.958138e-001	0.000000e+000
1.521062418541345e-007	9.961280e-001	0.000000e+000
1.523074577003449e-007	9.964615e-001	0.000000e+000
1.525059542673515e-007	9.967839e-001	0.000000e+000
1.527072697498814e-007	9.970870e-001	0.000000e+000
1.529074890594104e-007	9.973482e-001	0.000000e+000
1.531145160853716e-007	9.975609e-001	0.000000e+000
1.533291094289807e-007	9.977084e-001	0.000000e+000
1.535389737678789e-007	9.977736e-001	0.000000e+000
1.537335374169915e-007	9.977574e-001	0.000000e+000
1.539303460232281e-007	9.976647e-001	0.000000e+000
1.541306544724240e-007	9.974970e-001	0.000000e+000
1.543372740572335e-007	9.972545e-001	0.000000e+000
1.545511723768068e-007	9.969432e-001	0.000000e+000
1.547516584565519e-007	9.966091e-001	0.000000e+000
1.549432608730416e-007	9.962649e-001	0.000000e+000
1.551363002159843e-007	9.959099e-001	0.000000e+000
1.553570035920536e-007	9.955143e-001	0.000000e+000
1.555743919033547e-007	9.951541e-001	0.000000e+000
1.557826939768963e-007	9.948537e-001	0.000000e+000
1.559752690377143e-007	9.946293e-001	0.000000e+000
1.561703662596014e-007	9.944657e-001	0.000000e+000
1.563812183811940e-007	9.943653e-001	0.000000e+000
1.565920372360663e-007	9.943455e-001	0.000000e+000
1.567972089087381e-007	9.944038e-001	0.000000e+000
1.569935710518468e-007	9.945292e-001	0.000000e+000
1.572087442954754e-007	9.947330e-001	0.000000e+000
1.574184693693738e-007	9.949841e-001	0.000000e+000
1.576341710933688e-007	9.952809e-001	0.000000e+000
1.578667482791942e-007	9.956205e-001	0.000000e+000
1.581112873324686e-007	9.959725e-001	0.000000e+000
1.583578283546424e-007	9.962941e-001	0.000000e+000
1.585991044342819e-007	9.965534e-001	0.000000e+000
1.588110984641600e-007	9.967203e-001	0.000000e+000
1.589865310576988e-007	9.968007e-001	0.000000e+000
1.591916372681456e-007	9.968246e-001	0.000000e+000
1.593880486405002e-007	9.967785e-001	0.000000e+000
1.595949267168050e-007	9.966552e-001	0.000000e+000
1.598174659032961e-007	9.964471e-001	0.000000e+000
1.600385013862768e-007	9.961734e-001	0.000000e+000
1.602888481930188e-007	9.958040e-001	0.000000e+000
1.605383439977829e-007	9.954007e-001	0.000000e+000
1.608011707165662e-007	9.949701e-001	0.000000e+000
1.610844320362429e-007	9.945394e-001	0.000000e+000
1.613774007862429e-007	9.941683e-001	0.000000e+000
1.616572648309373e-007	9.939150e-001	0.000000e+000
1.619201359093118e-007	9.937894e-001	0.000000e+000
1.621812161124991e-007	9.937773e-001	0.000000e+000
1.624061712653007e-007	9.938593e-001	0.000000e+000
1.626596139313826e-007	9.940433e-001	0.000000e+000
1.629050375172099e-007	9.942927e-001	0.000000e+000
1.631980062672099e-007	9.946489e-001	0.000000e+000
1.634806019086764e-007	9.950116e-001	0.000000e+000
1.637735706586764e-007	9.953650e-001	0.000000e+000
1.640665394086764e-007	9.956523e-001	0.000000e+000
1.643595081586764e-007	9.958533e-001	0.000000e+000
1.645151003692575e-007	9.959089e-001	0.000000e+000
1.646949938918281e-007	9.959157e-001	0.000000e+000
1.648735354141819e-007	9.958639e-001	0.000000e+000
1.651635360497080e-007	9.956747e-001	0.000000e+000
1.654565047997081e-007	9.953810e-001	0.000000e+000
1.657494735497081e-007	9.950012e-001	0.000000e+000
1.660380773454739e-007	9.945803e-001	0.000000e+000
1.663096287673815e-007	9.941803e-001	0.000000e+000
1.666025975173815e-007	9.937872e-001	0.000000e+000
1.668955662673815e-007	9.934714e-001	0.000000e+000
1.671885350173815e-007	9.932638e-001	0.000000e+000
1.674815037673815e-007	9.931826e-001	0.000000e+000
1.677744725173815e-007	9.932310e-001	0.000000e+000
1.680674412673815e-007	9.933942e-001	0.000000e+000
1.683128741346561e-007	9.936041e-001	0.000000e+000
1.685045555728529e-007	9.938058e-001	0.000000e+000
1.687221339825078e-007	9.940562e-001	0.000000e+000
1.689201290281393e-007	9.942854e-001	0.000000e+000
1.691788502968908e-007	9.945638e-001	0.000000e+000
1.694368888535205e-007	9.947926e-001	0.000000e+000
1.697252525403074e-007	9.949626e-001	0.000000e+000
1.700182212903074e-007	9.950246e-001	0.000000e+000
1.703111900403074e-007	9.949629e-001	0.000000e+000
1.706041587903074e-007	9.947811e-001	0.000000e+000
1.708971275403074e-007	9.944977e-001	0.000000e+000
1.711736235089818e-007	9.941616e-001	0.000000e+000
1.714627071106409e-007	9.937746e-001	0.000000e+000
1.717556758606409e-007	9.933864e-001	0.000000e+000
1.720405463142673e-007	9.930514e-001	0.000000e+000
1.723335150642673e-007	9.927850e-001	0.000000e+000
1.726264838142673e-007	9.926224e-001	0.000000e+000
1.729194525642673e-007	9.925773e-001	0.000000e+000
1.732124213142673e-007	9.926490e-001	0.000000e+000
1.735053900642673e-007	9.928231e-001	0.000000e+000
1.737983588142673e-007	9.930734e-001	0.000000e+000
1.740913275642673e-007	9.933649e-001	0.000000e+000
1.743700977028842e-007	9.936444e-001	0.000000e+000
1.746630664528842e-007	9.939051e-001	0.000000e+000
1.749081536883386e-007	9.940735e-001	0.000000e+000
1.751222257235353e-007	9.941652e-001	0.000000e+000
1.753332235112113e-007	9.941908e-001	0.000000e+000
1.756245325546992e-007	9.941273e-001	0.000000e+000
1.759175013046992e-007	9.939614e-001	0.000000e+000
1.762104700546992e-007	9.937017e-001	0.000000e+000
1.765034388046992e-007	9.933753e-001	0.000000e+000
1.767964075546992e-007	9.930172e-001	0.000000e+000
1.770893763046992e-007	9.926658e-001	0.000000e+000
1.773823450546992e-007	9.923584e-001	0.000000e+000
1.776753138046993e-007	9.921266e-001	0.000000e+000
1.779682825546993e-007	9.919928e-001	0.000000e+000
1.782612513046993e-007	9.919671e-001	0.000000e+000
1.785542200546993e-007	9.920460e-001	0.000000e+000
1.788342313419882e-007	9.922062e-001	0.000000e+000
1.791145006774068e-007	9.924274e-001	0.000000e+000
1.794074694274068e-007	9.926898e-001	0.000000e+000
1.797004381774068e-007	9.929478e-001	0.000000e+000
1.799934069274069e-007	9.931657e-001	0.000000e+000
1.802863756774069e-007	9.933127e-001	0.000000e+000
1.805793444274069e-007	9.933668e-001	0.000000e+000
1.808723131774069e-007	9.933176e-001	0.000000e+000
1.811652819274069e-007	9.931673e-001	0.000000e+000
1.814582506774069e-007	9.929303e-001	0.000000e+000
1.817512194274069e-007	9.926317e-001	0.000000e+000
1.820441881774069e-007	9.923037e-001	0.000000e+000
1.823371569274069e-007	9.919819e-001	0.000000e+000
1.826301256774069e-007	9.917008e-001	0.000000e+000
1.829230944274069e-007	9.914891e-001	0.000000e+000
1.832113470730200e-007	9.913690e-001	0.000000e+000
1.835043158230200e-007	9.913458e-001	0.000000e+000
1.837972845730200e-007	9.914181e-001	0.000000e+000
1.840902533230200e-007	9.915714e-001	0.000000e+000
1.843832220730200e-007	9.917809e-001	0.000000e+000
1.846761908230200e-007	9.920151e-001	0.000000e+000
1.849691595730200e-007	9.922423e-001	0.000000e+000
1.852026222081316e-007	9.923947e-001	0.000000e+000
1.854557011716507e-007	9.925083e-001	0.000000e+000
1.857337248185621e-007	9.925591e-001	0.000000e+000
1.860266935685621e-007	9.925215e-001	0.000000e+000
1.863196623185621e-007	9.923900e-001	0.000000e+000
1.866126310685622e-007	9.921749e-001	0.000000e+000
1.869055998185622e-007	9.918981e-001	0.000000e+000
1.871643717814070e-007	9.916231e-001	0.000000e+000
1.873803930234529e-007	9.913874e-001	0.000000e+000
1.875954896433393e-007	9.911640e-001	0.000000e+000
1.878536769688726e-007	9.909297e-001	0.000000e+000
1.881466457188726e-007	9.907207e-001	0.000000e+000
1.883962894248158e-007	9.906043e-001	0.000000e+000
1.886663520445501e-007	9.905504e-001	0.000000e+000
1.889308147940894e-007	9.905642e-001	0.000000e+000
1.892237835440894e-007	9.906424e-001	0.000000e+000
1.895167522940894e-007	9.907610e-001	0.000000e+000
1.898097210440894e-007	9.908907e-001	0.000000e+000
1.901026897940894e-007	9.909996e-001	0.000000e+000
1.903475764360452e-007	9.910513e-001	0.000000e+000
1.905558308372865e-007	9.910467e-001	0.000000e+000
1.907909105031646e-007	9.909717e-001	0.000000e+000
1.910710623487227e-007	9.907820e-001	0.000000e+000
1.913640310987227e-007	9.904743e-001	0.000000e+000
1.915558494217477e-007	9.901997e-001	0.000000e+000
1.918044105915737e-007	9.897570e-001	0.000000e+000
1.920405815664586e-007	9.892625e-001	0.000000e+000
1.923335503164586e-007	9.885614e-001	0.000000e+000
1.926265190664586e-007	9.877855e-001	0.000000e+000
1.929194878164586e-007	9.869457e-001	0.000000e+000
1.932124565664586e-007	9.860518e-001	0.000000e+000
1.935054253164586e-007	9.851038e-001	0.000000e+000
1.937983940664586e-007	9.840935e-001	0.000000e+000
1.940488354361180e-007	9.831643e-001	0.000000e+000
1.942643198384717e-007	9.822938e-001	0.000000e+000
1.944825599937886e-007	9.813182e-001	0.000000e+000
1.947399914182693e-007	9.800150e-001	0.000000e+000
1.950329601682693e-007	9.782956e-001	0.000000e+000
1.953259289182693e-007	9.762653e-001	0.000000e+000
1.956188976682693e-007	9.738512e-001	0.000000e+000
1.959118664182693e-007	9.709893e-001	0.000000e+000
1.962048351682693e-007	9.676208e-001	0.000000e+000
1.964978039182693e-007	9.636933e-001	0.000000e+000
1.967907726682693e-007	9.591613e-001	0.000000e+000
1.970837414182693e-007	9.540048e-001	0.000000e+000
1.973443801775971e-007	9.488595e-001	0.000000e+000
1.975856238351827e-007	9.435757e-001	0.000000e+000
1.978406969508976e-007	9.374118e-001	0.000000e+000
1.981336657008976e-007	9.296303e-001	0.000000e+000
1.984052620224444e-007	9.216967e-001	0.000000e+000
1.986982307724444e-007	9.122868e-001	0.000000e+000
1.989911995224444e-007	9.019635e-001	0.000000e+000
1.992841682724444e-007	8.906406e-001	0.000000e+000
1.995771370224444e-007	8.782407e-001	0.000000e+000
1.998701057724444e-007	8.646827e-001	0.000000e+000
2.001630745224444e-007	8.498862e-001	0.000000e+000
2.004560432724444e-007	8.337767e-001	0.000000e+000
2.007490120224445e-007	8.162903e-001	0.000000e+000
2.010419807724445e-007	7.973787e-001	0.000000e+000
2.013349495224445e-007	7.770123e-001	0.000000e+000
2.016279182724445e-007	7.551841e-001	0.000000e+000
2.019208870224445e-007	7.319732e-001	0.000000e+000
2.021606195422304e-007	7.119291e-001	0.000000e+000
2.023987870382900e-007	6.910610e-001	0.000000e+000
2.026365672417415e-007	6.693918e-001	0.000000e+000
2.028476042061246e-007	6.494809e-001	0.000000e+000
2.030586600701521e-007	6.289553e-001	0.000000e+000
2.032639846066650e-007	6.084081e-001	0.000000e+000
2.035569533566650e-007	5.782783e-001	0.000000e+000
2.038499221066650e-007	5.473810e-001	0.000000e+000
2.041428908566650e-007	5.157803e-001	0.000000e+000
2.044358596066650e-007	4.836247e-001	0.000000e+000
2.047288283566651e-007	4.510789e-001	0.000000e+000
2.049613340199422e-007	4.250635e-001	0.000000e+000
2.052189363606246e-007	3.961555e-001	0.000000e+000
2.054148213413093e-007	3.741888e-001	0.000000e+000
2.055921374027516e-007	3.543783e-001	0.000000e+000
2.058060460025191e-007	3.306401e-001	0.000000e+000
2.060275224775599e-007	3.063222e-001	0.000000e+000
2.062726192503062e-007	2.798530e-001	0.000000e+000
2.065655880003062e-007	2.489503e-001	0.000000e+000
2.068585567503062e-007	2.190225e-001	0.000000e+000
2.071515255003062e-007	1.902758e-001	0.000000e+000
2.074159790795084e-007	1.655355e-001	0.000000e+000
2.076776622466542e-007	1.423694e-001	0.000000e+000
2.079405997219023e-007	1.204923e-001	0.000000e+000
2.081908827879141e-007	1.010415e-001	0.000000e+000
2.084121333867027e-007	8.507761e-002	0.000000e+000
2.086325852396879e-007	7.037343e-002	0.000000e+000
2.088400736727713e-007	5.775301e-002	0.000000e+000
2.091330424227713e-007	4.180842e-002	0.000000e+000
2.094260111727714e-007	2.786991e-002	0.000000e+000
2.097189799227714e-007	1.605988e-002	0.000000e+000
2.100119486727714e-007	6.306317e-003	0.000000e+000
2.103049174227714e-007	-1.495999e-003	0.000000e+000
2.105978861727714e-007	-7.480313e-003	0.000000e+000
2.108908549227714e-007	-1.185459e-002	0.000000e+000
2.111403175799279e-007	-1.442113e-002	0.000000e+000
2.113537329482366e-007	-1.579477e-002	0.000000e+000
2.115667139544915e-007	-1.650530e-002	0.000000e+000
2.117681979031903e-007	-1.661432e-002	0.000000e+000
2.120552679514368e-007	-1.602469e-002	0.000000e+000
2.123482367014369e-007	-1.475145e-002	0.000000e+000
2.126412054514369e-007	-1.290656e-002	0.000000e+000
2.129341742014369e-007	-1.065711e-002	0.000000e+000
2.132271429514369e-007	-8.165210e-003	0.000000e+000
2.135201117014369e-007	-5.577351e-003	0.000000e+000
2.137568780166852e-007	-3.496515e-003	0.000000e+000
2.139032288602448e-007	-2.251395e-003	0.000000e+000
2.140508181405781e-007	-1.060608e-003	0.000000e+000
2.142456227283750e-007	3.998365e-004	0.000000e+000
2.144482934993654e-007	1.763791e-003	0.000000e+000
2.146679561429607e-007	3.030137e-003	0.000000e+000
2.148838942136969e-007	4.030684e-003	0.000000e+000
2.151122193772422e-007	4.801862e-003	0.000000e+000
2.153338184880312e-007	5.263019e-003	0.000000e+000
2.155345323774609e-007	5.416054e-003	0.000000e+000
2.157432173046781e-007	5.280983e-003	0.000000e+000
2.160361860546781e-007	4.663744e-003	0.000000e+000
2.163291548046781e-007	3.615759e-003	0.000000e+000
2.166221235546781e-007	2.161609e-003	0.000000e+000
2.169081676339379e-007	4.250323e-004	0.000000e+000
2.171746273401905e-007	-1.402302e-003	0.000000e+000
2.173947810196065e-007	-3.017648e-003	0.000000e+000
2.175712087795068e-007	-4.353580e-003	0.000000e+000
2.177187252124829e-007	-5.480829e-003	0.000000e+000
2.178275108153604e-007	-6.308258e-003	0.000000e+000
2.179743668619841e-007	-7.408749e-003	0.000000e+000
2.181344350010556e-007	-8.569973e-003	0.000000e+000
2.183928054971765e-007	-1.033631e-002	0.000000e+000
2.186857742471765e-007	-1.215705e-002	0.000000e+000
2.189787429971765e-007	-1.373692e-002	0.000000e+000
2.192717117471765e-007	-1.504288e-002	0.000000e+000
2.195646804971765e-007	-1.606587e-002	0.000000e+000
2.198576492471765e-007	-1.681357e-002	0.000000e+000
2.201506179971765e-007	-1.730715e-002	0.000000e+000
2.204435867471765e-007	-1.758690e-002	0.000000e+000
2.206710565728746e-007	-1.767006e-002	0.000000e+000
2.209008746550544e-007	-1.764578e-002	0.000000e+000
2.211579991301705e-007	-1.752274e-002	0.000000e+000
2.214509678801705e-007	-1.729128e-002	0.000000e+000
2.217439366301705e-007	-1.698563e-002	0.000000e+000
2.220369053801705e-007	-1.662171e-002	0.000000e+000
2.223298741301705e-007	-1.621275e-002	0.000000e+000
2.226228428801706e-007	-1.576722e-002	0.000000e+000
2.229140549969963e-007	-1.529367e-002	0.000000e+000
2.232070237469963e-007	-1.479169e-002	0.000000e+000
2.234999924969963e-007	-1.427131e-002	0.000000e+000
2.237929612469963e-007	-1.374238e-002	0.000000e+000
2.240086873105350e-007	-1.335546e-002	0.000000e+000
2.242319169853650e-007	-1.296755e-002	0.000000e+000
2.244624423453974e-007	-1.259375e-002	0.000000e+000
2.247554110953974e-007	-1.217452e-002	0.000000e+000
2.250483798453974e-007	-1.183708e-002	0.000000e+000
2.253413485953974e-007	-1.160820e-002	0.000000e+000
2.256343173453974e-007	-1.150792e-002	0.000000e+000
2.259272860953974e-007	-1.154954e-002	0.000000e+000
2.262202548453974e-007	-1.172907e-002	0.000000e+000
2.264406609155000e-007	-1.196174e-002	0.000000e+000
2.266951762538546e-007	-1.233287e-002	0.000000e+000
2.269881450038546e-007	-1.285613e-002	0.000000e+000
2.272522991231292e-007	-1.339614e-002	0.000000e+000
2.275204754074044e-007	-1.398693e-002	0.000000e+000
2.278134441574044e-007	-1.464258e-002	0.000000e+000
2.280999288130299e-007	-1.526127e-002	0.000000e+000
2.283403116731097e-007	-1.573784e-002	0.000000e+000
2.285700930871043e-007	-1.613465e-002	0.000000e+000
2.288136955725269e-007	-1.647863e-002	0.000000e+000
2.290659637564427e-007	-1.674517e-002	0.000000e+000
2.292935794701840e-007	-1.689876e-002	0.000000e+000
2.295200389605166e-007	-1.695821e-002	0.000000e+000
2.298130077105166e-007	-1.691764e-002	0.000000e+000
2.300555367467748e-007	-1.679518e-002	0.000000e+000
2.302492315008779e-007	-1.663263e-002	0.000000e+000
2.304788773146771e-007	-1.637811e-002	0.000000e+000
2.307037120255981e-007	-1.607861e-002	0.000000e+000
2.309657499828498e-007	-1.568248e-002	0.000000e+000
2.311715000686931e-007	-1.534637e-002	0.000000e+000
2.313660880580507e-007	-1.501463e-002	0.000000e+000
2.315143585710867e-007	-1.475798e-002	0.000000e+000
2.316127624519872e-007	-1.458760e-002	0.000000e+000
2.317295724820461e-007	-1.438747e-002	0.000000e+000
2.318718103768410e-007	-1.414888e-002	0.000000e+000
2.320293697849969e-007	-1.389425e-002	0.000000e+000
2.322156455386441e-007	-1.361044e-002	0.000000e+000
2.324127233135163e-007	-1.333589e-002	0.000000e+000
2.326299507900554e-007	-1.307239e-002	0.000000e+000
2.328843337310326e-007	-1.282069e-002	0.000000e+000
2.331201760935783e-007	-1.264825e-002	0.000000e+000
2.333330272428354e-007	-1.255302e-002	0.000000e+000
2.335460624155000e-007	-1.251975e-002	0.000000e+000
2.337565542662586e-007	-1.254917e-002	0.000000e+000
2.339658537088422e-007	-1.264034e-002	0.000000e+000
2.341613551461402e-007	-1.278292e-002	0.000000e+000
2.343721296161291e-007	-1.299625e-002	0.000000e+000
2.345787907720200e-007	-1.326117e-002	0.000000e+000
2.348098998397685e-007	-1.361554e-002	0.000000e+000
2.350522619354020e-007	-1.403751e-002	0.000000e+000
2.352651489097159e-007	-1.444096e-002	0.000000e+000
2.355077640346122e-007	-1.492033e-002	0.000000e+000
2.357614875586722e-007	-1.542020e-002	0.000000e+000
2.359820045160410e-007	-1.583613e-002	0.000000e+000
2.361599516110423e-007	-1.614513e-002	0.000000e+000
2.363248269028733e-007	-1.639073e-002	0.000000e+000
2.366177956528733e-007	-1.672861e-002	0.000000e+000
2.368836141612310e-007	-1.691982e-002	0.000000e+000
2.371307849119702e-007	-1.697497e-002	0.000000e+000
2.373224701530091e-007	-1.692224e-002	0.000000e+000
2.375443132745224e-007	-1.675214e-002	0.000000e+000
2.377856177272360e-007	-1.645241e-002	0.000000e+000
2.380471870313764e-007	-1.601028e-002	0.000000e+000
2.382864047720169e-007	-1.551776e-002	0.000000e+000
2.385064342776056e-007	-1.500796e-002	0.000000e+000
2.387104512930494e-007	-1.450791e-002	0.000000e+000
2.389074245203747e-007	-1.402399e-002	0.000000e+000
2.391857123796190e-007	-1.337119e-002	0.000000e+000
2.393921569083890e-007	-1.293260e-002	0.000000e+000
2.395715672647795e-007	-1.260907e-002	0.000000e+000
2.397687676781921e-007	-1.233093e-002	0.000000e+000
2.399855387208747e-007	-1.213219e-002	0.000000e+000
2.402452955653606e-007	-1.204590e-002	0.000000e+000
2.404948003285327e-007	-1.211082e-002	0.000000e+000
2.406673948797127e-007	-1.225565e-002	0.000000e+000
2.408714531796357e-007	-1.253550e-002	0.000000e+000
2.411190621971225e-007	-1.298656e-002	0.000000e+000
2.413455724175156e-007	-1.348468e-002	0.000000e+000
2.415411211078435e-007	-1.396741e-002	0.000000e+000
2.417391430001751e-007	-1.448347e-002	0.000000e+000
2.419390943489807e-007	-1.500751e-002	0.000000e+000
2.421411996675035e-007	-1.551786e-002	0.000000e+000
2.423307429899457e-007	-1.595771e-002	0.000000e+000
2.425286460065694e-007	-1.635530e-002	0.000000e+000
2.427427593958252e-007	-1.669478e-002	0.000000e+000
2.429827325591906e-007	-1.694711e-002	0.000000e+000
2.432325441875884e-007	-1.706513e-002	0.000000e+000
2.434212421157244e-007	-1.705347e-002	0.000000e+000
2.435327974598805e-007	-1.699365e-002	0.000000e+000
2.436836916037323e-007	-1.685035e-002	0.000000e+000
2.438703194500303e-007	-1.660181e-002	0.000000e+000
2.440645247671822e-007	-1.627098e-002	0.000000e+000
2.442339536123470e-007	-1.592695e-002	0.000000e+000
2.444274567029971e-007	-1.548635e-002	0.000000e+000
2.446086427560699e-007	-1.504606e-002	0.000000e+000
2.448365132630008e-007	-1.447947e-002	0.000000e+000
2.450442658412578e-007	-1.397699e-002	0.000000e+000
2.452758314175454e-007	-1.346062e-002	0.000000e+000
2.454934132417876e-007	-1.304479e-002	0.000000e+000
2.457388359909165e-007	-1.267046e-002	0.000000e+000
2.458984887010226e-007	-1.249849e-002	0.000000e+000
2.461056290480896e-007	-1.237634e-002	0.000000e+000
2.463186791112666e-007	-1.236005e-002	0.000000e+000
2.465735082382641e-007	-1.247993e-002	0.000000e+000
2.468069133976470e-007	-1.271035e-002	0.000000e+000
2.470322546325803e-007	-1.303362e-002	0.000000e+000
2.472347958220912e-007	-1.339147e-002	0.000000e+000
2.474173784271337e-007	-1.375472e-002	0.000000e+000
2.475621571867739e-007	-1.406129e-002	0.000000e+000
2.477029513399760e-007	-1.436640e-002	0.000000e+000
2.479293543467399e-007	-1.484936e-002	0.000000e+000
2.481723480252258e-007	-1.534062e-002	0.000000e+000
2.483348257485694e-007	-1.563676e-002	0.000000e+000
2.485226525638292e-007	-1.592736e-002	0.000000e+000
2.487399500236311e-007	-1.618955e-002	0.000000e+000
2.489725084656700e-007	-1.637362e-002	0.000000e+000
2.492031225145544e-007	-1.644725e-002	0.000000e+000
2.494487376595294e-007	-1.640593e-002	0.000000e+000
2.496866952662053e-007	-1.626093e-002	0.000000e+000
2.498630015498588e-007	-1.608689e-002	0.000000e+000
2.500378308840905e-007	-1.586117e-002	0.000000e+000
2.502258288360362e-007	-1.557530e-002	0.000000e+000
2.504204086715199e-007	-1.524552e-002	0.000000e+000
2.506222606780942e-007	-1.488135e-002	0.000000e+000
2.508369934391621e-007	-1.448701e-002	0.000000e+000
2.510442147698618e-007	-1.411716e-002	0.000000e+000
2.512600622937213e-007	-1.375756e-002	0.000000e+000
2.514205537526662e-007	-1.351895e-002	0.000000e+000
2.516010349780561e-007	-1.329305e-002	0.000000e+000
2.518117348174812e-007	-1.308835e-002	0.000000e+000
2.520234400025354e-007	-1.295663e-002	0.000000e+000
2.522758191445416e-007	-1.289559e-002	0.000000e+000
2.524819837820104e-007	-1.292647e-002	0.000000e+000
2.527081630511081e-007	-1.304773e-002	0.000000e+000
2.529442019533080e-007	-1.325376e-002	0.000000e+000
2.531600873742522e-007	-1.350649e-002	0.000000e+000
2.534120205179029e-007	-1.385873e-002	0.000000e+000
2.536218923783199e-007	-1.418189e-002	0.000000e+000
2.537795048812851e-007	-1.443563e-002	0.000000e+000
2.539338749402090e-007	-1.468510e-002	0.000000e+000
2.540824735664009e-007	-1.491682e-002	0.000000e+000
2.543215654548341e-007	-1.525860e-002	0.000000e+000
2.545877751243749e-007	-1.558498e-002	0.000000e+000
2.548011170847229e-007	-1.578698e-002	0.000000e+000
2.550117690988564e-007	-1.591992e-002	0.000000e+000
2.552032276097652e-007	-1.597863e-002	0.000000e+000
2.553964719433470e-007	-1.597077e-002	0.000000e+000
2.556258034968276e-007	-1.588503e-002	0.000000e+000
2.557996998516984e-007	-1.576321e-002	0.000000e+000
2.560090162638216e-007	-1.555184e-002	0.000000e+000
2.562304003538656e-007	-1.526996e-002	0.000000e+000
2.564676019304624e-007	-1.491550e-002	0.000000e+000
2.567164943042419e-007	-1.450760e-002	0.000000e+000
2.569577366364269e-007	-1.410017e-002	0.000000e+000
2.571961135192787e-007	-1.371013e-002	0.000000e+000
2.574360023428638e-007	-1.335056e-002	0.000000e+000
2.576224006060018e-007	-1.311141e-002	0.000000e+000
2.578408576808473e-007	-1.288942e-002	0.000000e+000
2.580388298237316e-007	-1.275221e-002	0.000000e+000
2.582899969005591e-007	-1.267304e-002	0.000000e+000
2.585419719327358e-007	-1.269680e-002	0.000000e+000
2.588145419794120e-007	-1.283308e-002	0.000000e+000
2.590469108287087e-007	-1.303086e-002	0.000000e+000
2.592833292303670e-007	-1.329208e-002	0.000000e+000
2.593988829621822e-007	-1.343740e-002	0.000000e+000
2.595000917968761e-007	-1.357341e-002	0.000000e+000
2.595952498710024e-007	-1.370440e-002	0.000000e+000
2.597607776747976e-007	-1.393209e-002	0.000000e+000
2.599425274965276e-007	-1.417057e-002	0.000000e+000
2.601855777392292e-007	-1.445325e-002	0.000000e+000
2.604200562801703e-007	-1.466560e-002	0.000000e+000
2.606637022885560e-007	-1.479796e-002	0.000000e+000
2.609011154226160e-007	-1.481901e-002	0.000000e+000
2.611663400754009e-007	-1.470748e-002	0.000000e+000
2.614065675944740e-007	-1.447718e-002	0.000000e+000
2.616653586032729e-007	-1.410029e-002	0.000000e+000
2.618451527683836e-007	-1.376083e-002	0.000000e+000
2.620606664218187e-007	-1.327283e-002	0.000000e+000
2.623293223132495e-007	-1.258930e-002	0.000000e+000
2.625825410388008e-007	-1.189689e-002	0.000000e+000
2.628639157048153e-007	-1.111000e-002	0.000000e+000
2.631464425333208e-007	-1.034470e-002	0.000000e+000
2.634217044356430e-007	-9.660117e-003	0.000000e+000
2.637023906279863e-007	-9.052718e-003	0.000000e+000
2.639844040192033e-007	-8.540371e-003	0.000000e+000
2.641793159097808e-007	-8.245822e-003	0.000000e+000
2.642987354761947e-007	-8.094261e-003	0.000000e+000
2.644336224839496e-007	-7.946026e-003	0.000000e+000
2.645703860231929e-007	-7.813859e-003	0.000000e+000
2.647735835278671e-007	-7.638213e-003	0.000000e+000
2.649716129273381e-007	-7.474450e-003	0.000000e+000
2.652035481155958e-007	-7.270316e-003	0.000000e+000
2.654202328486156e-007	-7.041746e-003	0.000000e+000
2.656386777644887e-007	-6.736615e-003	0.000000e+000
2.659287790306552e-007	-6.186566e-003	0.000000e+000
2.661914024476587e-007	-5.515337e-003	0.000000e+000
2.664508736876482e-007	-4.643743e-003	0.000000e+000
2.667184781126213e-007	-3.507552e-003	0.000000e+000
2.670114468626213e-007	-1.989808e-003	0.000000e+000
2.673044156126213e-007	-2.150304e-004	0.000000e+000
2.675245209190736e-007	1.282368e-003	0.000000e+000
2.676973234961792e-007	2.560443e-003	0.000000e+000
2.678876596527422e-007	4.053936e-003	0.000000e+000
2.680905674248096e-007	5.720574e-003	0.000000e+000
2.683158541592514e-007	7.641166e-003	0.000000e+000
2.685704100982262e-007	9.870980e-003	0.000000e+000
2.688124871787360e-007	1.202898e-002	0.000000e+000
2.690340077330316e-007	1.402379e-002	0.000000e+000
2.692583943011132e-007	1.605661e-002	0.000000e+000
2.695156451653146e-007	1.840200e-002	0.000000e+000
2.697776310559352e-007	2.081671e-002	0.000000e+000
2.700194538942760e-007	2.308781e-002	0.000000e+000
2.702450471909344e-007	2.526666e-002	0.000000e+000
2.704569390227219e-007	2.739200e-002	0.000000e+000
2.706754296839368e-007	2.970222e-002	0.000000e+000
2.709683984339368e-007	3.301697e-002	0.000000e+000
2.712613671839368e-007	3.661528e-002	0.000000e+000
2.715543359339368e-007	4.056072e-002	0.000000e+000
2.718473046839368e-007	4.488812e-002	0.000000e+000
2.721402734339368e-007	4.960587e-002	0.000000e+000
2.724106523337611e-007	5.428879e-002	0.000000e+000
2.726069610336669e-007	5.789989e-002	0.000000e+000
2.728205204012972e-007	6.202139e-002	0.000000e+000
2.730260888449508e-007	6.614676e-002	0.000000e+000
2.732662495595430e-007	7.113428e-002	0.000000e+000
2.735156030092058e-007	7.646322e-002	0.000000e+000
2.738085717592058e-007	8.286697e-002	0.000000e+000
2.741015405092059e-007	8.936737e-002	0.000000e+000
2.743945092592059e-007	9.592079e-002	0.000000e+000
2.746874780092059e-007	1.024900e-001	0.000000e+000
2.749374573033648e-007	1.080895e-001	0.000000e+000
2.751934882231775e-007	1.138111e-001	0.000000e+000
2.754476812203519e-007	1.194799e-001	0.000000e+000
2.757133101499308e-007	1.253987e-001	0.000000e+000
2.759837536311395e-007	1.314305e-001	0.000000e+000
2.762307691241319e-007	1.369552e-001	0.000000e+000
2.764847013749558e-007	1.426578e-001	0.000000e+000
2.767750784813860e-007	1.492063e-001	0.000000e+000
2.770680472313860e-007	1.558294e-001	0.000000e+000
2.773610159813861e-007	1.624401e-001	0.000000e+000
2.776539847313861e-007	1.689903e-001	0.000000e+000
2.779469534813861e-007	1.754141e-001	0.000000e+000
2.782399222313861e-007	1.816303e-001	0.000000e+000
2.785328909813861e-007	1.875530e-001	0.000000e+000
2.788098230488357e-007	1.928080e-001	0.000000e+000
2.790443975281263e-007	1.969072e-001	0.000000e+000
2.793106995244188e-007	2.010877e-001	0.000000e+000
2.796036682744188e-007	2.050847e-001	0.000000e+000
2.798966370244188e-007	2.083844e-001	0.000000e+000
2.801896057744188e-007	2.109179e-001	0.000000e+000
2.804825745244188e-007	2.126468e-001	0.000000e+000
2.807755432744188e-007	2.135487e-001	0.000000e+000
2.810685120244188e-007	2.136451e-001	0.000000e+000
2.813187257359741e-007	2.130512e-001	0.000000e+000
2.815937589557977e-007	2.116617e-001	0.000000e+000
2.818867277057977e-007	2.094338e-001	0.000000e+000
2.821397478035021e-007	2.068952e-001	0.000000e+000
2.823484850288116e-007	2.043151e-001	0.000000e+000
2.825888997689556e-007	2.008283e-001	0.000000e+000
2.828065115030087e-007	1.971854e-001	0.000000e+000
2.830994802530088e-007	1.915645e-001	0.000000e+000
2.833924490030088e-007	1.851857e-001	0.000000e+000
2.836854177530088e-007	1.779920e-001	0.000000e+000
2.839783865030088e-007	1.699816e-001	0.000000e+000
2.842713552530088e-007	1.611610e-001	0.000000e+000
2.845643240030088e-007	1.515486e-001	0.000000e+000
2.848572927530088e-007	1.411784e-001	0.000000e+000
2.851502615030088e-007	1.301244e-001	0.000000e+000
2.854001829587583e-007	1.201862e-001	0.000000e+000
2.856468721876687e-007	1.099675e-001	0.000000e+000
2.858512112273610e-007	1.012524e-001	0.000000e+000
2.860012593739520e-007	9.471057e-002	0.000000e+000
2.861908496771532e-007	8.630992e-002	0.000000e+000
2.864021914589368e-007	7.683792e-002	0.000000e+000
2.865940508947588e-007	6.817305e-002	0.000000e+000
2.868262438688840e-007	5.766207e-002	0.000000e+000
2.870845070555930e-007	4.601628e-002	0.000000e+000
2.873160030647861e-007	3.568219e-002	0.000000e+000
2.875258974722177e-007	2.645681e-002	0.000000e+000
2.877178917998134e-007	1.818944e-002	0.000000e+000
2.879281563618795e-007	9.359732e-003	0.000000e+000
2.881341189682751e-007	1.000114e-003	0.000000e+000
2.884270877182751e-007	-1.041160e-002	0.000000e+000
2.886495713690742e-007	-1.865008e-002	0.000000e+000
2.889070903086413e-007	-2.759871e-002	0.000000e+000
2.892000590586413e-007	-3.706439e-002	0.000000e+000
2.894820915478971e-007	-4.539980e-002	0.000000e+000
2.897750602978971e-007	-5.318628e-002	0.000000e+000
2.900680290478971e-007	-6.006601e-002	0.000000e+000
2.903609977978971e-007	-6.600257e-002	0.000000e+000
2.906539665478971e-007	-7.098942e-002	0.000000e+000
2.909277468776172e-007	-7.474622e-002	0.000000e+000
2.912207156276173e-007	-7.784035e-002	0.000000e+000
2.914530075673096e-007	-7.959537e-002	0.000000e+000
2.916873567195059e-007	-8.068099e-002	0.000000e+000
2.919348591219772e-007	-8.115257e-002	0.000000e+000
2.921703114553404e-007	-8.093325e-002	0.000000e+000
2.924632802053404e-007	-7.981153e-002	0.000000e+000
2.927562489553404e-007	-7.785270e-002	0.000000e+000
2.930492177053404e-007	-7.511320e-002	0.000000e+000
2.932840212735121e-007	-7.236739e-002	0.000000e+000
2.935517667159016e-007	-6.869144e-002	0.000000e+000
2.938447354659016e-007	-6.418005e-002	0.000000e+000
2.941377042159017e-007	-5.927799e-002	0.000000e+000
2.943958180086472e-007	-5.472474e-002	0.000000e+000
2.946404518909228e-007	-5.029364e-002	0.000000e+000
2.948895300555693e-007	-4.576917e-002	0.000000e+000
2.951824988055693e-007	-4.054998e-002	0.000000e+000
2.954754675555693e-007	-3.553106e-002	0.000000e+000
2.956929706414280e-007	-3.201458e-002	0.000000e+000
2.959065963558120e-007	-2.880718e-002	0.000000e+000
2.961317900430458e-007	-2.573861e-002	0.000000e+000
2.964247587930458e-007	-2.222892e-002	0.000000e+000
2.967016881812875e-007	-1.944444e-002	0.000000e+000
2.969946569312875e-007	-1.712772e-002	0.000000e+000
2.972876256812876e-007	-1.543911e-002	0.000000e+000
2.975500668504663e-007	-1.444474e-002	0.000000e+000
2.977361351740129e-007	-1.407519e-002	0.000000e+000
2.979546344258149e-007	-1.399930e-002	0.000000e+000
2.981873845840509e-007	-1.428454e-002	0.000000e+000
2.984548179229830e-007	-1.505133e-002	0.000000e+000
2.987332938908796e-007	-1.630696e-002	0.000000e+000
2.990262626408796e-007	-1.809329e-002	0.000000e+000
2.993192313908796e-007	-2.030587e-002	0.000000e+000
2.996122001408796e-007	-2.289560e-002	0.000000e+000
2.999051688908797e-007	-2.576180e-002	0.000000e+000
3.000000000000000e-007	-2.674511e-002	0.000000e+000
