time	V(out)	V(n094)
0.000000000000000e+000	0.000000e+000	0.000000e+000
2.929687488293547e-015	0.000000e+000	3.906250e-007
5.859374976587093e-015	0.000000e+000	7.812500e-007
6.862165151151572e-012	0.000000e+000	9.149554e-004
1.371847092732656e-011	0.000000e+000	1.829129e-003
2.057477670350154e-011	0.000000e+000	2.743304e-003
2.743108247967653e-011	0.000000e+000	3.657478e-003
3.428738825585152e-011	0.000000e+000	4.571652e-003
4.114369403202650e-011	0.000000e+000	5.485826e-003
4.799999980820147e-011	0.000000e+000	6.400000e-003
9.599999961640293e-011	0.000000e+000	1.280000e-002
1.404606014236564e-010	0.000000e+000	1.872808e-002
1.783236865824396e-010	0.000000e+000	2.377649e-002
2.133624804419512e-010	0.000000e+000	2.844833e-002
2.524063542346291e-010	0.000000e+000	3.365418e-002
2.929017788970751e-010	0.000000e+000	3.905357e-002
3.425937548498207e-010	0.000000e+000	4.567917e-002
3.978514655120629e-010	0.000000e+000	5.304686e-002
4.645797710677467e-010	0.000000e+000	6.194397e-002
5.403068812387455e-010	0.000000e+000	7.204092e-002
6.307358062350067e-010	0.000000e+000	8.409811e-002
7.079893803692038e-010	0.000000e+000	9.439858e-002
7.836459236611360e-010	1.401298e-045	1.044861e-001
8.648150319715812e-010	2.522337e-044	1.153087e-001
9.533838991931447e-010	4.035740e-043	1.271179e-001
1.051271808406190e-009	7.920139e-042	1.401696e-001
1.159241009936822e-009	1.827531e-040	1.545655e-001
1.278989387682815e-009	2.616216e-039	1.705319e-001
1.396557812889038e-009	2.222501e-038	1.862077e-001
1.506237046328305e-009	1.706068e-037	2.008316e-001
1.622814105635589e-009	1.408289e-036	2.163752e-001
1.745252821730084e-009	1.277345e-035	2.327004e-001
1.878826092854386e-009	1.260228e-034	2.505102e-001
2.021722797969877e-009	1.355047e-033	2.695630e-001
2.177735489724566e-009	9.599019e-033	2.903647e-001
2.313196995441441e-009	5.484318e-032	3.084263e-001
2.459900481889268e-009	3.285872e-031	3.279867e-001
2.607287994033604e-009	2.013508e-030	3.476384e-001
2.769490394963839e-009	1.316966e-029	3.692654e-001
2.937795246810022e-009	8.977534e-029	3.917060e-001
3.121752783602816e-009	5.752391e-028	4.162337e-001
3.302567426918057e-009	2.841645e-027	4.403423e-001
3.469663158169166e-009	1.317477e-026	4.626217e-001
3.654689521797194e-009	6.530743e-026	4.872919e-001
3.840326689612186e-009	3.233238e-025	5.120435e-001
4.044539681067134e-009	1.480675e-024	5.392720e-001
4.227764994987585e-009	5.700172e-024	5.637020e-001
4.422060863015585e-009	2.274163e-023	5.896081e-001
4.617703286808835e-009	8.993309e-023	6.156937e-001
4.828249794968673e-009	3.718016e-022	6.437666e-001
5.045663481099977e-009	1.384737e-021	6.727551e-001
5.245441075231698e-009	4.617550e-021	6.993921e-001
5.458755053440721e-009	1.601878e-020	7.278340e-001
5.673038340546161e-009	5.475926e-020	7.564051e-001
5.903234374701468e-009	1.949757e-019	7.870979e-001
6.139853745656832e-009	6.445541e-019	8.186471e-001
6.361321752244211e-009	1.941666e-018	8.481762e-001
6.593822328680253e-009	5.993556e-018	8.791763e-001
6.829555108356639e-009	1.834950e-017	9.106073e-001
7.079883430092097e-009	4.973407e-017	9.439844e-001
7.241472718691572e-009	8.623458e-017	9.655297e-001
7.281792218401935e-009	1.006993e-016	9.709056e-001
7.362431217822660e-009	1.442332e-016	9.816575e-001
7.499999999999999e-009	2.394174e-016	1.000000e+000
7.513756878217733e-009	2.532776e-016	1.000000e+000
7.541270634653201e-009	2.834218e-016	1.000000e+000
7.596298147524137e-009	3.580266e-016	1.000000e+000
7.706353173266007e-009	6.008528e-016	1.000000e+000
7.926463224749750e-009	1.579637e-015	1.000000e+000
8.165171580565640e-009	4.011465e-015	1.000000e+000
8.402737421335067e-009	1.011854e-014	1.000000e+000
8.670384792129513e-009	2.692349e-014	1.000000e+000
8.922443892864879e-009	6.701946e-014	1.000000e+000
9.203252571980116e-009	1.777984e-013	1.000000e+000
9.479896087609663e-009	4.479536e-013	1.000000e+000
9.765674830771271e-009	1.107585e-012	1.000000e+000
1.003512079189851e-008	2.581231e-012	1.000000e+000
1.032786309669222e-008	6.283121e-012	1.000000e+000
1.061910649875866e-008	1.466446e-011	1.000000e+000
1.091207524875866e-008	3.328683e-011	1.000000e+000
1.119789959586512e-008	7.263525e-011	1.000000e+000
1.149086834586513e-008	1.579162e-010	1.000000e+000
1.178383709586513e-008	3.344691e-010	1.000000e+000
1.207680584586513e-008	6.926389e-010	1.000000e+000
1.236977459586513e-008	1.403875e-009	1.000000e+000
1.266274334586513e-008	2.787607e-009	1.000000e+000
1.295571209586513e-008	5.427405e-009	1.000000e+000
1.324868084586513e-008	1.036948e-008	1.000000e+000
1.354164959586513e-008	1.945560e-008	1.000000e+000
1.383461834586513e-008	3.587166e-008	1.000000e+000
1.412758709586513e-008	6.503564e-008	1.000000e+000
1.442055584586513e-008	1.160110e-007	1.000000e+000
1.471352459586513e-008	2.037192e-007	1.000000e+000
1.500649334586513e-008	3.523479e-007	1.000000e+000
1.529946209586513e-008	6.005167e-007	1.000000e+000
1.559243084586513e-008	1.008989e-006	1.000000e+000
1.588539959586513e-008	1.672002e-006	1.000000e+000
1.617836834586513e-008	2.733679e-006	1.000000e+000
1.647133709586513e-008	4.411426e-006	1.000000e+000
1.676430584586513e-008	7.028817e-006	1.000000e+000
1.705727459586513e-008	1.106113e-005	1.000000e+000
1.735024334586513e-008	1.719749e-005	1.000000e+000
1.764321209586513e-008	2.642443e-005	1.000000e+000
1.793618084586513e-008	4.013664e-005	1.000000e+000
1.822914959586514e-008	6.028155e-005	1.000000e+000
1.852211834586514e-008	8.954532e-005	1.000000e+000
1.881508709586514e-008	1.315885e-004	1.000000e+000
1.910805584586514e-008	1.913400e-004	1.000000e+000
1.940102459586514e-008	2.753579e-004	1.000000e+000
1.969399334586514e-008	3.922652e-004	1.000000e+000
1.998696209586514e-008	5.532666e-004	1.000000e+000
2.027993084586514e-008	7.727511e-004	1.000000e+000
2.057289959586514e-008	1.068980e-003	1.000000e+000
2.086586834586514e-008	1.464856e-003	1.000000e+000
2.115883709586514e-008	1.988762e-003	1.000000e+000
2.145180584586514e-008	2.675452e-003	1.000000e+000
2.174477459586514e-008	3.566969e-003	1.000000e+000
2.203774334586514e-008	4.713543e-003	1.000000e+000
2.233071209586514e-008	6.174439e-003	1.000000e+000
2.262368084586514e-008	8.018677e-003	1.000000e+000
2.291664959586514e-008	1.032558e-002	1.000000e+000
2.320961834586514e-008	1.318507e-002	1.000000e+000
2.350258709586514e-008	1.669759e-002	1.000000e+000
2.379555584586514e-008	2.097367e-002	1.000000e+000
2.408852459586515e-008	2.613300e-002	1.000000e+000
2.438149334586515e-008	3.230290e-002	1.000000e+000
2.467446209586515e-008	3.961629e-002	1.000000e+000
2.496743084586515e-008	4.820896e-002	1.000000e+000
2.526039959586515e-008	5.821633e-002	1.000000e+000
2.555336834586515e-008	6.976957e-002	1.000000e+000
2.584633709586515e-008	8.299129e-002	1.000000e+000
2.613930584586515e-008	9.799086e-002	1.000000e+000
2.643227459586515e-008	1.148596e-001	1.000000e+000
2.672524334586515e-008	1.336660e-001	1.000000e+000
2.701821209586515e-008	1.544509e-001	1.000000e+000
2.731118084586515e-008	1.772237e-001	1.000000e+000
2.760414959586515e-008	2.019589e-001	1.000000e+000
2.789711834586515e-008	2.285936e-001	1.000000e+000
2.819008709586515e-008	2.570266e-001	1.000000e+000
2.848305584586515e-008	2.871186e-001	1.000000e+000
2.877602459586515e-008	3.186936e-001	1.000000e+000
2.906899334586515e-008	3.515423e-001	1.000000e+000
2.936196209586515e-008	3.854265e-001	1.000000e+000
2.965493084586515e-008	4.200853e-001	1.000000e+000
2.994789959586516e-008	4.552417e-001	1.000000e+000
3.024086834586516e-008	4.906102e-001	1.000000e+000
3.053383709586516e-008	5.259050e-001	1.000000e+000
3.082680584586516e-008	5.608474e-001	1.000000e+000
3.111977459586516e-008	5.951740e-001	1.000000e+000
3.141274334586516e-008	6.286422e-001	1.000000e+000
3.170571209586516e-008	6.610364e-001	1.000000e+000
3.199868084586516e-008	6.921710e-001	1.000000e+000
3.229164959586516e-008	7.218930e-001	1.000000e+000
3.258461834586516e-008	7.500824e-001	1.000000e+000
3.287758709586516e-008	7.766507e-001	1.000000e+000
3.317055584586516e-008	8.015390e-001	1.000000e+000
3.346352459586516e-008	8.247139e-001	1.000000e+000
3.375649334586516e-008	8.461637e-001	1.000000e+000
3.404946209586516e-008	8.658943e-001	1.000000e+000
3.434243084586516e-008	8.839247e-001	1.000000e+000
3.463539959586516e-008	9.002841e-001	1.000000e+000
3.492836834586516e-008	9.150089e-001	1.000000e+000
3.522133709586516e-008	9.281425e-001	1.000000e+000
3.551430584586516e-008	9.397346e-001	1.000000e+000
3.580727459586517e-008	9.498422e-001	1.000000e+000
3.610024334586517e-008	9.585321e-001	1.000000e+000
3.639321209586517e-008	9.658827e-001	1.000000e+000
3.668618084586517e-008	9.719867e-001	1.000000e+000
3.697914959586517e-008	9.769528e-001	1.000000e+000
3.727211834586517e-008	9.809062e-001	1.000000e+000
3.756508709586517e-008	9.839882e-001	1.000000e+000
3.785805584586517e-008	9.863534e-001	1.000000e+000
3.815102459586517e-008	9.881662e-001	1.000000e+000
3.844399334586517e-008	9.895942e-001	1.000000e+000
3.873696209586517e-008	9.908015e-001	1.000000e+000
3.902993084586517e-008	9.919406e-001	1.000000e+000
3.932289959586517e-008	9.931445e-001	1.000000e+000
3.961586834586517e-008	9.945191e-001	1.000000e+000
3.990883709586517e-008	9.961370e-001	1.000000e+000
4.020180584586517e-008	9.980339e-001	1.000000e+000
4.049477459586517e-008	1.000207e+000	1.000000e+000
4.078774334586517e-008	1.002617e+000	1.000000e+000
4.108071209586517e-008	1.005190e+000	1.000000e+000
4.137368084586517e-008	1.007831e+000	1.000000e+000
4.166664959586518e-008	1.010427e+000	1.000000e+000
4.195961834586518e-008	1.012860e+000	1.000000e+000
4.225258709586518e-008	1.015019e+000	1.000000e+000
4.254555584586518e-008	1.016812e+000	1.000000e+000
4.283852459586518e-008	1.018171e+000	1.000000e+000
4.313149334586518e-008	1.019065e+000	1.000000e+000
4.342446209586518e-008	1.019495e+000	1.000000e+000
4.371743084586518e-008	1.019503e+000	1.000000e+000
4.401039959586518e-008	1.019161e+000	1.000000e+000
4.430336834586518e-008	1.018568e+000	1.000000e+000
4.459633709586518e-008	1.017839e+000	1.000000e+000
4.488930584586518e-008	1.017094e+000	1.000000e+000
4.518227459586518e-008	1.016447e+000	1.000000e+000
4.547524334586518e-008	1.015994e+000	1.000000e+000
4.576821209586518e-008	1.015804e+000	1.000000e+000
4.606118084586518e-008	1.015915e+000	1.000000e+000
4.635414959586518e-008	1.016327e+000	1.000000e+000
4.664711834586518e-008	1.017009e+000	1.000000e+000
4.694008709586518e-008	1.017896e+000	1.000000e+000
4.723305584586518e-008	1.018903e+000	1.000000e+000
4.752602459586519e-008	1.019933e+000	1.000000e+000
4.781899334586519e-008	1.020887e+000	1.000000e+000
4.811196209586519e-008	1.021675e+000	1.000000e+000
4.840493084586519e-008	1.022229e+000	1.000000e+000
4.869789959586519e-008	1.022505e+000	1.000000e+000
4.899086834586519e-008	1.022492e+000	1.000000e+000
4.928383709586519e-008	1.022210e+000	1.000000e+000
4.957680584586519e-008	1.021708e+000	1.000000e+000
4.986977459586519e-008	1.021057e+000	1.000000e+000
5.016274334586519e-008	1.020342e+000	1.000000e+000
5.045571209586519e-008	1.019652e+000	1.000000e+000
5.074868084586519e-008	1.019068e+000	1.000000e+000
5.104164959586519e-008	1.018657e+000	1.000000e+000
5.133461834586519e-008	1.018461e+000	1.000000e+000
5.162758709586519e-008	1.018498e+000	1.000000e+000
5.192055584586519e-008	1.018752e+000	1.000000e+000
5.221352459586519e-008	1.019187e+000	1.000000e+000
5.250649334586519e-008	1.019741e+000	1.000000e+000
5.279946209586519e-008	1.020343e+000	1.000000e+000
5.309243084586520e-008	1.020916e+000	1.000000e+000
5.338539959586520e-008	1.021389e+000	1.000000e+000
5.367836834586520e-008	1.021706e+000	1.000000e+000
5.397133709586520e-008	1.021832e+000	1.000000e+000
5.426430584586520e-008	1.021755e+000	1.000000e+000
5.455727459586520e-008	1.021488e+000	1.000000e+000
5.485024334586520e-008	1.021069e+000	1.000000e+000
5.514321209586520e-008	1.020552e+000	1.000000e+000
5.543618084586520e-008	1.020002e+000	1.000000e+000
5.572914959586520e-008	1.019485e+000	1.000000e+000
5.602211834586520e-008	1.019062e+000	1.000000e+000
5.631508709586520e-008	1.018779e+000	1.000000e+000
5.660805584586520e-008	1.018662e+000	1.000000e+000
5.690102459586520e-008	1.018717e+000	1.000000e+000
5.719399334586520e-008	1.018927e+000	1.000000e+000
5.748696209586520e-008	1.019253e+000	1.000000e+000
5.777993084586520e-008	1.019647e+000	1.000000e+000
5.807289959586520e-008	1.020049e+000	1.000000e+000
5.836586834586520e-008	1.020403e+000	1.000000e+000
5.865883709586520e-008	1.020659e+000	1.000000e+000
5.895180584586521e-008	1.020783e+000	1.000000e+000
5.924477459586521e-008	1.020757e+000	1.000000e+000
5.953774334586521e-008	1.020584e+000	1.000000e+000
5.983071209586521e-008	1.020288e+000	1.000000e+000
6.012368084586520e-008	1.019907e+000	1.000000e+000
6.041664959586519e-008	1.019488e+000	1.000000e+000
6.070961834586519e-008	1.019084e+000	1.000000e+000
6.100258709586518e-008	1.018743e+000	1.000000e+000
6.129555584586518e-008	1.018503e+000	1.000000e+000
6.158852459586517e-008	1.018389e+000	1.000000e+000
6.188149334586516e-008	1.018408e+000	1.000000e+000
6.217446209586516e-008	1.018549e+000	1.000000e+000
6.246743084586515e-008	1.018784e+000	1.000000e+000
6.276039959586515e-008	1.019076e+000	1.000000e+000
6.305336834586514e-008	1.019379e+000	1.000000e+000
6.334633709586513e-008	1.019651e+000	1.000000e+000
6.363930584586513e-008	1.019853e+000	1.000000e+000
6.393227459586512e-008	1.019958e+000	1.000000e+000
6.422524334586511e-008	1.019956e+000	1.000000e+000
6.451821209586511e-008	1.019852e+000	1.000000e+000
6.481118084586510e-008	1.019666e+000	1.000000e+000
6.510414959586510e-008	1.019432e+000	1.000000e+000
6.539711834586509e-008	1.019192e+000	1.000000e+000
6.569008709586508e-008	1.018989e+000	1.000000e+000
6.598305584586508e-008	1.018866e+000	1.000000e+000
6.627602459586507e-008	1.018856e+000	1.000000e+000
6.656899334586507e-008	1.018983e+000	1.000000e+000
6.686196209586506e-008	1.019254e+000	1.000000e+000
6.715493084586505e-008	1.019666e+000	1.000000e+000
6.744789959586505e-008	1.020204e+000	1.000000e+000
6.774086834586504e-008	1.020845e+000	1.000000e+000
6.803383709586504e-008	1.021565e+000	1.000000e+000
6.832680584586503e-008	1.022342e+000	1.000000e+000
6.861977459586502e-008	1.023162e+000	1.000000e+000
6.891274334586502e-008	1.024024e+000	1.000000e+000
6.920571209586501e-008	1.024940e+000	1.000000e+000
6.949868084586500e-008	1.025937e+000	1.000000e+000
6.979164959586500e-008	1.027056e+000	1.000000e+000
7.008461834586499e-008	1.028348e+000	1.000000e+000
7.037758709586499e-008	1.029871e+000	1.000000e+000
7.067055584586498e-008	1.031685e+000	1.000000e+000
7.096352459586497e-008	1.033846e+000	1.000000e+000
7.125649334586497e-008	1.036404e+000	1.000000e+000
7.154946209586496e-008	1.039396e+000	1.000000e+000
7.184243084586496e-008	1.042850e+000	1.000000e+000
7.213539959586495e-008	1.046782e+000	1.000000e+000
7.242836834586494e-008	1.051199e+000	1.000000e+000
7.272133709586494e-008	1.056102e+000	1.000000e+000
7.301430584586493e-008	1.061486e+000	1.000000e+000
7.330727459586493e-008	1.067350e+000	1.000000e+000
7.360024334586492e-008	1.073694e+000	1.000000e+000
7.389321209586491e-008	1.080522e+000	1.000000e+000
7.418618084586491e-008	1.087845e+000	1.000000e+000
7.447914959586490e-008	1.095675e+000	1.000000e+000
7.477211834586489e-008	1.104026e+000	1.000000e+000
7.506508709586489e-008	1.112908e+000	1.000000e+000
7.535805584586488e-008	1.122321e+000	1.000000e+000
7.565102459586488e-008	1.132254e+000	1.000000e+000
7.594399334586487e-008	1.142678e+000	1.000000e+000
7.623696209586486e-008	1.153543e+000	1.000000e+000
7.652993084586486e-008	1.164777e+000	1.000000e+000
7.682289959586485e-008	1.176285e+000	1.000000e+000
7.711586834586485e-008	1.187955e+000	1.000000e+000
7.740883709586484e-008	1.199655e+000	1.000000e+000
7.770180584586483e-008	1.211243e+000	1.000000e+000
7.799477459586483e-008	1.222568e+000	1.000000e+000
7.828774334586482e-008	1.233478e+000	1.000000e+000
7.858071209586482e-008	1.243820e+000	1.000000e+000
7.887368084586481e-008	1.253452e+000	1.000000e+000
7.916664959586480e-008	1.262237e+000	1.000000e+000
7.945961834586480e-008	1.270048e+000	1.000000e+000
7.975258709586479e-008	1.276773e+000	1.000000e+000
8.004555584586478e-008	1.282306e+000	1.000000e+000
8.033852459586478e-008	1.286556e+000	1.000000e+000
8.063149334586477e-008	1.289443e+000	1.000000e+000
8.092446209586477e-008	1.290896e+000	1.000000e+000
8.121743084586476e-008	1.290859e+000	1.000000e+000
8.151039959586475e-008	1.289293e+000	1.000000e+000
8.180336834586475e-008	1.286174e+000	1.000000e+000
8.209633709586474e-008	1.281502e+000	1.000000e+000
8.238930584586474e-008	1.275299e+000	1.000000e+000
8.268227459586473e-008	1.267618e+000	1.000000e+000
8.297524334586472e-008	1.258539e+000	1.000000e+000
8.326821209586472e-008	1.248174e+000	1.000000e+000
8.356118084586471e-008	1.236665e+000	1.000000e+000
8.385414959586471e-008	1.224177e+000	1.000000e+000
8.414711834586470e-008	1.210900e+000	1.000000e+000
8.444008709586469e-008	1.197038e+000	1.000000e+000
8.473305584586469e-008	1.182805e+000	1.000000e+000
8.502602459586468e-008	1.168415e+000	1.000000e+000
8.531899334586467e-008	1.154074e+000	1.000000e+000
8.561196209586467e-008	1.139977e+000	1.000000e+000
8.590493084586466e-008	1.126299e+000	1.000000e+000
8.619789959586466e-008	1.113189e+000	1.000000e+000
8.649086834586465e-008	1.100772e+000	1.000000e+000
8.678383709586464e-008	1.089146e+000	1.000000e+000
8.707680584586464e-008	1.078382e+000	1.000000e+000
8.736977459586463e-008	1.068525e+000	1.000000e+000
8.766274334586463e-008	1.059598e+000	1.000000e+000
8.795571209586462e-008	1.051604e+000	1.000000e+000
8.824868084586461e-008	1.044527e+000	1.000000e+000
8.854164959586461e-008	1.038338e+000	1.000000e+000
8.883461834586460e-008	1.032995e+000	1.000000e+000
8.912758709586460e-008	1.028444e+000	1.000000e+000
8.942055584586459e-008	1.024623e+000	1.000000e+000
8.971352459586458e-008	1.021460e+000	1.000000e+000
9.000649334586458e-008	1.018879e+000	1.000000e+000
9.029946209586457e-008	1.016795e+000	1.000000e+000
9.059243084586456e-008	1.015123e+000	1.000000e+000
9.088539959586456e-008	1.013776e+000	1.000000e+000
9.117836834586455e-008	1.012669e+000	1.000000e+000
9.147133709586455e-008	1.011723e+000	1.000000e+000
9.176430584586454e-008	1.010867e+000	1.000000e+000
9.205727459586453e-008	1.010042e+000	1.000000e+000
9.228343395018538e-008	1.009398e+000	1.000000e+000
9.246952550453314e-008	1.008847e+000	1.000000e+000
9.265511472791270e-008	1.008268e+000	1.000000e+000
9.285458353088946e-008	1.007609e+000	1.000000e+000
9.310398220773711e-008	1.006728e+000	1.000000e+000
9.339239593040992e-008	1.005638e+000	1.000000e+000
9.368536468040991e-008	1.004459e+000	1.000000e+000
9.397833343040991e-008	1.003220e+000	1.000000e+000
9.427130218040990e-008	1.001938e+000	1.000000e+000
9.456427093040989e-008	1.000630e+000	1.000000e+000
9.477261093816980e-008	9.996924e-001	1.000000e+000
9.495159587855790e-008	9.988862e-001	1.000000e+000
9.514143374829951e-008	9.980343e-001	1.000000e+000
9.534139205511295e-008	9.971436e-001	1.000000e+000
9.558662142389860e-008	9.960627e-001	1.000000e+000
9.585351170477934e-008	9.949030e-001	1.000000e+000
9.614648045477934e-008	9.936528e-001	1.000000e+000
9.643944920477933e-008	9.924310e-001	1.000000e+000
9.673241795477932e-008	9.912453e-001	1.000000e+000
9.702538670477932e-008	9.901059e-001	1.000000e+000
9.729995863009926e-008	9.890935e-001	1.000000e+000
9.755424231115992e-008	9.882193e-001	1.000000e+000
9.778752075139484e-008	9.874871e-001	1.000000e+000
9.802565571803659e-008	9.868297e-001	1.000000e+000
9.831862446803659e-008	9.861555e-001	1.000000e+000
9.859772350172297e-008	9.856669e-001	1.000000e+000
9.888332456507248e-008	9.853479e-001	1.000000e+000
9.917629331507248e-008	9.852134e-001	1.000000e+000
9.945392989001143e-008	9.852642e-001	1.000000e+000
9.970974918016397e-008	9.854605e-001	1.000000e+000
9.995471947277970e-008	9.857681e-001	1.000000e+000
1.001855575307099e-007	9.861488e-001	1.000000e+000
1.004719211595600e-007	9.867017e-001	1.000000e+000
1.007648899095600e-007	9.873074e-001	1.000000e+000
1.010578586595600e-007	9.879041e-001	1.000000e+000
1.013508274095600e-007	9.884439e-001	1.000000e+000
1.015809322071375e-007	9.887916e-001	1.000000e+000
1.018136809120973e-007	9.890403e-001	1.000000e+000
1.020795041733117e-007	9.891815e-001	1.000000e+000
1.023724729233117e-007	9.891675e-001	1.000000e+000
1.025900609314078e-007	9.890286e-001	1.000000e+000
1.028081178097798e-007	9.887673e-001	1.000000e+000
1.030466873491340e-007	9.883683e-001	1.000000e+000
1.032588033237658e-007	9.879289e-001	1.000000e+000
1.034323674286014e-007	9.875138e-001	1.000000e+000
1.036257309405320e-007	9.870073e-001	1.000000e+000
1.038058174584540e-007	9.865093e-001	1.000000e+000
1.040785806557228e-007	9.857389e-001	1.000000e+000
1.043315535023408e-007	9.850398e-001	1.000000e+000
1.045782317254300e-007	9.844022e-001	1.000000e+000
1.048014040772271e-007	9.838898e-001	1.000000e+000
1.050285310089884e-007	9.834589e-001	1.000000e+000
1.053004605942531e-007	9.830742e-001	1.000000e+000
1.055555067730023e-007	9.828606e-001	1.000000e+000
1.058484755230023e-007	9.827952e-001	1.000000e+000
1.060918709222356e-007	9.828824e-001	1.000000e+000
1.063073636633581e-007	9.830764e-001	1.000000e+000
1.065455950397649e-007	9.833999e-001	1.000000e+000
1.067822795690160e-007	9.838117e-001	1.000000e+000
1.070220382340190e-007	9.843014e-001	1.000000e+000
1.072660352979245e-007	9.848478e-001	1.000000e+000
1.075000000000000e-007	9.853931e-001	1.000000e+000
1.075233964702075e-007	9.854482e-001	9.968805e-001
1.075701894106226e-007	9.855580e-001	9.906414e-001
1.076637752914528e-007	9.857742e-001	9.781633e-001
1.078160166260874e-007	9.861131e-001	9.578645e-001
1.080276159370601e-007	9.865499e-001	9.296512e-001
1.082587860443043e-007	9.869674e-001	8.988285e-001
1.084849429126459e-007	9.872984e-001	8.686743e-001
1.086917692800656e-007	9.875095e-001	8.410974e-001
1.089654969483308e-007	9.876464e-001	8.046004e-001
1.092479030990111e-007	9.876292e-001	7.669463e-001
1.094930605072648e-007	9.874715e-001	7.342586e-001
1.097409905021213e-007	9.871786e-001	7.012013e-001
1.099989896649728e-007	9.867551e-001	6.668014e-001
1.102743882185569e-007	9.862034e-001	6.300816e-001
1.105240784231461e-007	9.856449e-001	5.967895e-001
1.107733549769514e-007	9.850656e-001	5.635527e-001
1.110208927742719e-007	9.845088e-001	5.305476e-001
1.112881929576921e-007	9.839730e-001	4.949076e-001
1.115811617076921e-007	9.835061e-001	4.558451e-001
1.118593721658403e-007	9.832162e-001	4.187504e-001
1.121178952683808e-007	9.831135e-001	3.842806e-001
1.123695524833310e-007	9.831745e-001	3.507263e-001
1.125626667657679e-007	9.833384e-001	3.249778e-001
1.127656347842351e-007	9.836219e-001	2.979154e-001
1.129614488495548e-007	9.839903e-001	2.718068e-001
1.131849838897545e-007	9.845095e-001	2.420021e-001
1.134234782281321e-007	9.851501e-001	2.102029e-001
1.136708981116697e-007	9.858783e-001	1.772136e-001
1.139163098797864e-007	9.866281e-001	1.444920e-001
1.141794611878550e-007	9.874212e-001	1.094052e-001
1.144106597091947e-007	9.880739e-001	7.857870e-002
1.146458850307053e-007	9.886746e-001	4.721533e-002
1.147811559626613e-007	9.889732e-001	2.917920e-002
1.150000000000000e-007	9.893954e-001	0.000000e+000
1.150004814574132e-007	9.893962e-001	0.000000e+000
1.150014443722395e-007	9.893978e-001	0.000000e+000
1.150149251798081e-007	9.894195e-001	0.000000e+000
1.150303318170293e-007	9.894438e-001	0.000000e+000
1.150611450914718e-007	9.894903e-001	0.000000e+000
1.151227716403568e-007	9.895754e-001	0.000000e+000
1.152460247381268e-007	9.897151e-001	0.000000e+000
1.154925309336667e-007	9.899094e-001	0.000000e+000
1.157233203950625e-007	9.899991e-001	0.000000e+000
1.159636508016764e-007	9.899998e-001	0.000000e+000
1.162217341181987e-007	9.899333e-001	0.000000e+000
1.164620051706675e-007	9.898435e-001	0.000000e+000
1.166694481855200e-007	9.897740e-001	0.000000e+000
1.168678213044634e-007	9.897453e-001	0.000000e+000
1.170804162394004e-007	9.897765e-001	0.000000e+000
1.172358604710071e-007	9.898535e-001	0.000000e+000
1.173504020038358e-007	9.899530e-001	0.000000e+000
1.174668519174288e-007	9.900977e-001	0.000000e+000
1.175950661462377e-007	9.903106e-001	0.000000e+000
1.177521334901483e-007	9.906522e-001	0.000000e+000
1.179385777250400e-007	9.911779e-001	0.000000e+000
1.181593682715475e-007	9.919747e-001	0.000000e+000
1.184109229780231e-007	9.931068e-001	0.000000e+000
1.186666009385770e-007	9.944807e-001	0.000000e+000
1.188534539613755e-007	9.956352e-001	0.000000e+000
1.190548355179754e-007	9.970163e-001	0.000000e+000
1.192441908308104e-007	9.984222e-001	0.000000e+000
1.194829110213872e-007	1.000313e+000	0.000000e+000
1.197240306592924e-007	1.002319e+000	0.000000e+000
1.200093664256973e-007	1.004772e+000	0.000000e+000
1.202386076785588e-007	1.006774e+000	0.000000e+000
1.204070700381233e-007	1.008250e+000	0.000000e+000
1.205743342287774e-007	1.009709e+000	0.000000e+000
1.207424685268683e-007	1.011161e+000	0.000000e+000
1.209508665588551e-007	1.012937e+000	0.000000e+000
1.211400237671143e-007	1.014526e+000	0.000000e+000
1.213375448303422e-007	1.016161e+000	0.000000e+000
1.215861906830312e-007	1.018196e+000	0.000000e+000
1.218242879756651e-007	1.020137e+000	0.000000e+000
1.220654335401384e-007	1.022114e+000	0.000000e+000
1.222993625541456e-007	1.024068e+000	0.000000e+000
1.225342162465138e-007	1.026085e+000	0.000000e+000
1.227368523474875e-007	1.027889e+000	0.000000e+000
1.229398983860240e-007	1.029772e+000	0.000000e+000
1.231484718859441e-007	1.031796e+000	0.000000e+000
1.233831559529305e-007	1.034178e+000	0.000000e+000
1.235793279120569e-007	1.036258e+000	0.000000e+000
1.237900979173159e-007	1.038584e+000	0.000000e+000
1.240088457758050e-007	1.041077e+000	0.000000e+000
1.242158685103135e-007	1.043495e+000	0.000000e+000
1.244262233831685e-007	1.045987e+000	0.000000e+000
1.246114525351765e-007	1.048188e+000	0.000000e+000
1.247847018190669e-007	1.050233e+000	0.000000e+000
1.249590265191811e-007	1.052250e+000	0.000000e+000
1.251745742309967e-007	1.054656e+000	0.000000e+000
1.253911236887803e-007	1.056941e+000	0.000000e+000
1.256217670631070e-007	1.059176e+000	0.000000e+000
1.258498953041890e-007	1.061145e+000	0.000000e+000
1.260645386460176e-007	1.062721e+000	0.000000e+000
1.262959736326799e-007	1.064086e+000	0.000000e+000
1.265107494562346e-007	1.065005e+000	0.000000e+000
1.267416164619070e-007	1.065580e+000	0.000000e+000
1.269729513384722e-007	1.065726e+000	0.000000e+000
1.271824121593331e-007	1.065454e+000	0.000000e+000
1.273933388272003e-007	1.064771e+000	0.000000e+000
1.275987575952296e-007	1.063714e+000	0.000000e+000
1.277983385513210e-007	1.062308e+000	0.000000e+000
1.279998694247048e-007	1.060505e+000	0.000000e+000
1.282045128875814e-007	1.058265e+000	0.000000e+000
1.284493225541992e-007	1.055099e+000	0.000000e+000
1.286478131374930e-007	1.052131e+000	0.000000e+000
1.288588178910701e-007	1.048538e+000	0.000000e+000
1.290843661564188e-007	1.044248e+000	0.000000e+000
1.292875120582482e-007	1.039964e+000	0.000000e+000
1.295035099593813e-007	1.034932e+000	0.000000e+000
1.297477394517488e-007	1.028720e+000	0.000000e+000
1.299217619368664e-007	1.023926e+000	0.000000e+000
1.300847622428004e-007	1.019102e+000	0.000000e+000
1.302485418195934e-007	1.013921e+000	0.000000e+000
1.304563488262540e-007	1.006884e+000	0.000000e+000
1.306604703650487e-007	9.994507e-001	0.000000e+000
1.308915685590817e-007	9.903650e-001	0.000000e+000
1.311224554849828e-007	9.805735e-001	0.000000e+000
1.313428053640274e-007	9.705163e-001	0.000000e+000
1.315463125066144e-007	9.605536e-001	0.000000e+000
1.317619627198814e-007	9.492580e-001	0.000000e+000
1.319906322280262e-007	9.364802e-001	0.000000e+000
1.322056372514741e-007	9.236850e-001	0.000000e+000
1.324248488484546e-007	9.098262e-001	0.000000e+000
1.326488333014456e-007	8.948386e-001	0.000000e+000
1.328705201798316e-007	8.791710e-001	0.000000e+000
1.331079116594236e-007	8.615217e-001	0.000000e+000
1.333188777425428e-007	8.450754e-001	0.000000e+000
1.335506794529835e-007	8.261898e-001	0.000000e+000
1.337792206354551e-007	8.068168e-001	0.000000e+000
1.339983368803767e-007	7.875500e-001	0.000000e+000
1.342183586121637e-007	7.675515e-001	0.000000e+000
1.344494665355032e-007	7.459183e-001	0.000000e+000
1.346616766183889e-007	7.255203e-001	0.000000e+000
1.348864887316795e-007	7.033884e-001	0.000000e+000
1.351170123776606e-007	6.802360e-001	0.000000e+000
1.352971222959702e-007	6.618422e-001	0.000000e+000
1.354620039204516e-007	6.447729e-001	0.000000e+000
1.356273876483094e-007	6.274586e-001	0.000000e+000
1.358273343914179e-007	6.063139e-001	0.000000e+000
1.360526243239428e-007	5.822722e-001	0.000000e+000
1.363056343841433e-007	5.550696e-001	0.000000e+000
1.365621337216820e-007	5.273563e-001	0.000000e+000
1.368134793689980e-007	5.001490e-001	0.000000e+000
1.370215902208550e-007	4.776504e-001	0.000000e+000
1.372305950697757e-007	4.551493e-001	0.000000e+000
1.374431408425490e-007	4.324272e-001	0.000000e+000
1.376606354356405e-007	4.094110e-001	0.000000e+000
1.378821494130295e-007	3.862846e-001	0.000000e+000
1.381030831670370e-007	3.636513e-001	0.000000e+000
1.383960519170370e-007	3.343421e-001	0.000000e+000
1.386441211035427e-007	3.102060e-001	0.000000e+000
1.388561295437136e-007	2.902355e-001	0.000000e+000
1.390836429431011e-007	2.695669e-001	0.000000e+000
1.393525140431790e-007	2.461155e-001	0.000000e+000
1.396070589247188e-007	2.248998e-001	0.000000e+000
1.398366046653085e-007	2.066902e-001	0.000000e+000
1.400690277852824e-007	1.891547e-001	0.000000e+000
1.402896403897506e-007	1.733371e-001	0.000000e+000
1.405120727952753e-007	1.582003e-001	0.000000e+000
1.407302496785232e-007	1.441671e-001	0.000000e+000
1.410113635141529e-007	1.271430e-001	0.000000e+000
1.412787657647125e-007	1.119259e-001	0.000000e+000
1.415227473855563e-007	9.887438e-002	0.000000e+000
1.417257524143654e-007	8.861677e-002	0.000000e+000
1.419290127579653e-007	7.888909e-002	0.000000e+000
1.421530533312150e-007	6.871940e-002	0.000000e+000
1.423697734237384e-007	5.940359e-002	0.000000e+000
1.425832101066686e-007	5.073792e-002	0.000000e+000
1.428006796596118e-007	4.241683e-002	0.000000e+000
1.430193146484587e-007	3.456268e-002	0.000000e+000
1.432375495595400e-007	2.728762e-002	0.000000e+000
1.435305183095400e-007	1.835695e-002	0.000000e+000
1.438225306055660e-007	1.037328e-002	0.000000e+000
1.441154993555660e-007	3.370097e-003	0.000000e+000
1.444084681055660e-007	-2.634264e-003	0.000000e+000
1.446760577118707e-007	-7.251363e-003	0.000000e+000
1.449150132254562e-007	-1.065403e-002	0.000000e+000
1.451590846679938e-007	-1.347118e-002	0.000000e+000
1.453925482449219e-007	-1.561156e-002	0.000000e+000
1.456156503377465e-007	-1.719355e-002	0.000000e+000
1.458329239949191e-007	-1.835716e-002	0.000000e+000
1.460508570574082e-007	-1.922279e-002	0.000000e+000
1.462552667375882e-007	-1.980939e-002	0.000000e+000
1.465482354875882e-007	-2.042416e-002	0.000000e+000
1.468308575268525e-007	-2.091073e-002	0.000000e+000
1.470492895299701e-007	-2.128128e-002	0.000000e+000
1.472674455810577e-007	-2.171420e-002	0.000000e+000
1.474916911787708e-007	-2.226851e-002	0.000000e+000
1.477071168214691e-007	-2.293390e-002	0.000000e+000
1.479245030511670e-007	-2.375180e-002	0.000000e+000
1.481360357516625e-007	-2.468946e-002	0.000000e+000
1.483647026618346e-007	-2.584726e-002	0.000000e+000
1.486576714118347e-007	-2.747320e-002	0.000000e+000
1.489317261436715e-007	-2.906242e-002	0.000000e+000
1.491722184796427e-007	-3.044319e-002	0.000000e+000
1.494272626001265e-007	-3.180727e-002	0.000000e+000
1.496799166495121e-007	-3.299388e-002	0.000000e+000
1.498851995842619e-007	-3.377898e-002	0.000000e+000
1.501012724170836e-007	-3.439061e-002	0.000000e+000
1.503027801982722e-007	-3.474411e-002	0.000000e+000
1.505253101406775e-007	-3.488246e-002	0.000000e+000
1.507388079489310e-007	-3.477598e-002	0.000000e+000
1.509561998839729e-007	-3.443547e-002	0.000000e+000
1.511772080457661e-007	-3.387466e-002	0.000000e+000
1.514701767957661e-007	-3.290498e-002	0.000000e+000
1.517269153658707e-007	-3.193371e-002	0.000000e+000
1.519689580516926e-007	-3.098669e-002	0.000000e+000
1.522213803875339e-007	-3.005752e-002	0.000000e+000
1.524354891256778e-007	-2.937771e-002	0.000000e+000
1.526275142874770e-007	-2.890064e-002	0.000000e+000
1.528066418129222e-007	-2.859729e-002	0.000000e+000
1.529819613368235e-007	-2.844974e-002	0.000000e+000
1.531546979772677e-007	-2.846881e-002	0.000000e+000
1.533762598650898e-007	-2.873747e-002	0.000000e+000
1.536649742840384e-007	-2.942933e-002	0.000000e+000
1.539579430340384e-007	-3.044928e-002	0.000000e+000
1.541574635343905e-007	-3.130851e-002	0.000000e+000
1.542896978295224e-007	-3.194690e-002	0.000000e+000
1.544504362459612e-007	-3.276495e-002	0.000000e+000
1.546342776557156e-007	-3.371586e-002	0.000000e+000
1.548119420283442e-007	-3.462083e-002	0.000000e+000
1.549958695986106e-007	-3.550963e-002	0.000000e+000
1.551814804334944e-007	-3.632313e-002	0.000000e+000
1.553769315717886e-007	-3.705977e-002	0.000000e+000
1.555622336227681e-007	-3.761243e-002	0.000000e+000
1.557770485647366e-007	-3.804912e-002	0.000000e+000
1.560109145532108e-007	-3.828049e-002	0.000000e+000
1.562282825919307e-007	-3.824486e-002	0.000000e+000
1.564975435617045e-007	-3.789164e-002	0.000000e+000
1.567643998887665e-007	-3.728648e-002	0.000000e+000
1.569327484376196e-007	-3.677951e-002	0.000000e+000
1.570851182791183e-007	-3.624466e-002	0.000000e+000
1.572512690741864e-007	-3.561469e-002	0.000000e+000
1.574260471182713e-007	-3.492743e-002	0.000000e+000
1.576373450390899e-007	-3.409968e-002	0.000000e+000
1.578508346031553e-007	-3.330459e-002	0.000000e+000
1.580581175013850e-007	-3.260524e-002	0.000000e+000
1.582380978480844e-007	-3.208504e-002	0.000000e+000
1.584330096609402e-007	-3.163336e-002	0.000000e+000
1.586285194571044e-007	-3.130306e-002	0.000000e+000
1.588250900329077e-007	-3.110171e-002	0.000000e+000
1.590228661440500e-007	-3.103303e-002	0.000000e+000
1.592532216678193e-007	-3.109325e-002	0.000000e+000
1.594241744460539e-007	-3.122529e-002	0.000000e+000
1.595963182941167e-007	-3.142748e-002	0.000000e+000
1.597713587463100e-007	-3.167990e-002	0.000000e+000
1.599769922548972e-007	-3.200850e-002	0.000000e+000
1.601871868275685e-007	-3.234887e-002	0.000000e+000
1.604101287782912e-007	-3.268352e-002	0.000000e+000
1.606163350664887e-007	-3.293893e-002	0.000000e+000
1.608419768796475e-007	-3.313322e-002	0.000000e+000
1.610618821968038e-007	-3.322834e-002	0.000000e+000
1.612328513922865e-007	-3.322569e-002	0.000000e+000
1.614060540639726e-007	-3.314348e-002	0.000000e+000
1.616481730488071e-007	-3.293006e-002	0.000000e+000
1.618213685044732e-007	-3.271446e-002	0.000000e+000
1.620176003950182e-007	-3.241051e-002	0.000000e+000
1.622437918667930e-007	-3.201853e-002	0.000000e+000
1.624681846314033e-007	-3.161325e-002	0.000000e+000
1.626878956073943e-007	-3.122862e-002	0.000000e+000
1.629100492951284e-007	-3.087939e-002	0.000000e+000
1.631256304683428e-007	-3.059727e-002	0.000000e+000
1.633059504588522e-007	-3.041960e-002	0.000000e+000
1.635033699251949e-007	-3.029170e-002	0.000000e+000
1.636768599139966e-007	-3.023675e-002	0.000000e+000
1.638678092711527e-007	-3.023734e-002	0.000000e+000
1.640823556858094e-007	-3.029464e-002	0.000000e+000
1.642710373287839e-007	-3.038118e-002	0.000000e+000
1.644587647556952e-007	-3.048407e-002	0.000000e+000
1.646850909746910e-007	-3.059817e-002	0.000000e+000
1.649120912827677e-007	-3.067025e-002	0.000000e+000
1.651178813343812e-007	-3.066935e-002	0.000000e+000
1.653029092230872e-007	-3.058786e-002	0.000000e+000
1.654924509039510e-007	-3.040727e-002	0.000000e+000
1.656736271114142e-007	-3.013060e-002	0.000000e+000
1.658609674584616e-007	-2.972287e-002	0.000000e+000
1.660801907339700e-007	-2.909684e-002	0.000000e+000
1.662847744149496e-007	-2.837189e-002	0.000000e+000
1.664988282609246e-007	-2.748049e-002	0.000000e+000
1.666617896989168e-007	-2.671843e-002	0.000000e+000
1.668462981759622e-007	-2.578059e-002	0.000000e+000
1.670559668110778e-007	-2.465826e-002	0.000000e+000
1.673100508634960e-007	-2.326873e-002	0.000000e+000
1.675661587175098e-007	-2.189187e-002	0.000000e+000
1.678082817194620e-007	-2.066251e-002	0.000000e+000
1.680146905683005e-007	-1.971213e-002	0.000000e+000
1.682232531237460e-007	-1.887661e-002	0.000000e+000
1.684421563922193e-007	-1.813633e-002	0.000000e+000
1.685983982691723e-007	-1.771235e-002	0.000000e+000
1.688022575797761e-007	-1.728820e-002	0.000000e+000
1.689597052109359e-007	-1.704985e-002	0.000000e+000
1.691272102900269e-007	-1.689244e-002	0.000000e+000
1.693674285733034e-007	-1.678876e-002	0.000000e+000
1.696350592385518e-007	-1.678272e-002	0.000000e+000
1.699033356718286e-007	-1.683771e-002	0.000000e+000
1.701963044218286e-007	-1.689206e-002	0.000000e+000
1.704193928705497e-007	-1.687512e-002	0.000000e+000
1.706456671636348e-007	-1.675890e-002	0.000000e+000
1.708662772076137e-007	-1.652345e-002	0.000000e+000
1.710960324456811e-007	-1.614178e-002	0.000000e+000
1.712707968032019e-007	-1.575128e-002	0.000000e+000
1.714297444826101e-007	-1.530480e-002	0.000000e+000
1.716867291661409e-007	-1.444867e-002	0.000000e+000
1.719594194658950e-007	-1.342320e-002	0.000000e+000
1.722523882158950e-007	-1.224989e-002	0.000000e+000
1.725341600527982e-007	-1.112935e-002	0.000000e+000
1.727082280467048e-007	-1.048470e-002	0.000000e+000
1.728738930268106e-007	-9.946785e-003	0.000000e+000
1.730600226350272e-007	-9.455350e-003	0.000000e+000
1.732655301287615e-007	-9.083681e-003	0.000000e+000
1.735059545367377e-007	-8.914729e-003	0.000000e+000
1.737708988089188e-007	-9.100136e-003	0.000000e+000
1.740638675589188e-007	-9.766977e-003	0.000000e+000
1.743116674953260e-007	-1.073734e-002	0.000000e+000
1.745547053527507e-007	-1.206985e-002	0.000000e+000
1.747744684596203e-007	-1.357833e-002	0.000000e+000
1.749796412248300e-007	-1.524253e-002	0.000000e+000
1.751894644811033e-007	-1.718316e-002	0.000000e+000
1.754254611959588e-007	-1.961423e-002	0.000000e+000
1.756623665824636e-007	-2.228278e-002	0.000000e+000
1.758808601330259e-007	-2.493569e-002	0.000000e+000
1.761020761558682e-007	-2.779662e-002	0.000000e+000
1.763331588214628e-007	-3.095430e-002	0.000000e+000
1.765674184697747e-007	-3.431781e-002	0.000000e+000
1.767703685960129e-007	-3.737377e-002	0.000000e+000
1.769983130872936e-007	-4.097151e-002	0.000000e+000
1.772286344139336e-007	-4.477720e-002	0.000000e+000
1.774254860097556e-007	-4.818731e-002	0.000000e+000
1.776307706395178e-007	-5.191916e-002	0.000000e+000
1.778474017114977e-007	-5.606015e-002	0.000000e+000
1.780860950638529e-007	-6.086808e-002	0.000000e+000
1.783073902245727e-007	-6.556763e-002	0.000000e+000
1.785220643593950e-007	-7.036997e-002	0.000000e+000
1.787386478413193e-007	-7.547720e-002	0.000000e+000
1.790207764343489e-007	-8.248492e-002	0.000000e+000
1.792839237594627e-007	-8.934207e-002	0.000000e+000
1.794928740940519e-007	-9.502886e-002	0.000000e+000
1.797022646800821e-007	-1.009410e-001	0.000000e+000
1.799284891529905e-007	-1.075291e-001	0.000000e+000
1.801441550795677e-007	-1.139875e-001	0.000000e+000
1.803743915668421e-007	-1.210603e-001	0.000000e+000
1.806294530283005e-007	-1.290705e-001	0.000000e+000
1.808639720698020e-007	-1.365714e-001	0.000000e+000
1.810415468051924e-007	-1.423366e-001	0.000000e+000
1.812356611668197e-007	-1.487146e-001	0.000000e+000
1.814414544473623e-007	-1.555418e-001	0.000000e+000
1.816438957036221e-007	-1.623145e-001	0.000000e+000
1.818632852946616e-007	-1.697040e-001	0.000000e+000
1.820766700268909e-007	-1.769252e-001	0.000000e+000
1.822590071313889e-007	-1.831117e-001	0.000000e+000
1.824431992131431e-007	-1.893640e-001	0.000000e+000
1.825990167108046e-007	-1.946449e-001	0.000000e+000
1.827436195791579e-007	-1.995255e-001	0.000000e+000
1.829580339298819e-007	-2.067086e-001	0.000000e+000
1.831806577275350e-007	-2.140812e-001	0.000000e+000
1.833773710981453e-007	-2.204876e-001	0.000000e+000
1.835750207801588e-007	-2.267974e-001	0.000000e+000
1.837224158934239e-007	-2.313937e-001	0.000000e+000
1.838899701187466e-007	-2.364782e-001	0.000000e+000
1.840587433886578e-007	-2.414456e-001	0.000000e+000
1.842175069062393e-007	-2.459354e-001	0.000000e+000
1.844370345178696e-007	-2.518474e-001	0.000000e+000
1.846408859716397e-007	-2.570060e-001	0.000000e+000
1.848741441647381e-007	-2.624992e-001	0.000000e+000
1.850378524220011e-007	-2.660655e-001	0.000000e+000
1.852065660117792e-007	-2.694651e-001	0.000000e+000
1.853226736761403e-007	-2.716369e-001	0.000000e+000
1.854544774149647e-007	-2.739093e-001	0.000000e+000
1.856139556251463e-007	-2.764366e-001	0.000000e+000
1.857460635263820e-007	-2.783290e-001	0.000000e+000
1.859083079728301e-007	-2.803853e-001	0.000000e+000
1.860876738026326e-007	-2.823401e-001	0.000000e+000
1.862982425981632e-007	-2.842346e-001	0.000000e+000
1.864849823888888e-007	-2.855515e-001	0.000000e+000
1.866748007710930e-007	-2.865292e-001	0.000000e+000
1.868489580075304e-007	-2.871119e-001	0.000000e+000
1.870346094171852e-007	-2.874048e-001	0.000000e+000
1.872172814104105e-007	-2.873732e-001	0.000000e+000
1.874090764168946e-007	-2.869918e-001	0.000000e+000
1.876147096380728e-007	-2.862262e-001	0.000000e+000
1.877663251668776e-007	-2.854278e-001	0.000000e+000
1.878641528553562e-007	-2.847815e-001	0.000000e+000
1.879661386080634e-007	-2.839937e-001	0.000000e+000
1.880722427983049e-007	-2.830543e-001	0.000000e+000
1.882202171558642e-007	-2.815601e-001	0.000000e+000
1.883561422097648e-007	-2.799947e-001	0.000000e+000
1.885147679223373e-007	-2.779168e-001	0.000000e+000
1.886706088469488e-007	-2.756256e-001	0.000000e+000
1.888116155064641e-007	-2.733117e-001	0.000000e+000
1.889705231458007e-007	-2.704277e-001	0.000000e+000
1.891274331964939e-007	-2.672916e-001	0.000000e+000
1.893052860657438e-007	-2.633887e-001	0.000000e+000
1.894795589869527e-007	-2.592513e-001	0.000000e+000
1.895793777020491e-007	-2.567106e-001	0.000000e+000
1.897079883473781e-007	-2.532360e-001	0.000000e+000
1.898389489725609e-007	-2.494985e-001	0.000000e+000
1.900098074691959e-007	-2.443326e-001	0.000000e+000
1.901863745930010e-007	-2.386831e-001	0.000000e+000
1.903662638013908e-007	-2.326030e-001	0.000000e+000
1.905550480679944e-007	-2.258916e-001	0.000000e+000
1.907757156661668e-007	-2.176813e-001	0.000000e+000
1.910170952598995e-007	-2.083513e-001	0.000000e+000
1.912398605326131e-007	-1.994837e-001	0.000000e+000
1.914722567307940e-007	-1.900556e-001	0.000000e+000
1.916936293456010e-007	-1.810004e-001	0.000000e+000
1.918990670965869e-007	-1.725965e-001	0.000000e+000
1.920343622249092e-007	-1.670980e-001	0.000000e+000
1.921864361625139e-007	-1.609852e-001	0.000000e+000
1.923402266235828e-007	-1.549077e-001	0.000000e+000
1.925666339098454e-007	-1.461772e-001	0.000000e+000
1.927949671567953e-007	-1.376763e-001	0.000000e+000
1.930704035032579e-007	-1.278676e-001	0.000000e+000
1.933042514711458e-007	-1.199603e-001	0.000000e+000
1.935543199805176e-007	-1.119784e-001	0.000000e+000
1.938043649727091e-007	-1.044259e-001	0.000000e+000
1.939855200650612e-007	-9.922583e-002	0.000000e+000
1.941285378819278e-007	-9.529541e-002	0.000000e+000
1.942576049141026e-007	-9.187511e-002	0.000000e+000
1.944051180913716e-007	-8.809615e-002	0.000000e+000
1.945623861065708e-007	-8.421367e-002	0.000000e+000
1.947897763921671e-007	-7.883282e-002	0.000000e+000
1.950568099357716e-007	-7.279117e-002	0.000000e+000
1.953069689451930e-007	-6.738850e-002	0.000000e+000
1.955587629595001e-007	-6.217596e-002	0.000000e+000
1.957474242700241e-007	-5.841693e-002	0.000000e+000
1.959583238790411e-007	-5.436410e-002	0.000000e+000
1.961605261536878e-007	-5.061687e-002	0.000000e+000
1.963852332845223e-007	-4.661438e-002	0.000000e+000
1.965909511943573e-007	-4.311107e-002	0.000000e+000
1.968249321526954e-007	-3.932975e-002	0.000000e+000
1.970612371409601e-007	-3.573417e-002	0.000000e+000
1.972958829397130e-007	-3.241549e-002	0.000000e+000
1.975574674170779e-007	-2.900923e-002	0.000000e+000
1.977830325592547e-007	-2.633207e-002	0.000000e+000
1.980095530368180e-007	-2.390910e-002	0.000000e+000
1.982444230807618e-007	-2.166897e-002	0.000000e+000
1.985011952864744e-007	-1.951802e-002	0.000000e+000
1.987591755420085e-007	-1.765390e-002	0.000000e+000
1.990389088471097e-007	-1.594236e-002	0.000000e+000
1.993318775971097e-007	-1.444377e-002	0.000000e+000
1.996248463471097e-007	-1.320099e-002	0.000000e+000
1.999178150971097e-007	-1.216697e-002	0.000000e+000
2.002089233946947e-007	-1.129376e-002	0.000000e+000
2.004357536334559e-007	-1.070005e-002	0.000000e+000
2.006807814647157e-007	-1.012360e-002	0.000000e+000
2.008949294477323e-007	-9.657843e-003	0.000000e+000
2.011227720262160e-007	-9.192208e-003	0.000000e+000
2.013544672471831e-007	-8.740015e-003	0.000000e+000
2.015816903134795e-007	-8.311878e-003	0.000000e+000
2.018056296969166e-007	-7.900659e-003	0.000000e+000
2.020228270195512e-007	-7.508961e-003	0.000000e+000
2.022210155489759e-007	-7.155917e-003	0.000000e+000
2.024904682889533e-007	-6.678986e-003	0.000000e+000
2.027834370389533e-007	-6.160473e-003	0.000000e+000
2.029683737626700e-007	-5.831325e-003	0.000000e+000
2.031254191942265e-007	-5.549067e-003	0.000000e+000
2.032811474935716e-007	-5.265601e-003	0.000000e+000
2.034644267854102e-007	-4.926583e-003	0.000000e+000
2.036713299905110e-007	-4.537480e-003	0.000000e+000
2.037814838172506e-007	-4.326878e-003	0.000000e+000
2.039030265551982e-007	-4.090999e-003	0.000000e+000
2.040281510783484e-007	-3.844970e-003	0.000000e+000
2.041993541804987e-007	-3.503916e-003	0.000000e+000
2.043955581614624e-007	-3.108805e-003	0.000000e+000
2.046396878357787e-007	-2.614943e-003	0.000000e+000
2.048927218924704e-007	-2.106846e-003	0.000000e+000
2.051307017911763e-007	-1.639223e-003	0.000000e+000
2.053192922735873e-007	-1.281079e-003	0.000000e+000
2.054632507877712e-007	-1.019499e-003	0.000000e+000
2.056113841218159e-007	-7.642905e-004	0.000000e+000
2.057741460620263e-007	-5.012540e-004	0.000000e+000
2.059330225525727e-007	-2.660889e-004	0.000000e+000
2.061465648656332e-007	1.552172e-005	0.000000e+000
2.063495587357090e-007	2.460718e-004	0.000000e+000
2.065555721127617e-007	4.368993e-004	0.000000e+000
2.068015624598329e-007	6.120530e-004	0.000000e+000
2.070469987616544e-007	7.358813e-004	0.000000e+000
2.072839806957139e-007	8.126393e-004	0.000000e+000
2.074714384537343e-007	8.471774e-004	0.000000e+000
2.076731775714905e-007	8.649034e-004	0.000000e+000
2.078596763600317e-007	8.711227e-004	0.000000e+000
2.080680094079390e-007	8.739749e-004	0.000000e+000
2.082584386006721e-007	8.800889e-004	0.000000e+000
2.084672311225123e-007	8.979726e-004	0.000000e+000
2.086731390889247e-007	9.342943e-004	0.000000e+000
2.089100477179362e-007	1.005888e-003	0.000000e+000
2.091554062385107e-007	1.117411e-003	0.000000e+000
2.093950236409514e-007	1.263067e-003	0.000000e+000
2.095434472009542e-007	1.373816e-003	0.000000e+000
2.096798563820938e-007	1.492611e-003	0.000000e+000
2.098746984065980e-007	1.683259e-003	0.000000e+000
2.100722760275823e-007	1.897067e-003	0.000000e+000
2.102947060825595e-007	2.159246e-003	0.000000e+000
2.105473761098171e-007	2.475129e-003	0.000000e+000
2.107891414880429e-007	2.787216e-003	0.000000e+000
2.109781556651533e-007	3.033259e-003	0.000000e+000
2.111267029805874e-007	3.224817e-003	0.000000e+000
2.112691959912044e-007	3.404785e-003	0.000000e+000
2.114119302648537e-007	3.579039e-003	0.000000e+000
2.116214624311148e-007	3.822575e-003	0.000000e+000
2.118306087805035e-007	4.049442e-003	0.000000e+000
2.120506087989610e-007	4.267812e-003	0.000000e+000
2.122386032343230e-007	4.436636e-003	0.000000e+000
2.123964397593313e-007	4.563340e-003	0.000000e+000
2.125654629889821e-007	4.682175e-003	0.000000e+000
2.127860317773362e-007	4.811842e-003	0.000000e+000
2.130617576813499e-007	4.936072e-003	0.000000e+000
2.133547264313500e-007	5.021801e-003	0.000000e+000
2.136476951813500e-007	5.060613e-003	0.000000e+000
2.138726477573100e-007	5.057730e-003	0.000000e+000
2.140497960649195e-007	5.033458e-003	0.000000e+000
2.142174323457412e-007	4.993531e-003	0.000000e+000
2.143855185838680e-007	4.939280e-003	0.000000e+000
2.145399149710338e-007	4.877721e-003	0.000000e+000
2.147338815231834e-007	4.788399e-003	0.000000e+000
2.148825945370623e-007	4.713541e-003	0.000000e+000
2.149836779598093e-007	4.659956e-003	0.000000e+000
2.150979236833184e-007	4.598401e-003	0.000000e+000
2.152437076466171e-007	4.521298e-003	0.000000e+000
2.154180198959880e-007	4.435097e-003	0.000000e+000
2.155974265655137e-007	4.359296e-003	0.000000e+000
2.157990730295970e-007	4.300067e-003	0.000000e+000
2.160429249104194e-007	4.278291e-003	0.000000e+000
2.163125362169492e-007	4.332106e-003	0.000000e+000
2.165734710189187e-007	4.471774e-003	0.000000e+000
2.167499199114960e-007	4.627997e-003	0.000000e+000
2.169143162909062e-007	4.829449e-003	0.000000e+000
2.170954350867875e-007	5.109616e-003	0.000000e+000
2.172928148403232e-007	5.480914e-003	0.000000e+000
2.175199700151131e-007	5.983497e-003	0.000000e+000
2.177463057304483e-007	6.549289e-003	0.000000e+000
2.179415592282560e-007	7.079743e-003	0.000000e+000
2.181673127529888e-007	7.718415e-003	0.000000e+000
2.184009227224705e-007	8.374264e-003	0.000000e+000
2.186416822077284e-007	9.004666e-003	0.000000e+000
2.189086185029835e-007	9.603495e-003	0.000000e+000
2.191549131819057e-007	1.000578e-002	0.000000e+000
2.194478819319057e-007	1.023788e-002	0.000000e+000
2.197408506819057e-007	1.018147e-002	0.000000e+000
2.199802817767254e-007	9.866500e-003	0.000000e+000
2.202502299220630e-007	9.207655e-003	0.000000e+000
2.204936023247142e-007	8.347739e-003	0.000000e+000
2.207735158728792e-007	7.081021e-003	0.000000e+000
2.209834646922646e-007	5.966225e-003	0.000000e+000
2.211473658738016e-007	4.998074e-003	0.000000e+000
2.213002487849036e-007	4.033834e-003	0.000000e+000
2.214753821222804e-007	2.881685e-003	0.000000e+000
2.216604280034807e-007	1.634166e-003	0.000000e+000
2.218956938950592e-007	3.926978e-005	0.000000e+000
2.221078775554546e-007	-1.374861e-003	0.000000e+000
2.223239958261025e-007	-2.759445e-003	0.000000e+000
2.225385107055307e-007	-4.044956e-003	0.000000e+000
2.228231813802459e-007	-5.596729e-003	0.000000e+000
2.231161501302459e-007	-7.019731e-003	0.000000e+000
2.233694977577717e-007	-8.104241e-003	0.000000e+000
2.236271413524185e-007	-9.093318e-003	0.000000e+000
2.238689416431579e-007	-9.962752e-003	0.000000e+000
2.241142722856591e-007	-1.084226e-002	0.000000e+000
2.243979537235897e-007	-1.192830e-002	0.000000e+000
2.246383822001206e-007	-1.297232e-002	0.000000e+000
2.248810366442303e-007	-1.422461e-002	0.000000e+000
2.251740053942303e-007	-1.605411e-002	0.000000e+000
2.254669741442303e-007	-1.827393e-002	0.000000e+000
2.257599428942303e-007	-2.093402e-002	0.000000e+000
2.260529116442304e-007	-2.401202e-002	0.000000e+000
2.262737362707694e-007	-2.660442e-002	0.000000e+000
2.264700061801510e-007	-2.910593e-002	0.000000e+000
2.266823453781456e-007	-3.197410e-002	0.000000e+000
2.269172094245021e-007	-3.527924e-002	0.000000e+000
2.271483667276344e-007	-3.861323e-002	0.000000e+000
2.273820004982754e-007	-4.200924e-002	0.000000e+000
2.275595729138986e-007	-4.457092e-002	0.000000e+000
2.277263016231214e-007	-4.692414e-002	0.000000e+000
2.279429008172135e-007	-4.986349e-002	0.000000e+000
2.282210470836594e-007	-5.341124e-002	0.000000e+000
2.285140158336594e-007	-5.682873e-002	0.000000e+000
2.287988826400887e-007	-5.982275e-002	0.000000e+000
2.289713849777426e-007	-6.143804e-002	0.000000e+000
2.291897353377285e-007	-6.325594e-002	0.000000e+000
2.293915513211231e-007	-6.474932e-002	0.000000e+000
2.296209399036654e-007	-6.624025e-002	0.000000e+000
2.298313080493898e-007	-6.744411e-002	0.000000e+000
2.300150387143438e-007	-6.837160e-002	0.000000e+000
2.302076276512306e-007	-6.923537e-002	0.000000e+000
2.304236223952636e-007	-7.010370e-002	0.000000e+000
2.306194386432159e-007	-7.081510e-002	0.000000e+000
2.307915353737324e-007	-7.138502e-002	0.000000e+000
2.309599105810175e-007	-7.189654e-002	0.000000e+000
2.311495466189278e-007	-7.242399e-002	0.000000e+000
2.313372022501859e-007	-7.289514e-002	0.000000e+000
2.315265821923210e-007	-7.331303e-002	0.000000e+000
2.317079404245241e-007	-7.364845e-002	0.000000e+000
2.318993348854475e-007	-7.392299e-002	0.000000e+000
2.320689924305940e-007	-7.408240e-002	0.000000e+000
2.322495216894961e-007	-7.414596e-002	0.000000e+000
2.324299530595356e-007	-7.408711e-002	0.000000e+000
2.326067673628695e-007	-7.389206e-002	0.000000e+000
2.327748797337870e-007	-7.355727e-002	0.000000e+000
2.329600996350804e-007	-7.300536e-002	0.000000e+000
2.331405987777534e-007	-7.225015e-002	0.000000e+000
2.333900401003575e-007	-7.088238e-002	0.000000e+000
2.335650631884312e-007	-6.967605e-002	0.000000e+000
2.337680750990510e-007	-6.797544e-002	0.000000e+000
2.339634327827579e-007	-6.606873e-002	0.000000e+000
2.341413756802408e-007	-6.408463e-002	0.000000e+000
2.343216649794348e-007	-6.182224e-002	0.000000e+000
2.345461806661013e-007	-5.869834e-002	0.000000e+000
2.347540886260306e-007	-5.552598e-002	0.000000e+000
2.349697662015329e-007	-5.197767e-002	0.000000e+000
2.351083928058384e-007	-4.955860e-002	0.000000e+000
2.352704762741973e-007	-4.659223e-002	0.000000e+000
2.354377210353381e-007	-4.341266e-002	0.000000e+000
2.356184317062839e-007	-3.985545e-002	0.000000e+000
2.358060819620241e-007	-3.604298e-002	0.000000e+000
2.360440939118632e-007	-3.107384e-002	0.000000e+000
2.362540222936166e-007	-2.659410e-002	0.000000e+000
2.364320829103129e-007	-2.272705e-002	0.000000e+000
2.366142881295483e-007	-1.872012e-002	0.000000e+000
2.367476079510259e-007	-1.575961e-002	0.000000e+000
2.369022402842856e-007	-1.229668e-002	0.000000e+000
2.370666950580655e-007	-8.584681e-003	0.000000e+000
2.372581972173344e-007	-4.224594e-003	0.000000e+000
2.374815714440285e-007	9.080172e-004	0.000000e+000
2.376826525228250e-007	5.574056e-003	0.000000e+000
2.378881690638094e-007	1.039286e-002	0.000000e+000
2.381089314211583e-007	1.562298e-002	0.000000e+000
2.383295687938144e-007	2.090192e-002	0.000000e+000
2.385322281650206e-007	2.579270e-002	0.000000e+000
2.387349895025092e-007	3.071749e-002	0.000000e+000
2.389584777362445e-007	3.616274e-002	0.000000e+000
2.391750814620450e-007	4.143587e-002	0.000000e+000
2.393473007563765e-007	4.560534e-002	0.000000e+000
2.395255687153747e-007	4.987591e-002	0.000000e+000
2.397056765775338e-007	5.412138e-002	0.000000e+000
2.398898354865772e-007	5.836002e-002	0.000000e+000
2.400924156446774e-007	6.286462e-002	0.000000e+000
2.403197851947355e-007	6.769378e-002	0.000000e+000
2.405223407980533e-007	7.176366e-002	0.000000e+000
2.406810805250707e-007	7.475082e-002	0.000000e+000
2.408524430069851e-007	7.775167e-002	0.000000e+000
2.410126331041194e-007	8.033036e-002	0.000000e+000
2.412028719655336e-007	8.309917e-002	0.000000e+000
2.413762180633151e-007	8.534705e-002	0.000000e+000
2.415300036576057e-007	8.708881e-002	0.000000e+000
2.416881004378809e-007	8.862194e-002	0.000000e+000
2.418561658683354e-007	8.997824e-002	0.000000e+000
2.420222543971913e-007	9.103043e-002	0.000000e+000
2.422216491751142e-007	9.192475e-002	0.000000e+000
2.424403533215251e-007	9.249718e-002	0.000000e+000
2.426436557654199e-007	9.266401e-002	0.000000e+000
2.428189286943985e-007	9.252185e-002	0.000000e+000
2.429970449948411e-007	9.212274e-002	0.000000e+000
2.431825108518286e-007	9.148119e-002	0.000000e+000
2.433417158855433e-007	9.077108e-002	0.000000e+000
2.434507930692936e-007	9.019390e-002	0.000000e+000
2.435826234282527e-007	8.940718e-002	0.000000e+000
2.437170061094206e-007	8.852091e-002	0.000000e+000
2.439137692898425e-007	8.710065e-002	0.000000e+000
2.440970661685285e-007	8.566242e-002	0.000000e+000
2.443680527254159e-007	8.337259e-002	0.000000e+000
2.446172712996343e-007	8.113669e-002	0.000000e+000
2.448713406503905e-007	7.873649e-002	0.000000e+000
2.451165083240065e-007	7.632030e-002	0.000000e+000
2.453428931561999e-007	7.399978e-002	0.000000e+000
2.455710627057202e-007	7.156767e-002	0.000000e+000
2.458012741702902e-007	6.901638e-002	0.000000e+000
2.459965295925257e-007	6.676634e-002	0.000000e+000
2.461807970702793e-007	6.455951e-002	0.000000e+000
2.463683843353734e-007	6.222675e-002	0.000000e+000
2.465710190030970e-007	5.961258e-002	0.000000e+000
2.467657809881215e-007	5.700912e-002	0.000000e+000
2.469748400859024e-007	5.412181e-002	0.000000e+000
2.471903338537017e-007	5.106504e-002	0.000000e+000
2.473833123813903e-007	4.827294e-002	0.000000e+000
2.475862117534735e-007	4.530439e-002	0.000000e+000
2.477815305685711e-007	4.244312e-002	0.000000e+000
2.479775356300004e-007	3.959752e-002	0.000000e+000
2.481707052603750e-007	3.685511e-002	0.000000e+000
2.484041238748585e-007	3.366928e-002	0.000000e+000
2.486552401252620e-007	3.044351e-002	0.000000e+000
2.489039616148260e-007	2.750502e-002	0.000000e+000
2.491249885369794e-007	2.516047e-002	0.000000e+000
2.493487948749927e-007	2.307897e-002	0.000000e+000
2.495704811459203e-007	2.130979e-002	0.000000e+000
2.497716346720408e-007	1.997183e-002	0.000000e+000
2.499814963671019e-007	1.885331e-002	0.000000e+000
2.502183387237047e-007	1.788634e-002	0.000000e+000
2.504433932695244e-007	1.722243e-002	0.000000e+000
2.506522564599879e-007	1.681083e-002	0.000000e+000
2.508792915133483e-007	1.653387e-002	0.000000e+000
2.510955212898542e-007	1.638150e-002	0.000000e+000
2.513116326290444e-007	1.629147e-002	0.000000e+000
2.515320341186317e-007	1.620750e-002	0.000000e+000
2.517932583525797e-007	1.605971e-002	0.000000e+000
2.520009119650801e-007	1.586831e-002	0.000000e+000
2.521704487928117e-007	1.562941e-002	0.000000e+000
2.523665265748981e-007	1.524374e-002	0.000000e+000
2.525740826650206e-007	1.470883e-002	0.000000e+000
2.527820950301037e-007	1.403970e-002	0.000000e+000
2.529756094674151e-007	1.329728e-002	0.000000e+000
2.531826239887830e-007	1.238527e-002	0.000000e+000
2.534283842300309e-007	1.118871e-002	0.000000e+000
2.536654590129635e-007	9.959832e-003	0.000000e+000
2.539026393968751e-007	8.702381e-003	0.000000e+000
2.541433733005716e-007	7.451463e-003	0.000000e+000
2.543614529774546e-007	6.391278e-003	0.000000e+000
2.546078674661776e-007	5.324926e-003	0.000000e+000
2.548419667411361e-007	4.465405e-003	0.000000e+000
2.550248743114461e-007	3.928286e-003	0.000000e+000
2.552045561026570e-007	3.535421e-003	0.000000e+000
2.553906591507439e-007	3.268046e-003	0.000000e+000
2.555946921818338e-007	3.127091e-003	0.000000e+000
2.557812923703014e-007	3.134130e-003	0.000000e+000
2.559851646466781e-007	3.281186e-003	0.000000e+000
2.562055827498909e-007	3.565962e-003	0.000000e+000
2.563978052657849e-007	3.898480e-003	0.000000e+000
2.565533738052885e-007	4.213084e-003	0.000000e+000
2.566971279240833e-007	4.526237e-003	0.000000e+000
2.568381030138322e-007	4.840841e-003	0.000000e+000
2.569744096782170e-007	5.141816e-003	0.000000e+000
2.570998931539819e-007	5.408638e-003	0.000000e+000
2.572032196941360e-007	5.614466e-003	0.000000e+000
2.573248960748088e-007	5.835775e-003	0.000000e+000
2.574380815905365e-007	6.011688e-003	0.000000e+000
2.576458648225159e-007	6.258780e-003	0.000000e+000
2.578471488653232e-007	6.400998e-003	0.000000e+000
2.580713472731101e-007	6.427892e-003	0.000000e+000
2.582824611278908e-007	6.326560e-003	0.000000e+000
2.584796779358094e-007	6.114730e-003	0.000000e+000
2.586932207691894e-007	5.766720e-003	0.000000e+000
2.589394996307124e-007	5.246930e-003	0.000000e+000
2.591675275754124e-007	4.678658e-003	0.000000e+000
2.593984235709279e-007	4.046022e-003	0.000000e+000
2.595772068959872e-007	3.537989e-003	0.000000e+000
2.597762185619257e-007	2.976335e-003	0.000000e+000
2.599746534932085e-007	2.442070e-003	0.000000e+000
2.601747108712059e-007	1.949043e-003	0.000000e+000
2.603813842184533e-007	1.503923e-003	0.000000e+000
2.605848866366677e-007	1.139135e-003	0.000000e+000
2.607620875920409e-007	8.897561e-004	0.000000e+000
2.609328321286831e-007	7.201760e-004	0.000000e+000
2.611603228761784e-007	5.855926e-004	0.000000e+000
2.613440461977694e-007	5.500781e-004	0.000000e+000
2.615603924212638e-007	5.897784e-004	0.000000e+000
2.617679557084586e-007	6.945084e-004	0.000000e+000
2.620294120369983e-007	8.936874e-004	0.000000e+000
2.622365730876887e-007	1.085994e-003	0.000000e+000
2.624177739409217e-007	1.270080e-003	0.000000e+000
2.626163746918616e-007	1.474283e-003	0.000000e+000
2.627724283142198e-007	1.628468e-003	0.000000e+000
2.629422004549550e-007	1.780851e-003	0.000000e+000
2.631777232409480e-007	1.963892e-003	0.000000e+000
2.633456538347856e-007	2.070135e-003	0.000000e+000
2.635062290864289e-007	2.143665e-003	0.000000e+000
2.637505751124700e-007	2.212356e-003	0.000000e+000
2.639742413344386e-007	2.234719e-003	0.000000e+000
2.642016624268305e-007	2.217327e-003	0.000000e+000
2.644324527063410e-007	2.167783e-003	0.000000e+000
2.646069600584907e-007	2.112200e-003	0.000000e+000
2.647826590673162e-007	2.043279e-003	0.000000e+000
2.649638786013698e-007	1.963465e-003	0.000000e+000
2.651480615576983e-007	1.876261e-003	0.000000e+000
2.653174601241378e-007	1.792331e-003	0.000000e+000
2.654747512662796e-007	1.711918e-003	0.000000e+000
2.656312807913813e-007	1.629657e-003	0.000000e+000
2.657882200738927e-007	1.544428e-003	0.000000e+000
2.659517030883199e-007	1.451590e-003	0.000000e+000
2.661164784051074e-007	1.352022e-003	0.000000e+000
2.662928106077162e-007	1.236272e-003	0.000000e+000
2.664781541202423e-007	1.100622e-003	0.000000e+000
2.666990844825505e-007	9.163890e-004	0.000000e+000
2.669216278419354e-007	7.036375e-004	0.000000e+000
2.671062525971717e-007	5.016977e-004	0.000000e+000
2.672925014543720e-007	2.721036e-004	0.000000e+000
2.674644546305423e-007	3.591123e-005	0.000000e+000
2.676857594174933e-007	-2.991468e-004	0.000000e+000
2.679042816717581e-007	-6.576416e-004	0.000000e+000
2.680962854571294e-007	-9.932439e-004	0.000000e+000
2.682931878682409e-007	-1.352050e-003	0.000000e+000
2.685051441336285e-007	-1.746085e-003	0.000000e+000
2.687226831897887e-007	-2.150183e-003	0.000000e+000
2.689358443278439e-007	-2.538653e-003	0.000000e+000
2.690971432059611e-007	-2.822406e-003	0.000000e+000
2.692688151598915e-007	-3.110324e-003	0.000000e+000
2.694513880719436e-007	-3.399434e-003	0.000000e+000
2.696469968222769e-007	-3.689041e-003	0.000000e+000
2.698601834785116e-007	-3.983559e-003	0.000000e+000
2.700746361872199e-007	-4.263122e-003	0.000000e+000
2.703101543235139e-007	-4.561567e-003	0.000000e+000
2.705168197725190e-007	-4.828343e-003	0.000000e+000
2.707248052307052e-007	-5.117082e-003	0.000000e+000
2.709489136243124e-007	-5.468037e-003	0.000000e+000
2.711668353569790e-007	-5.867476e-003	0.000000e+000
2.713915511872781e-007	-6.359653e-003	0.000000e+000
2.716206404511520e-007	-6.960284e-003	0.000000e+000
2.718428582684384e-007	-7.655289e-003	0.000000e+000
2.720898859137336e-007	-8.559746e-003	0.000000e+000
2.723049569320111e-007	-9.461555e-003	0.000000e+000
2.725225417404242e-007	-1.048241e-002	0.000000e+000
2.727319340050217e-007	-1.155119e-002	0.000000e+000
2.729133382253200e-007	-1.253584e-002	0.000000e+000
2.730801580026143e-007	-1.347967e-002	0.000000e+000
2.732661082166785e-007	-1.455646e-002	0.000000e+000
2.734440452359829e-007	-1.559141e-002	0.000000e+000
2.736932206004153e-007	-1.701107e-002	0.000000e+000
2.739786684715331e-007	-1.855514e-002	0.000000e+000
2.742178985118875e-007	-1.974089e-002	0.000000e+000
2.744275091891682e-007	-2.065781e-002	0.000000e+000
2.746454118742811e-007	-2.147216e-002	0.000000e+000
2.748467217036276e-007	-2.209100e-002	0.000000e+000
2.750352938519109e-007	-2.253917e-002	0.000000e+000
2.752494260212271e-007	-2.290151e-002	0.000000e+000
2.754509022811769e-007	-2.310497e-002	0.000000e+000
2.756884447257811e-007	-2.318979e-002	0.000000e+000
2.759175801015457e-007	-2.313880e-002	0.000000e+000
2.761743367038245e-007	-2.295937e-002	0.000000e+000
2.764078267552329e-007	-2.272109e-002	0.000000e+000
2.765963283279929e-007	-2.249385e-002	0.000000e+000
2.767832492834518e-007	-2.225689e-002	0.000000e+000
2.769835413974030e-007	-2.200880e-002	0.000000e+000
2.771798376877736e-007	-2.178452e-002	0.000000e+000
2.773786250045183e-007	-2.158320e-002	0.000000e+000
2.775134340127134e-007	-2.146526e-002	0.000000e+000
2.776356200471690e-007	-2.137519e-002	0.000000e+000
2.778083386992721e-007	-2.126898e-002	0.000000e+000
2.779827160470216e-007	-2.118036e-002	0.000000e+000
2.781929706825873e-007	-2.108744e-002	0.000000e+000
2.784477498949716e-007	-2.097371e-002	0.000000e+000
2.785950297736631e-007	-2.089325e-002	0.000000e+000
2.787804655724191e-007	-2.075484e-002	0.000000e+000
2.789803281732007e-007	-2.054448e-002	0.000000e+000
2.791865950330489e-007	-2.023290e-002	0.000000e+000
2.794200933063481e-007	-1.973958e-002	0.000000e+000
2.796445857080064e-007	-1.910008e-002	0.000000e+000
2.798671571135574e-007	-1.827854e-002	0.000000e+000
2.800848576647556e-007	-1.728169e-002	0.000000e+000
2.802914590521110e-007	-1.613140e-002	0.000000e+000
2.805738978163324e-007	-1.427668e-002	0.000000e+000
2.808029609403551e-007	-1.256252e-002	0.000000e+000
2.809663034630442e-007	-1.119935e-002	0.000000e+000
2.811704330661505e-007	-9.349419e-003	0.000000e+000
2.813760081980930e-007	-7.360820e-003	0.000000e+000
2.815757047439892e-007	-5.316922e-003	0.000000e+000
2.817849634280873e-007	-3.078266e-003	0.000000e+000
2.819762825046696e-007	-9.595517e-004	0.000000e+000
2.822004759967244e-007	1.590587e-003	0.000000e+000
2.824423085787430e-007	4.393997e-003	0.000000e+000
2.826624235064425e-007	6.979603e-003	0.000000e+000
2.829235712752933e-007	1.007182e-002	0.000000e+000
2.831823247363839e-007	1.314759e-002	0.000000e+000
2.833845102092583e-007	1.555469e-002	0.000000e+000
2.835830029483415e-007	1.791817e-002	0.000000e+000
2.838038689631732e-007	2.054640e-002	0.000000e+000
2.839907737557651e-007	2.276732e-002	0.000000e+000
2.842121884327900e-007	2.539229e-002	0.000000e+000
2.843726716448728e-007	2.728789e-002	0.000000e+000
2.845459054763603e-007	2.932188e-002	0.000000e+000
2.847472653147196e-007	3.166444e-002	0.000000e+000
2.849503588830755e-007	3.399377e-002	0.000000e+000
2.851550056714033e-007	3.629370e-002	0.000000e+000
2.853452439485657e-007	3.837939e-002	0.000000e+000
2.854816569390980e-007	3.983326e-002	0.000000e+000
2.856065074698643e-007	4.112462e-002	0.000000e+000
2.857220295207559e-007	4.227570e-002	0.000000e+000
2.859166504947126e-007	4.412512e-002	0.000000e+000
2.860949223690117e-007	4.571800e-002	0.000000e+000
2.862743445417919e-007	4.719258e-002	0.000000e+000
2.864816566418303e-007	4.871975e-002	0.000000e+000
2.867292585874255e-007	5.030356e-002	0.000000e+000
2.869533258976038e-007	5.149818e-002	0.000000e+000
2.871692946798602e-007	5.242803e-002	0.000000e+000
2.873204214184230e-007	5.294264e-002	0.000000e+000
2.874594065717065e-007	5.330134e-002	0.000000e+000
2.876310901453739e-007	5.362746e-002	0.000000e+000
2.877444537165034e-007	5.376728e-002	0.000000e+000
2.879076937740551e-007	5.386328e-002	0.000000e+000
2.880557805817546e-007	5.385552e-002	0.000000e+000
2.882737132761256e-007	5.369550e-002	0.000000e+000
2.884881800602853e-007	5.340426e-002	0.000000e+000
2.886650314073632e-007	5.306060e-002	0.000000e+000
2.888551581455330e-007	5.259740e-002	0.000000e+000
2.890436191107638e-007	5.205473e-002	0.000000e+000
2.892843457102698e-007	5.125932e-002	0.000000e+000
2.895076745769335e-007	5.043048e-002	0.000000e+000
2.897122376917618e-007	4.958557e-002	0.000000e+000
2.899219556790670e-007	4.862842e-002	0.000000e+000
2.901311112744184e-007	4.757258e-002	0.000000e+000
2.903416339091970e-007	4.640214e-002	0.000000e+000
2.904858214749088e-007	4.551904e-002	0.000000e+000
2.906587577700165e-007	4.435454e-002	0.000000e+000
2.908279014684909e-007	4.311068e-002	0.000000e+000
2.909701639879272e-007	4.197263e-002	0.000000e+000
2.910858097914169e-007	4.097737e-002	0.000000e+000
2.911814629210132e-007	4.009894e-002	0.000000e+000
2.912943460757508e-007	3.899877e-002	0.000000e+000
2.914037159795521e-007	3.785955e-002	0.000000e+000
2.915806431584447e-007	3.587313e-002	0.000000e+000
2.917642364844913e-007	3.364422e-002	0.000000e+000
2.919392406368523e-007	3.135055e-002	0.000000e+000
2.920848175494207e-007	2.931027e-002	0.000000e+000
2.922320885219358e-007	2.711122e-002	0.000000e+000
2.924563006489523e-007	2.355889e-002	0.000000e+000
2.926920559633814e-007	1.961900e-002	0.000000e+000
2.929074804559634e-007	1.585495e-002	0.000000e+000
2.931185260638166e-007	1.205896e-002	0.000000e+000
2.932695713851278e-007	9.301059e-003	0.000000e+000
2.934092629078143e-007	6.741015e-003	0.000000e+000
2.936276569035337e-007	2.766726e-003	0.000000e+000
2.938249023157403e-007	-7.568052e-004	0.000000e+000
2.940145063522883e-007	-4.031693e-003	0.000000e+000
2.942394030849796e-007	-7.736011e-003	0.000000e+000
2.944424724277864e-007	-1.087194e-002	0.000000e+000
2.946622642277563e-007	-1.398810e-002	0.000000e+000
2.949005732111053e-007	-1.703372e-002	0.000000e+000
2.951204348000302e-007	-1.950345e-002	0.000000e+000
2.953608817222114e-007	-2.183169e-002	0.000000e+000
2.955619177149668e-007	-2.348085e-002	0.000000e+000
2.957678596094346e-007	-2.487882e-002	0.000000e+000
2.959846421149194e-007	-2.606714e-002	0.000000e+000
2.962221112843953e-007	-2.708828e-002	0.000000e+000
2.964180614963765e-007	-2.773294e-002	0.000000e+000
2.965925668977547e-007	-2.815881e-002	0.000000e+000
2.967868413227531e-007	-2.849749e-002	0.000000e+000
2.970136583587982e-007	-2.876305e-002	0.000000e+000
2.972005709546814e-007	-2.889427e-002	0.000000e+000
2.973712497774833e-007	-2.895098e-002	0.000000e+000
2.975367476601959e-007	-2.895518e-002	0.000000e+000
2.978016929241167e-007	-2.888632e-002	0.000000e+000
2.980672589855598e-007	-2.874675e-002	0.000000e+000
2.982585623560279e-007	-2.859569e-002	0.000000e+000
2.984281034910358e-007	-2.841778e-002	0.000000e+000
2.986193212927678e-007	-2.816128e-002	0.000000e+000
2.988614028050805e-007	-2.774627e-002	0.000000e+000
2.991236305672037e-007	-2.718213e-002	0.000000e+000
2.993149434673568e-007	-2.667480e-002	0.000000e+000
2.995175269915324e-007	-2.603814e-002	0.000000e+000
2.996671724135046e-007	-2.550161e-002	0.000000e+000
2.998044872593213e-007	-2.495218e-002	0.000000e+000
2.999371114350005e-007	-2.437838e-002	0.000000e+000
3.000000000000000e-007	-2.409222e-002	0.000000e+000
