time	V(out)	V(n078)
0.000000000000000e+000	0.000000e+000	0.000000e+000
2.929687488293547e-015	0.000000e+000	3.906250e-007
5.859374976587093e-015	0.000000e+000	7.812500e-007
6.862165151151572e-012	0.000000e+000	9.149554e-004
1.371847092732656e-011	0.000000e+000	1.829129e-003
2.057477670350154e-011	0.000000e+000	2.743304e-003
2.743108247967653e-011	0.000000e+000	3.657478e-003
3.428738825585152e-011	0.000000e+000	4.571652e-003
4.114369403202650e-011	0.000000e+000	5.485826e-003
4.799999980820147e-011	0.000000e+000	6.400000e-003
9.599999961640293e-011	0.000000e+000	1.280000e-002
1.404606014236564e-010	0.000000e+000	1.872808e-002
1.783236865824396e-010	0.000000e+000	2.377649e-002
2.133624804419512e-010	0.000000e+000	2.844833e-002
2.524063542346291e-010	0.000000e+000	3.365418e-002
2.929017788970751e-010	0.000000e+000	3.905357e-002
3.425937548498207e-010	0.000000e+000	4.567917e-002
3.978514655120629e-010	0.000000e+000	5.304686e-002
4.645797710677467e-010	0.000000e+000	6.194397e-002
5.403068812387455e-010	0.000000e+000	7.204092e-002
6.307358062350067e-010	0.000000e+000	8.409811e-002
7.079893803692038e-010	0.000000e+000	9.439858e-002
7.836459236611360e-010	0.000000e+000	1.044861e-001
8.648150319715812e-010	0.000000e+000	1.153087e-001
9.533838991931447e-010	0.000000e+000	1.271179e-001
1.051271808406190e-009	0.000000e+000	1.401696e-001
1.159241009936822e-009	0.000000e+000	1.545655e-001
1.278989387682815e-009	0.000000e+000	1.705319e-001
1.396557812889038e-009	0.000000e+000	1.862077e-001
1.506237046328305e-009	0.000000e+000	2.008316e-001
1.622814105635589e-009	0.000000e+000	2.163752e-001
1.745252821730084e-009	0.000000e+000	2.327004e-001
1.878826092854386e-009	0.000000e+000	2.505102e-001
2.021722797969877e-009	0.000000e+000	2.695630e-001
2.177735489724566e-009	0.000000e+000	2.903647e-001
2.313196995441441e-009	0.000000e+000	3.084263e-001
2.459900481889268e-009	0.000000e+000	3.279867e-001
2.607287994033604e-009	0.000000e+000	3.476384e-001
2.769490394963839e-009	0.000000e+000	3.692654e-001
2.937795246810022e-009	0.000000e+000	3.917060e-001
3.121752783602816e-009	1.401298e-045	4.162337e-001
3.302567426918057e-009	1.681558e-044	4.403423e-001
3.469663158169166e-009	1.471363e-043	4.626217e-001
3.654689521797194e-009	1.279385e-042	4.872919e-001
3.840326689612186e-009	1.231461e-041	5.120435e-001
4.044539681067134e-009	9.166174e-041	5.392720e-001
4.227764994987585e-009	5.752246e-040	5.637020e-001
4.422060863015585e-009	3.762328e-039	5.896081e-001
4.617703286808835e-009	2.561576e-038	6.156937e-001
4.828249794968673e-009	1.859518e-037	6.437666e-001
5.045663481099977e-009	1.090024e-036	6.727551e-001
5.245441075231698e-009	5.775619e-036	6.993921e-001
5.458755053440721e-009	3.208261e-035	7.278340e-001
5.673038340546161e-009	1.817398e-034	7.564051e-001
5.903234374701468e-009	1.090478e-033	7.870979e-001
6.139853745656832e-009	5.634563e-033	8.186471e-001
6.361321752244213e-009	2.640486e-032	8.481762e-001
6.593822328680251e-009	1.281888e-031	8.791763e-001
6.829555108356630e-009	6.314000e-031	9.106073e-001
7.079883430092093e-009	2.333745e-030	9.439844e-001
7.241472718691571e-009	4.650790e-030	9.655297e-001
7.281792218401937e-009	5.701350e-030	9.709056e-001
7.362431217822669e-009	9.357860e-030	9.816575e-001
7.499999999999999e-009	1.804252e-029	1.000000e+000
7.513756878217733e-009	1.945928e-029	1.000000e+000
7.541270634653200e-009	2.263888e-029	1.000000e+000
7.596298147524132e-009	3.121790e-029	1.000000e+000
7.706353173265996e-009	6.716897e-029	1.000000e+000
7.926463224749725e-009	2.739833e-028	1.000000e+000
8.165171580565621e-009	1.033502e-027	1.000000e+000
8.402737421335067e-009	4.018174e-027	1.000000e+000
8.670384792129498e-009	1.687283e-026	1.000000e+000
8.933169998465720e-009	6.674020e-026	1.000000e+000
9.208781481879485e-009	2.721599e-025	1.000000e+000
9.491159325500321e-009	1.063486e-024	1.000000e+000
9.769926750783376e-009	3.850090e-024	1.000000e+000
1.004426433841718e-008	1.364904e-023	1.000000e+000
1.033306080973043e-008	4.977613e-023	1.000000e+000
1.062602955973043e-008	1.746982e-022	1.000000e+000
1.091812713245680e-008	5.802572e-022	1.000000e+000
1.120504552286787e-008	1.848746e-021	1.000000e+000
1.149801427286788e-008	5.838542e-021	1.000000e+000
1.179098302286788e-008	1.778896e-020	1.000000e+000
1.208395177286788e-008	5.258310e-020	1.000000e+000
1.237692052286788e-008	1.510436e-019	1.000000e+000
1.266988927286788e-008	4.222391e-019	1.000000e+000
1.296285802286788e-008	1.150250e-018	1.000000e+000
1.325582677286788e-008	3.057237e-018	1.000000e+000
1.354879552286788e-008	7.936857e-018	1.000000e+000
1.384176427286788e-008	2.014606e-017	1.000000e+000
1.413473302286788e-008	5.004473e-017	1.000000e+000
1.442770177286788e-008	1.217663e-016	1.000000e+000
1.472067052286788e-008	2.904303e-016	1.000000e+000
1.501363927286788e-008	6.795549e-016	1.000000e+000
1.530660802286788e-008	1.560897e-015	1.000000e+000
1.559957677286788e-008	3.521848e-015	1.000000e+000
1.589254552286788e-008	7.810427e-015	1.000000e+000
1.618551427286788e-008	1.703460e-014	1.000000e+000
1.647848302286788e-008	3.655713e-014	1.000000e+000
1.677145177286788e-008	7.723461e-014	1.000000e+000
1.706442052286788e-008	1.607146e-013	1.000000e+000
1.735738927286789e-008	3.295301e-013	1.000000e+000
1.765035802286789e-008	6.660596e-013	1.000000e+000
1.794332677286789e-008	1.327644e-012	1.000000e+000
1.823629552286789e-008	2.610739e-012	1.000000e+000
1.852926427286789e-008	5.066568e-012	1.000000e+000
1.882223302286789e-008	9.706878e-012	1.000000e+000
1.911520177286789e-008	1.836540e-011	1.000000e+000
1.940817052286789e-008	3.432487e-011	1.000000e+000
1.970113927286789e-008	6.339164e-011	1.000000e+000
1.999410802286789e-008	1.157151e-010	1.000000e+000
2.028707677286789e-008	2.088326e-010	1.000000e+000
2.058004552286789e-008	3.727059e-010	1.000000e+000
2.087301427286789e-008	6.579592e-010	1.000000e+000
2.116598302286789e-008	1.149202e-009	1.000000e+000
2.145895177286789e-008	1.986345e-009	1.000000e+000
2.175192052286789e-008	3.398327e-009	1.000000e+000
2.204488927286789e-008	5.755934e-009	1.000000e+000
2.233785802286789e-008	9.653624e-009	1.000000e+000
2.263082677286789e-008	1.603502e-008	1.000000e+000
2.292379552286789e-008	2.638338e-008	1.000000e+000
2.321676427286790e-008	4.300779e-008	1.000000e+000
2.350973302286790e-008	6.946890e-008	1.000000e+000
2.380270177286790e-008	1.112061e-007	1.000000e+000
2.409567052286790e-008	1.764520e-007	1.000000e+000
2.438863927286790e-008	2.775540e-007	1.000000e+000
2.468160802286790e-008	4.328640e-007	1.000000e+000
2.497457677286790e-008	6.694162e-007	1.000000e+000
2.526754552286790e-008	1.026686e-006	1.000000e+000
2.556051427286790e-008	1.561811e-006	1.000000e+000
2.585348302286790e-008	2.356787e-006	1.000000e+000
2.614645177286790e-008	3.528276e-006	1.000000e+000
2.643942052286790e-008	5.240858e-006	1.000000e+000
2.673238927286790e-008	7.724763e-006	1.000000e+000
2.702535802286790e-008	1.129938e-005	1.000000e+000
2.731832677286790e-008	1.640411e-005	1.000000e+000
2.761129552286790e-008	2.363849e-005	1.000000e+000
2.790426427286790e-008	3.381384e-005	1.000000e+000
2.819723302286790e-008	4.801911e-005	1.000000e+000
2.849020177286790e-008	6.770398e-005	1.000000e+000
2.878317052286790e-008	9.478271e-005	1.000000e+000
2.907613927286791e-008	1.317625e-004	1.000000e+000
2.936910802286791e-008	1.819005e-004	1.000000e+000
2.966207677286791e-008	2.493937e-004	1.000000e+000
2.995504552286790e-008	3.396065e-004	1.000000e+000
3.024801427286790e-008	4.593386e-004	1.000000e+000
3.054098302286790e-008	6.171395e-004	1.000000e+000
3.083395177286791e-008	8.236690e-004	1.000000e+000
3.112692052286791e-008	1.092108e-003	1.000000e+000
3.141988927286791e-008	1.438619e-003	1.000000e+000
3.171285802286791e-008	1.882849e-003	1.000000e+000
3.200582677286791e-008	2.448481e-003	1.000000e+000
3.229879552286791e-008	3.163808e-003	1.000000e+000
3.259176427286791e-008	4.062331e-003	1.000000e+000
3.288473302286791e-008	5.183363e-003	1.000000e+000
3.317770177286791e-008	6.572600e-003	1.000000e+000
3.347067052286791e-008	8.282658e-003	1.000000e+000
3.376363927286791e-008	1.037352e-002	1.000000e+000
3.405660802286791e-008	1.291286e-002	1.000000e+000
3.434957677286791e-008	1.597624e-002	1.000000e+000
3.464254552286791e-008	1.964706e-002	1.000000e+000
3.493551427286791e-008	2.401632e-002	1.000000e+000
3.522848302286791e-008	2.918201e-002	1.000000e+000
3.552145177286791e-008	3.524828e-002	1.000000e+000
3.581442052286791e-008	4.232417e-002	1.000000e+000
3.610738927286791e-008	5.052200e-002	1.000000e+000
3.640035802286791e-008	5.995531e-002	1.000000e+000
3.669332677286792e-008	7.073648e-002	1.000000e+000
3.698629552286792e-008	8.297393e-002	1.000000e+000
3.727926427286792e-008	9.676902e-002	1.000000e+000
3.757223302286792e-008	1.122127e-001	1.000000e+000
3.786520177286792e-008	1.293819e-001	1.000000e+000
3.815817052286792e-008	1.483361e-001	1.000000e+000
3.845113927286792e-008	1.691136e-001	1.000000e+000
3.874410802286792e-008	1.917283e-001	1.000000e+000
3.903707677286792e-008	2.161667e-001	1.000000e+000
3.933004552286792e-008	2.423856e-001	1.000000e+000
3.962301427286792e-008	2.703103e-001	1.000000e+000
3.991598302286792e-008	2.998335e-001	1.000000e+000
4.020895177286792e-008	3.308157e-001	1.000000e+000
4.050192052286792e-008	3.630859e-001	1.000000e+000
4.079488927286792e-008	3.964438e-001	1.000000e+000
4.108785802286792e-008	4.306634e-001	1.000000e+000
4.138082677286792e-008	4.654967e-001	1.000000e+000
4.167379552286792e-008	5.006791e-001	1.000000e+000
4.196676427286792e-008	5.359354e-001	1.000000e+000
4.225973302286792e-008	5.709863e-001	1.000000e+000
4.255270177286793e-008	6.055551e-001	1.000000e+000
4.284567052286793e-008	6.393745e-001	1.000000e+000
4.313863927286793e-008	6.721935e-001	1.000000e+000
4.343160802286793e-008	7.037829e-001	1.000000e+000
4.372457677286793e-008	7.339412e-001	1.000000e+000
4.401754552286793e-008	7.624983e-001	1.000000e+000
4.431051427286793e-008	7.893184e-001	1.000000e+000
4.460348302286793e-008	8.143021e-001	1.000000e+000
4.489645177286793e-008	8.373862e-001	1.000000e+000
4.518942052286793e-008	8.585427e-001	1.000000e+000
4.548238927286793e-008	8.777764e-001	1.000000e+000
4.577535802286793e-008	8.951217e-001	1.000000e+000
4.606832677286793e-008	9.106381e-001	1.000000e+000
4.636129552286793e-008	9.244060e-001	1.000000e+000
4.665426427286793e-008	9.365212e-001	1.000000e+000
4.694723302286793e-008	9.470910e-001	1.000000e+000
4.724020177286793e-008	9.562292e-001	1.000000e+000
4.753317052286793e-008	9.640528e-001	1.000000e+000
4.782613927286793e-008	9.706792e-001	1.000000e+000
4.811910802286793e-008	9.762241e-001	1.000000e+000
4.841207677286794e-008	9.808003e-001	1.000000e+000
4.870504552286794e-008	9.845177e-001	1.000000e+000
4.899801427286794e-008	9.874833e-001	1.000000e+000
4.929098302286794e-008	9.898021e-001	1.000000e+000
4.958395177286794e-008	9.915774e-001	1.000000e+000
4.987692052286794e-008	9.929116e-001	1.000000e+000
5.016988927286794e-008	9.939064e-001	1.000000e+000
5.046285802286794e-008	9.946620e-001	1.000000e+000
5.075582677286794e-008	9.952760e-001	1.000000e+000
5.104879552286794e-008	9.958411e-001	1.000000e+000
5.134176427286794e-008	9.964427e-001	1.000000e+000
5.163473302286794e-008	9.971554e-001	1.000000e+000
5.192770177286794e-008	9.980396e-001	1.000000e+000
5.222067052286794e-008	9.991384e-001	1.000000e+000
5.251363927286794e-008	1.000475e+000	1.000000e+000
5.280660802286794e-008	1.002049e+000	1.000000e+000
5.309957677286794e-008	1.003841e+000	1.000000e+000
5.339254552286794e-008	1.005806e+000	1.000000e+000
5.368551427286794e-008	1.007882e+000	1.000000e+000
5.397848302286794e-008	1.009993e+000	1.000000e+000
5.427145177286795e-008	1.012050e+000	1.000000e+000
5.456442052286795e-008	1.013965e+000	1.000000e+000
5.485738927286795e-008	1.015651e+000	1.000000e+000
5.515035802286795e-008	1.017034e+000	1.000000e+000
5.544332677286795e-008	1.018057e+000	1.000000e+000
5.573629552286795e-008	1.018687e+000	1.000000e+000
5.602926427286795e-008	1.018914e+000	1.000000e+000
5.632223302286795e-008	1.018762e+000	1.000000e+000
5.661520177286795e-008	1.018277e+000	1.000000e+000
5.690817052286795e-008	1.017531e+000	1.000000e+000
5.720113927286795e-008	1.016614e+000	1.000000e+000
5.749410802286795e-008	1.015628e+000	1.000000e+000
5.778707677286795e-008	1.014677e+000	1.000000e+000
5.808004552286795e-008	1.013858e+000	1.000000e+000
5.837301427286795e-008	1.013255e+000	1.000000e+000
5.866598302286795e-008	1.012930e+000	1.000000e+000
5.895895177286795e-008	1.012918e+000	1.000000e+000
5.925192052286795e-008	1.013223e+000	1.000000e+000
5.954488927286795e-008	1.013820e+000	1.000000e+000
5.983785802286796e-008	1.014655e+000	1.000000e+000
6.013082677286795e-008	1.015651e+000	1.000000e+000
6.042379552286794e-008	1.016718e+000	1.000000e+000
6.071676427286794e-008	1.017759e+000	1.000000e+000
6.100973302286793e-008	1.018678e+000	1.000000e+000
6.130270177286792e-008	1.019395e+000	1.000000e+000
6.159567052286792e-008	1.019847e+000	1.000000e+000
6.188863927286791e-008	1.020000e+000	1.000000e+000
6.218160802286791e-008	1.019848e+000	1.000000e+000
6.247457677286790e-008	1.019414e+000	1.000000e+000
6.276754552286789e-008	1.018750e+000	1.000000e+000
6.306051427286789e-008	1.017930e+000	1.000000e+000
6.335348302286788e-008	1.017040e+000	1.000000e+000
6.364645177286788e-008	1.016173e+000	1.000000e+000
6.393942052286787e-008	1.015416e+000	1.000000e+000
6.423238927286786e-008	1.014843e+000	1.000000e+000
6.452535802286786e-008	1.014508e+000	1.000000e+000
6.481832677286785e-008	1.014439e+000	1.000000e+000
6.511129552286785e-008	1.014632e+000	1.000000e+000
6.540426427286784e-008	1.015059e+000	1.000000e+000
6.569723302286783e-008	1.015665e+000	1.000000e+000
6.599020177286783e-008	1.016378e+000	1.000000e+000
6.628317052286782e-008	1.017114e+000	1.000000e+000
6.657613927286781e-008	1.017791e+000	1.000000e+000
6.686910802286781e-008	1.018334e+000	1.000000e+000
6.716207677286780e-008	1.018682e+000	1.000000e+000
6.745504552286780e-008	1.018798e+000	1.000000e+000
6.774801427286779e-008	1.018674e+000	1.000000e+000
6.804098302286778e-008	1.018325e+000	1.000000e+000
6.833395177286778e-008	1.017792e+000	1.000000e+000
6.862692052286777e-008	1.017135e+000	1.000000e+000
6.891988927286777e-008	1.016430e+000	1.000000e+000
6.921285802286776e-008	1.015751e+000	1.000000e+000
6.950582677286775e-008	1.015172e+000	1.000000e+000
6.979879552286775e-008	1.014752e+000	1.000000e+000
7.009176427286774e-008	1.014530e+000	1.000000e+000
7.038473302286773e-008	1.014523e+000	1.000000e+000
7.067770177286773e-008	1.014721e+000	1.000000e+000
7.097067052286772e-008	1.015091e+000	1.000000e+000
7.126363927286772e-008	1.015582e+000	1.000000e+000
7.155660802286771e-008	1.016128e+000	1.000000e+000
7.184957677286770e-008	1.016658e+000	1.000000e+000
7.214254552286770e-008	1.017107e+000	1.000000e+000
7.243551427286769e-008	1.017418e+000	1.000000e+000
7.272848302286769e-008	1.017554e+000	1.000000e+000
7.302145177286768e-008	1.017497e+000	1.000000e+000
7.331442052286767e-008	1.017255e+000	1.000000e+000
7.360738927286767e-008	1.016857e+000	1.000000e+000
7.390035802286766e-008	1.016350e+000	1.000000e+000
7.419332677286766e-008	1.015792e+000	1.000000e+000
7.448629552286765e-008	1.015248e+000	1.000000e+000
7.477926427286764e-008	1.014778e+000	1.000000e+000
7.507223302286764e-008	1.014433e+000	1.000000e+000
7.536520177286763e-008	1.014247e+000	1.000000e+000
7.565817052286762e-008	1.014233e+000	1.000000e+000
7.595113927286762e-008	1.014384e+000	1.000000e+000
7.624410802286761e-008	1.014672e+000	1.000000e+000
7.653707677286761e-008	1.015053e+000	1.000000e+000
7.683004552286760e-008	1.015472e+000	1.000000e+000
7.712301427286759e-008	1.015871e+000	1.000000e+000
7.741598302286759e-008	1.016196e+000	1.000000e+000
7.770895177286758e-008	1.016402e+000	1.000000e+000
7.800192052286758e-008	1.016462e+000	1.000000e+000
7.829488927286757e-008	1.016367e+000	1.000000e+000
7.858785802286756e-008	1.016126e+000	1.000000e+000
7.888082677286756e-008	1.015769e+000	1.000000e+000
7.917096100383422e-008	1.015343e+000	1.000000e+000
7.946392975383421e-008	1.014890e+000	1.000000e+000
7.975689850383421e-008	1.014467e+000	1.000000e+000
8.004986725383420e-008	1.014122e+000	1.000000e+000
8.034283600383420e-008	1.013891e+000	1.000000e+000
8.063580475383419e-008	1.013797e+000	1.000000e+000
8.092877350383418e-008	1.013842e+000	1.000000e+000
8.122174225383418e-008	1.014013e+000	1.000000e+000
8.151471100383417e-008	1.014277e+000	1.000000e+000
8.177435375781716e-008	1.014560e+000	1.000000e+000
8.203560621669565e-008	1.014852e+000	1.000000e+000
8.232857496669565e-008	1.015148e+000	1.000000e+000
8.260436385488044e-008	1.015357e+000	1.000000e+000
8.289733260488043e-008	1.015474e+000	1.000000e+000
8.318418203293359e-008	1.015470e+000	1.000000e+000
8.347715078293359e-008	1.015339e+000	1.000000e+000
8.377011953293358e-008	1.015101e+000	1.000000e+000
8.399397077094958e-008	1.014859e+000	1.000000e+000
8.422441647700792e-008	1.014572e+000	1.000000e+000
8.444426438766119e-008	1.014287e+000	1.000000e+000
8.473723313766118e-008	1.013926e+000	1.000000e+000
8.500489626031711e-008	1.013645e+000	1.000000e+000
8.529786501031710e-008	1.013423e+000	1.000000e+000
8.557890511267132e-008	1.013301e+000	1.000000e+000
8.577053067391503e-008	1.013280e+000	1.000000e+000
8.594802227234012e-008	1.013312e+000	1.000000e+000
8.612807039380431e-008	1.013387e+000	1.000000e+000
8.636438616272705e-008	1.013536e+000	1.000000e+000
8.659094977006121e-008	1.013715e+000	1.000000e+000
8.677075193073191e-008	1.013875e+000	1.000000e+000
8.698801254416606e-008	1.014073e+000	1.000000e+000
8.718642496955941e-008	1.014242e+000	1.000000e+000
8.743653945653640e-008	1.014419e+000	1.000000e+000
8.770651293068408e-008	1.014547e+000	1.000000e+000
8.799948168068407e-008	1.014603e+000	1.000000e+000
8.820284781593964e-008	1.014581e+000	1.000000e+000
8.838573000964018e-008	1.014511e+000	1.000000e+000
8.857282191554265e-008	1.014397e+000	1.000000e+000
8.878870630967159e-008	1.014221e+000	1.000000e+000
8.904629162792993e-008	1.013970e+000	1.000000e+000
8.928688338040305e-008	1.013712e+000	1.000000e+000
8.953153255615182e-008	1.013448e+000	1.000000e+000
8.977873850749756e-008	1.013200e+000	1.000000e+000
9.000818971490563e-008	1.013007e+000	1.000000e+000
9.024600279876882e-008	1.012857e+000	1.000000e+000
9.047103612318496e-008	1.012777e+000	1.000000e+000
9.076400487318495e-008	1.012753e+000	1.000000e+000
9.097984045497401e-008	1.012793e+000	1.000000e+000
9.117712286445725e-008	1.012873e+000	1.000000e+000
9.137837317084877e-008	1.012988e+000	1.000000e+000
9.162870928557944e-008	1.013159e+000	1.000000e+000
9.186791961709967e-008	1.013332e+000	1.000000e+000
9.213883890409755e-008	1.013516e+000	1.000000e+000
9.238447180780367e-008	1.013651e+000	1.000000e+000
9.267744055780366e-008	1.013754e+000	1.000000e+000
9.290849250819747e-008	1.013780e+000	1.000000e+000
9.311864394616611e-008	1.013750e+000	1.000000e+000
9.335878279158814e-008	1.013660e+000	1.000000e+000
9.358424349009863e-008	1.013528e+000	1.000000e+000
9.382997861230434e-008	1.013341e+000	1.000000e+000
9.408433411983864e-008	1.013120e+000	1.000000e+000
9.433219284230630e-008	1.012895e+000	1.000000e+000
9.458192145289423e-008	1.012681e+000	1.000000e+000
9.483624252459602e-008	1.012493e+000	1.000000e+000
9.508032621502852e-008	1.012355e+000	1.000000e+000
9.528061162161326e-008	1.012284e+000	1.000000e+000
9.549332464348957e-008	1.012255e+000	1.000000e+000
9.570039636539754e-008	1.012271e+000	1.000000e+000
9.593016593948946e-008	1.012338e+000	1.000000e+000
9.619239419867547e-008	1.012464e+000	1.000000e+000
9.645891611164841e-008	1.012630e+000	1.000000e+000
9.668659188094657e-008	1.012790e+000	1.000000e+000
9.691694721047474e-008	1.012954e+000	1.000000e+000
9.714857481198826e-008	1.013105e+000	1.000000e+000
9.739733267372777e-008	1.013239e+000	1.000000e+000
9.763805003807434e-008	1.013332e+000	1.000000e+000
9.788506871939379e-008	1.013385e+000	1.000000e+000
9.812476225114758e-008	1.013394e+000	1.000000e+000
9.834834496454776e-008	1.013369e+000	1.000000e+000
9.861569172427947e-008	1.013310e+000	1.000000e+000
9.885912242146833e-008	1.013243e+000	1.000000e+000
9.910584240533225e-008	1.013180e+000	1.000000e+000
9.931021553896546e-008	1.013144e+000	1.000000e+000
9.950744915834538e-008	1.013138e+000	1.000000e+000
9.972079963173321e-008	1.013174e+000	1.000000e+000
9.996660990751540e-008	1.013279e+000	1.000000e+000
1.001962261368320e-007	1.013448e+000	1.000000e+000
1.004443279550388e-007	1.013716e+000	1.000000e+000
1.006780854098623e-007	1.014052e+000	1.000000e+000
1.009309961687183e-007	1.014507e+000	1.000000e+000
1.011963653463453e-007	1.015071e+000	1.000000e+000
1.014069980589433e-007	1.015579e+000	1.000000e+000
1.015974257522789e-007	1.016083e+000	1.000000e+000
1.017967364738812e-007	1.016652e+000	1.000000e+000
1.020367953445549e-007	1.017383e+000	1.000000e+000
1.022734360040490e-007	1.018146e+000	1.000000e+000
1.025155829808790e-007	1.018975e+000	1.000000e+000
1.027620818988720e-007	1.019871e+000	1.000000e+000
1.030113742069025e-007	1.020839e+000	1.000000e+000
1.032485094316543e-007	1.021834e+000	1.000000e+000
1.034838227181196e-007	1.022911e+000	1.000000e+000
1.037179035813402e-007	1.024091e+000	1.000000e+000
1.039524522910789e-007	1.025414e+000	1.000000e+000
1.042414272254984e-007	1.027255e+000	1.000000e+000
1.045122069736636e-007	1.029207e+000	1.000000e+000
1.047371922894116e-007	1.031038e+000	1.000000e+000
1.049647954360370e-007	1.033112e+000	1.000000e+000
1.052110037861499e-007	1.035605e+000	1.000000e+000
1.054529733206029e-007	1.038313e+000	1.000000e+000
1.056864895147015e-007	1.041185e+000	1.000000e+000
1.059244662220696e-007	1.044365e+000	1.000000e+000
1.061238914254900e-007	1.047237e+000	1.000000e+000
1.063385046149594e-007	1.050546e+000	1.000000e+000
1.065610312894411e-007	1.054212e+000	1.000000e+000
1.068375814835894e-007	1.059071e+000	1.000000e+000
1.070790736050317e-007	1.063567e+000	1.000000e+000
1.072569097966665e-007	1.067067e+000	1.000000e+000
1.075000000000000e-007	1.072036e+000	1.000000e+000
1.075243090203333e-007	1.072555e+000	9.967588e-001
1.075729270610000e-007	1.073601e+000	9.902764e-001
1.076701631423334e-007	1.075734e+000	9.773116e-001
1.078646353050002e-007	1.080134e+000	9.513820e-001
1.081026548890340e-007	1.085741e+000	9.196460e-001
1.083452540307652e-007	1.091726e+000	8.872995e-001
1.085768841961970e-007	1.097713e+000	8.564155e-001
1.088067667393141e-007	1.103932e+000	8.257644e-001
1.090447829117245e-007	1.110652e+000	7.940289e-001
1.092686487606220e-007	1.117234e+000	7.641802e-001
1.094943802640750e-007	1.124121e+000	7.340826e-001
1.097032444845955e-007	1.130720e+000	7.062341e-001
1.099645060259720e-007	1.139241e+000	6.713992e-001
1.102026560946837e-007	1.147226e+000	6.396459e-001
1.104384229824388e-007	1.155321e+000	6.082103e-001
1.106830599257612e-007	1.163868e+000	5.755920e-001
1.109193503110429e-007	1.172218e+000	5.440866e-001
1.111469296206921e-007	1.180304e+000	5.137427e-001
1.113732916462586e-007	1.188336e+000	4.835611e-001
1.116127507513566e-007	1.196763e+000	4.516332e-001
1.118723271731550e-007	1.205745e+000	4.170230e-001
1.121470686235238e-007	1.215008e+000	3.803909e-001
1.124104944630055e-007	1.223595e+000	3.452674e-001
1.126154032877231e-007	1.229997e+000	3.179462e-001
1.128473622113512e-007	1.236896e+000	2.870184e-001
1.130688518297320e-007	1.243114e+000	2.574864e-001
1.133000296838967e-007	1.249169e+000	2.266627e-001
1.135174469207274e-007	1.254414e+000	1.976737e-001
1.137456058778819e-007	1.259404e+000	1.672526e-001
1.139685727171641e-007	1.263745e+000	1.375236e-001
1.141860793299200e-007	1.267411e+000	1.085228e-001
1.144160917426567e-007	1.270618e+000	7.785443e-002
1.146784162473328e-007	1.273632e+000	4.287783e-002
1.147210825039674e-007	1.274032e+000	3.718900e-002
1.148064150172366e-007	1.274710e+000	2.581133e-002
1.148293349734615e-007	1.274875e+000	2.275534e-002
1.148751748859114e-007	1.275176e+000	1.664335e-002
1.149083201751003e-007	1.275378e+000	1.222398e-002
1.149492215069565e-007	1.275603e+000	6.770466e-003
1.150000000000000e-007	1.275847e+000	0.000000e+000
1.150002426470588e-007	1.275848e+000	0.000000e+000
1.150007279411765e-007	1.275850e+000	0.000000e+000
1.150183371848740e-007	1.275924e+000	0.000000e+000
1.150359464285715e-007	1.275992e+000	0.000000e+000
1.150535556722689e-007	1.276055e+000	0.000000e+000
1.150711649159664e-007	1.276111e+000	0.000000e+000
1.150887741596639e-007	1.276162e+000	0.000000e+000
1.151063834033614e-007	1.276207e+000	0.000000e+000
1.151239926470589e-007	1.276245e+000	0.000000e+000
1.152482279411766e-007	1.276344e+000	0.000000e+000
1.154966985294121e-007	1.275861e+000	0.000000e+000
1.157485311620621e-007	1.274480e+000	0.000000e+000
1.159916175372326e-007	1.272172e+000	0.000000e+000
1.162137929131387e-007	1.269182e+000	0.000000e+000
1.164378415816473e-007	1.265307e+000	0.000000e+000
1.166574399576837e-007	1.260651e+000	0.000000e+000
1.169243334184304e-007	1.253976e+000	0.000000e+000
1.171413335623381e-007	1.247755e+000	0.000000e+000
1.173597291813004e-007	1.240743e+000	0.000000e+000
1.175624248153700e-007	1.233616e+000	0.000000e+000
1.177803997531065e-007	1.225333e+000	0.000000e+000
1.180013390852826e-007	1.216367e+000	0.000000e+000
1.182192055139522e-007	1.207018e+000	0.000000e+000
1.184293473322227e-007	1.197575e+000	0.000000e+000
1.186500792119967e-007	1.187288e+000	0.000000e+000
1.188492824703519e-007	1.177737e+000	0.000000e+000
1.190701254993809e-007	1.166921e+000	0.000000e+000
1.192980947280997e-007	1.155600e+000	0.000000e+000
1.195612198666962e-007	1.142447e+000	0.000000e+000
1.198283123767870e-007	1.129129e+000	0.000000e+000
1.201212811267871e-007	1.114693e+000	0.000000e+000
1.203784676441934e-007	1.102281e+000	0.000000e+000
1.206130541565097e-007	1.091273e+000	0.000000e+000
1.208317636702067e-007	1.081355e+000	0.000000e+000
1.210515290504916e-007	1.071780e+000	0.000000e+000
1.212700155533989e-007	1.062698e+000	0.000000e+000
1.214959694867284e-007	1.053804e+000	0.000000e+000
1.217143754955740e-007	1.045728e+000	0.000000e+000
1.219326751112136e-007	1.038207e+000	0.000000e+000
1.221449290857885e-007	1.031452e+000	0.000000e+000
1.223614634024896e-007	1.025154e+000	0.000000e+000
1.225844423604266e-007	1.019300e+000	0.000000e+000
1.228079140606318e-007	1.014076e+000	0.000000e+000
1.230260235716595e-007	1.009606e+000	0.000000e+000
1.232418840076385e-007	1.005794e+000	0.000000e+000
1.234597735004734e-007	1.002543e+000	0.000000e+000
1.236757808682501e-007	9.998878e-001	0.000000e+000
1.238930490631630e-007	9.977601e-001	0.000000e+000
1.241098273338935e-007	9.961407e-001	0.000000e+000
1.243255634594620e-007	9.949856e-001	0.000000e+000
1.245368868349436e-007	9.942492e-001	0.000000e+000
1.247381534498623e-007	9.938779e-001	0.000000e+000
1.249570756921624e-007	9.937857e-001	0.000000e+000
1.251925613795667e-007	9.939615e-001	0.000000e+000
1.254036120943511e-007	9.943141e-001	0.000000e+000
1.256168068573242e-007	9.948108e-001	0.000000e+000
1.258140375483330e-007	9.953492e-001	0.000000e+000
1.260189913828138e-007	9.959484e-001	0.000000e+000
1.262251709203611e-007	9.965509e-001	0.000000e+000
1.264517904804076e-007	9.971749e-001	0.000000e+000
1.266580440689755e-007	9.976757e-001	0.000000e+000
1.268779335732965e-007	9.981105e-001	0.000000e+000
1.270874689221195e-007	9.984087e-001	0.000000e+000
1.273157939499823e-007	9.985819e-001	0.000000e+000
1.275728124753502e-007	9.985791e-001	0.000000e+000
1.278657812253502e-007	9.983386e-001	0.000000e+000
1.281027757496911e-007	9.979523e-001	0.000000e+000
1.283430672349071e-007	9.973809e-001	0.000000e+000
1.285642880266771e-007	9.967136e-001	0.000000e+000
1.287774119650431e-007	9.959502e-001	0.000000e+000
1.289917120081978e-007	9.950788e-001	0.000000e+000
1.292035819360086e-007	9.941294e-001	0.000000e+000
1.294199538890695e-007	9.930844e-001	0.000000e+000
1.296379471083075e-007	9.919685e-001	0.000000e+000
1.299169532461281e-007	9.904810e-001	0.000000e+000
1.301345417587914e-007	9.892930e-001	0.000000e+000
1.303671348217647e-007	9.880122e-001	0.000000e+000
1.305994732066430e-007	9.867421e-001	0.000000e+000
1.308140972465113e-007	9.855929e-001	0.000000e+000
1.310195119627100e-007	9.845296e-001	0.000000e+000
1.312295993204382e-007	9.834834e-001	0.000000e+000
1.313303679408649e-007	9.830016e-001	0.000000e+000
1.314261997233314e-007	9.825616e-001	0.000000e+000
1.315298253286818e-007	9.821057e-001	0.000000e+000
1.316870382837303e-007	9.814536e-001	0.000000e+000
1.318833109145651e-007	9.807061e-001	0.000000e+000
1.321137782667924e-007	9.799238e-001	0.000000e+000
1.323171411607554e-007	9.793253e-001	0.000000e+000
1.324987471369555e-007	9.788744e-001	0.000000e+000
1.326809148277663e-007	9.785059e-001	0.000000e+000
1.328960059500931e-007	9.781755e-001	0.000000e+000
1.331505840388968e-007	9.779162e-001	0.000000e+000
1.334154189879105e-007	9.777796e-001	0.000000e+000
1.336213899331551e-007	9.777692e-001	0.000000e+000
1.338537443172394e-007	9.778488e-001	0.000000e+000
1.340666536168806e-007	9.779879e-001	0.000000e+000
1.342807102838710e-007	9.781819e-001	0.000000e+000
1.344887923723762e-007	9.784085e-001	0.000000e+000
1.346807117269760e-007	9.786417e-001	0.000000e+000
1.349153859710891e-007	9.789434e-001	0.000000e+000
1.351308216968434e-007	9.792241e-001	0.000000e+000
1.353499161500569e-007	9.795032e-001	0.000000e+000
1.355800893839961e-007	9.797804e-001	0.000000e+000
1.357913196096326e-007	9.800154e-001	0.000000e+000
1.359470827511310e-007	9.801726e-001	0.000000e+000
1.361027723157670e-007	9.803134e-001	0.000000e+000
1.362578185361219e-007	9.804378e-001	0.000000e+000
1.364084760057001e-007	9.805436e-001	0.000000e+000
1.365380477080998e-007	9.806222e-001	0.000000e+000
1.366518079883733e-007	9.806810e-001	0.000000e+000
1.367720945063088e-007	9.807328e-001	0.000000e+000
1.368982971111976e-007	9.807755e-001	0.000000e+000
1.370606137141846e-007	9.808127e-001	0.000000e+000
1.372699840457973e-007	9.808342e-001	0.000000e+000
1.374694695756878e-007	9.808257e-001	0.000000e+000
1.376704564881452e-007	9.807845e-001	0.000000e+000
1.378741866330718e-007	9.807043e-001	0.000000e+000
1.381285140869367e-007	9.805473e-001	0.000000e+000
1.383693354768757e-007	9.803361e-001	0.000000e+000
1.385859157869758e-007	9.800792e-001	0.000000e+000
1.388180897858656e-007	9.797246e-001	0.000000e+000
1.390282012802601e-007	9.793241e-001	0.000000e+000
1.392393510598084e-007	9.788280e-001	0.000000e+000
1.394846314810230e-007	9.781275e-001	0.000000e+000
1.397270642909777e-007	9.772939e-001	0.000000e+000
1.399721066418686e-007	9.762794e-001	0.000000e+000
1.402650753918686e-007	9.748302e-001	0.000000e+000
1.405580441418686e-007	9.731236e-001	0.000000e+000
1.408015451237779e-007	9.714733e-001	0.000000e+000
1.410477237445568e-007	9.695732e-001	0.000000e+000
1.412498778429799e-007	9.678257e-001	0.000000e+000
1.414526165282675e-007	9.658800e-001	0.000000e+000
1.416535296761802e-007	9.637378e-001	0.000000e+000
1.419156386451127e-007	9.606147e-001	0.000000e+000
1.421768152661039e-007	9.571055e-001	0.000000e+000
1.424557813696443e-007	9.528337e-001	0.000000e+000
1.427471631379442e-007	9.477449e-001	0.000000e+000
1.430108395719640e-007	9.424972e-001	0.000000e+000
1.432608890050510e-007	9.368507e-001	0.000000e+000
1.435014891019712e-007	9.307263e-001	0.000000e+000
1.437362573270821e-007	9.240377e-001	0.000000e+000
1.439478475822449e-007	9.173328e-001	0.000000e+000
1.441550667630238e-007	9.100716e-001	0.000000e+000
1.443610837274688e-007	9.020937e-001	0.000000e+000
1.446049951145453e-007	8.916460e-001	0.000000e+000
1.448507870591974e-007	8.799732e-001	0.000000e+000
1.451130119724634e-007	8.661771e-001	0.000000e+000
1.453593024478503e-007	8.519000e-001	0.000000e+000
1.456011696441495e-007	8.365373e-001	0.000000e+000
1.458468825203036e-007	8.196271e-001	0.000000e+000
1.460434704640008e-007	8.051404e-001	0.000000e+000
1.462035973602218e-007	7.926103e-001	0.000000e+000
1.463900588012872e-007	7.772360e-001	0.000000e+000
1.465789541100756e-007	7.608436e-001	0.000000e+000
1.468112335146747e-007	7.396414e-001	0.000000e+000
1.470222887410397e-007	7.194481e-001	0.000000e+000
1.472214685012969e-007	6.995451e-001	0.000000e+000
1.474217089412835e-007	6.787534e-001	0.000000e+000
1.476422100860348e-007	6.550515e-001	0.000000e+000
1.478691337388613e-007	6.298675e-001	0.000000e+000
1.481268962738237e-007	6.004503e-001	0.000000e+000
1.483594043847514e-007	5.733041e-001	0.000000e+000
1.485888701347977e-007	5.460464e-001	0.000000e+000
1.487968003237171e-007	5.210720e-001	0.000000e+000
1.489518522984771e-007	5.023285e-001	0.000000e+000
1.491002074070621e-007	4.843438e-001	0.000000e+000
1.492502537881124e-007	4.661565e-001	0.000000e+000
1.494329991156571e-007	4.440750e-001	0.000000e+000
1.496495548201931e-007	4.180977e-001	0.000000e+000
1.498953405215479e-007	3.889698e-001	0.000000e+000
1.501270509688501e-007	3.619989e-001	0.000000e+000
1.503737572964254e-007	3.339429e-001	0.000000e+000
1.506037929246820e-007	3.085033e-001	0.000000e+000
1.508304678018525e-007	2.842306e-001	0.000000e+000
1.510484926914185e-007	2.616934e-001	0.000000e+000
1.512557252565833e-007	2.410787e-001	0.000000e+000
1.514633989302196e-007	2.212639e-001	0.000000e+000
1.516789998881054e-007	2.015946e-001	0.000000e+000
1.518884901769560e-007	1.833407e-001	0.000000e+000
1.520573812739966e-007	1.692507e-001	0.000000e+000
1.521783324426235e-007	1.595518e-001	0.000000e+000
1.522982411797116e-007	1.502599e-001	0.000000e+000
1.524029604191362e-007	1.424105e-001	0.000000e+000
1.525419445090335e-007	1.323769e-001	0.000000e+000
1.527090324521274e-007	1.208775e-001	0.000000e+000
1.529525716799232e-007	1.050778e-001	0.000000e+000
1.531793307062169e-007	9.134893e-002	0.000000e+000
1.534106872899853e-007	7.838187e-002	0.000000e+000
1.536313464584841e-007	6.693535e-002	0.000000e+000
1.538329260644666e-007	5.727083e-002	0.000000e+000
1.540323337174078e-007	4.845114e-002	0.000000e+000
1.542412815266262e-007	3.995359e-002	0.000000e+000
1.544518790469258e-007	3.212040e-002	0.000000e+000
1.546570635449548e-007	2.522357e-002	0.000000e+000
1.549104807706629e-007	1.762676e-002	0.000000e+000
1.551631634576404e-007	1.094554e-002	0.000000e+000
1.553814367104349e-007	5.930810e-003	0.000000e+000
1.556047725640011e-007	1.532572e-003	0.000000e+000
1.558515833707992e-007	-2.592796e-003	0.000000e+000
1.560641169361411e-007	-5.550638e-003	0.000000e+000
1.562815797951750e-007	-8.003756e-003	0.000000e+000
1.565190804124967e-007	-1.010983e-002	0.000000e+000
1.567755018139452e-007	-1.183487e-002	0.000000e+000
1.569766482985036e-007	-1.281844e-002	0.000000e+000
1.571795350399786e-007	-1.350326e-002	0.000000e+000
1.573960767436435e-007	-1.397895e-002	0.000000e+000
1.576428059190160e-007	-1.429618e-002	0.000000e+000
1.578717488746535e-007	-1.445198e-002	0.000000e+000
1.580711431889557e-007	-1.452739e-002	0.000000e+000
1.582605473214883e-007	-1.459618e-002	0.000000e+000
1.584676451927548e-007	-1.471619e-002	0.000000e+000
1.586654190670815e-007	-1.491582e-002	0.000000e+000
1.588798595816120e-007	-1.526623e-002	0.000000e+000
1.590963735423991e-007	-1.579253e-002	0.000000e+000
1.593217041343905e-007	-1.655217e-002	0.000000e+000
1.595495088107623e-007	-1.755507e-002	0.000000e+000
1.597831715889013e-007	-1.883451e-002	0.000000e+000
1.600254536117143e-007	-2.039108e-002	0.000000e+000
1.601696588718577e-007	-2.143078e-002	0.000000e+000
1.603065045610900e-007	-2.250733e-002	0.000000e+000
1.605085275122708e-007	-2.419995e-002	0.000000e+000
1.607334372357150e-007	-2.617711e-002	0.000000e+000
1.609595847999885e-007	-2.822389e-002	0.000000e+000
1.611792238027854e-007	-3.021727e-002	0.000000e+000
1.613980450106831e-007	-3.214769e-002	0.000000e+000
1.616521112147314e-007	-3.424422e-002	0.000000e+000
1.619310664049258e-007	-3.629885e-002	0.000000e+000
1.621929536228005e-007	-3.792308e-002	0.000000e+000
1.624338828091283e-007	-3.908548e-002	0.000000e+000
1.626868959897436e-007	-3.992340e-002	0.000000e+000
1.629575225659116e-007	-4.039877e-002	0.000000e+000
1.632088308850991e-007	-4.046792e-002	0.000000e+000
1.634138913999844e-007	-4.025093e-002	0.000000e+000
1.636249046398076e-007	-3.979375e-002	0.000000e+000
1.638294278978009e-007	-3.916404e-002	0.000000e+000
1.640793211358155e-007	-3.821202e-002	0.000000e+000
1.643331163306992e-007	-3.712442e-002	0.000000e+000
1.645888811296613e-007	-3.598157e-002	0.000000e+000
1.648293492900977e-007	-3.494116e-002	0.000000e+000
1.650564623006110e-007	-3.405690e-002	0.000000e+000
1.652849073759518e-007	-3.331947e-002	0.000000e+000
1.655051922466666e-007	-3.278379e-002	0.000000e+000
1.656818507871171e-007	-3.250381e-002	0.000000e+000
1.658373416066727e-007	-3.238920e-002	0.000000e+000
1.660010859639477e-007	-3.240349e-002	0.000000e+000
1.661738572818378e-007	-3.256169e-002	0.000000e+000
1.663546121703310e-007	-3.288261e-002	0.000000e+000
1.665649574353867e-007	-3.342756e-002	0.000000e+000
1.667463681702266e-007	-3.402930e-002	0.000000e+000
1.669316884647088e-007	-3.475674e-002	0.000000e+000
1.671328828455822e-007	-3.563405e-002	0.000000e+000
1.673623139878901e-007	-3.669219e-002	0.000000e+000
1.674959130172953e-007	-3.731962e-002	0.000000e+000
1.675765844816327e-007	-3.769493e-002	0.000000e+000
1.677015833289749e-007	-3.825828e-002	0.000000e+000
1.678501016671895e-007	-3.889067e-002	0.000000e+000
1.680098945306977e-007	-3.951105e-002	0.000000e+000
1.681639853290077e-007	-4.002962e-002	0.000000e+000
1.683377334359529e-007	-4.050536e-002	0.000000e+000
1.684976857935338e-007	-4.082518e-002	0.000000e+000
1.686753019358347e-007	-4.103019e-002	0.000000e+000
1.688602723797960e-007	-4.107122e-002	0.000000e+000
1.690635491451210e-007	-4.090875e-002	0.000000e+000
1.692809141812235e-007	-4.051573e-002	0.000000e+000
1.694664164673974e-007	-4.000077e-002	0.000000e+000
1.696752591133450e-007	-3.923917e-002	0.000000e+000
1.698973531870336e-007	-3.827214e-002	0.000000e+000
1.701217395772536e-007	-3.717913e-002	0.000000e+000
1.702786412115269e-007	-3.636713e-002	0.000000e+000
1.704445074818652e-007	-3.549257e-002	0.000000e+000
1.706700727984373e-007	-3.432524e-002	0.000000e+000
1.708612563408947e-007	-3.338953e-002	0.000000e+000
1.710526278571359e-007	-3.253843e-002	0.000000e+000
1.712359267420583e-007	-3.182632e-002	0.000000e+000
1.714120393493230e-007	-3.125866e-002	0.000000e+000
1.715978544346075e-007	-3.079601e-002	0.000000e+000
1.717918578655535e-007	-3.046860e-002	0.000000e+000
1.720122802149756e-007	-3.027263e-002	0.000000e+000
1.721942208220414e-007	-3.024864e-002	0.000000e+000
1.723948097011638e-007	-3.036000e-002	0.000000e+000
1.726357360894581e-007	-3.062144e-002	0.000000e+000
1.728799167705350e-007	-3.096891e-002	0.000000e+000
1.731085486233539e-007	-3.131473e-002	0.000000e+000
1.733190689580972e-007	-3.159741e-002	0.000000e+000
1.735070016617147e-007	-3.177617e-002	0.000000e+000
1.736917909603284e-007	-3.184599e-002	0.000000e+000
1.738810567702298e-007	-3.177492e-002	0.000000e+000
1.740928840511846e-007	-3.149382e-002	0.000000e+000
1.743263877798313e-007	-3.091421e-002	0.000000e+000
1.745798310965288e-007	-2.995294e-002	0.000000e+000
1.748334812354088e-007	-2.868253e-002	0.000000e+000
1.749668157821586e-007	-2.786960e-002	0.000000e+000
1.751370360255178e-007	-2.667551e-002	0.000000e+000
1.753178830130510e-007	-2.526508e-002	0.000000e+000
1.755785193171416e-007	-2.304164e-002	0.000000e+000
1.758140150299466e-007	-2.090192e-002	0.000000e+000
1.760249850005400e-007	-1.891304e-002	0.000000e+000
1.762411472870086e-007	-1.686122e-002	0.000000e+000
1.764877743332184e-007	-1.456297e-002	0.000000e+000
1.767173592411711e-007	-1.250606e-002	0.000000e+000
1.769097804315486e-007	-1.088067e-002	0.000000e+000
1.771242446178418e-007	-9.197057e-003	0.000000e+000
1.773400832105344e-007	-7.642157e-003	0.000000e+000
1.775750734252862e-007	-6.105447e-003	0.000000e+000
1.778129943506717e-007	-4.693966e-003	0.000000e+000
1.780571603315384e-007	-3.363056e-003	0.000000e+000
1.782928452227798e-007	-2.146802e-003	0.000000e+000
1.785337548089342e-007	-9.214931e-004	0.000000e+000
1.787370797460127e-007	1.357891e-004	0.000000e+000
1.788806711829328e-007	9.181807e-004	0.000000e+000
1.790200714085860e-007	1.725882e-003	0.000000e+000
1.791834853450774e-007	2.739834e-003	0.000000e+000
1.793370679554051e-007	3.774567e-003	0.000000e+000
1.795392607338399e-007	5.265872e-003	0.000000e+000
1.797323397175728e-007	6.832633e-003	0.000000e+000
1.799564226461540e-007	8.830286e-003	0.000000e+000
1.801672701890119e-007	1.087141e-002	0.000000e+000
1.803741428438137e-007	1.301134e-002	0.000000e+000
1.805362096390620e-007	1.476754e-002	0.000000e+000
1.806685898160406e-007	1.624662e-002	0.000000e+000
1.808024915311992e-007	1.776890e-002	0.000000e+000
1.809405990454441e-007	1.935061e-002	0.000000e+000
1.810905224350489e-007	2.106418e-002	0.000000e+000
1.812372344686719e-007	2.271727e-002	0.000000e+000
1.814160369785365e-007	2.467497e-002	0.000000e+000
1.815914049292082e-007	2.650617e-002	0.000000e+000
1.817786506773697e-007	2.832969e-002	0.000000e+000
1.819629628744389e-007	2.996328e-002	0.000000e+000
1.821440317523545e-007	3.136096e-002	0.000000e+000
1.823917467419722e-007	3.296075e-002	0.000000e+000
1.825676074412901e-007	3.385527e-002	0.000000e+000
1.827520644303584e-007	3.452710e-002	0.000000e+000
1.829363422449245e-007	3.493660e-002	0.000000e+000
1.831498086914811e-007	3.507592e-002	0.000000e+000
1.834119197835934e-007	3.481940e-002	0.000000e+000
1.836595116384954e-007	3.418905e-002	0.000000e+000
1.838574603559546e-007	3.341580e-002	0.000000e+000
1.840081320094490e-007	3.266171e-002	0.000000e+000
1.841726373690632e-007	3.169436e-002	0.000000e+000
1.843283291632600e-007	3.065995e-002	0.000000e+000
1.845034072384344e-007	2.937010e-002	0.000000e+000
1.846781062146225e-007	2.795684e-002	0.000000e+000
1.849112570442310e-007	2.590182e-002	0.000000e+000
1.851268575930861e-007	2.383107e-002	0.000000e+000
1.854198263430861e-007	2.075457e-002	0.000000e+000
1.857103727741561e-007	1.741238e-002	0.000000e+000
1.859876900758603e-007	1.391193e-002	0.000000e+000
1.862086250796917e-007	1.087644e-002	0.000000e+000
1.863706708721891e-007	8.475150e-003	0.000000e+000
1.865226872515977e-007	6.046581e-003	0.000000e+000
1.867566244313897e-007	2.002182e-003	0.000000e+000
1.869997093627650e-007	-2.586574e-003	0.000000e+000
1.872562086656911e-007	-7.918599e-003	0.000000e+000
1.875303309025127e-007	-1.417754e-002	0.000000e+000
1.878007413438990e-007	-2.092639e-002	0.000000e+000
1.880937100938990e-007	-2.881698e-002	0.000000e+000
1.883237401960739e-007	-3.540539e-002	0.000000e+000
1.885551284748620e-007	-4.235321e-002	0.000000e+000
1.887744359840639e-007	-4.915578e-002	0.000000e+000
1.889959232729745e-007	-5.617618e-002	0.000000e+000
1.892192801346536e-007	-6.333211e-002	0.000000e+000
1.894276553669874e-007	-7.001448e-002	0.000000e+000
1.896016446561369e-007	-7.555251e-002	0.000000e+000
1.897676263564936e-007	-8.074956e-002	0.000000e+000
1.899897568619899e-007	-8.753529e-002	0.000000e+000
1.901948592267215e-007	-9.358205e-002	0.000000e+000
1.904220238641944e-007	-9.995086e-002	0.000000e+000
1.906844026463735e-007	-1.068314e-001	0.000000e+000
1.909718259560534e-007	-1.137547e-001	0.000000e+000
1.912379489193692e-007	-1.195469e-001	0.000000e+000
1.914791031507344e-007	-1.242290e-001	0.000000e+000
1.917095984597198e-007	-1.281841e-001	0.000000e+000
1.919370021457720e-007	-1.315943e-001	0.000000e+000
1.921607397464705e-007	-1.344742e-001	0.000000e+000
1.923922965805547e-007	-1.369566e-001	0.000000e+000
1.926459835615357e-007	-1.391217e-001	0.000000e+000
1.928996515954790e-007	-1.407223e-001	0.000000e+000
1.931482872111349e-007	-1.417523e-001	0.000000e+000
1.933551138570259e-007	-1.421971e-001	0.000000e+000
1.935261313290945e-007	-1.422546e-001	0.000000e+000
1.936914800806151e-007	-1.420391e-001	0.000000e+000
1.938525081712753e-007	-1.415761e-001	0.000000e+000
1.940178093541544e-007	-1.408371e-001	0.000000e+000
1.941871998610112e-007	-1.397987e-001	0.000000e+000
1.943673894122770e-007	-1.383843e-001	0.000000e+000
1.945429137660789e-007	-1.366720e-001	0.000000e+000
1.947750775970217e-007	-1.339396e-001	0.000000e+000
1.949859408147391e-007	-1.310154e-001	0.000000e+000
1.952066730891792e-007	-1.274887e-001	0.000000e+000
1.954053775436895e-007	-1.239208e-001	0.000000e+000
1.956192937660114e-007	-1.196798e-001	0.000000e+000
1.958371257121559e-007	-1.149781e-001	0.000000e+000
1.960968571253003e-007	-1.089678e-001	0.000000e+000
1.963010294419757e-007	-1.039919e-001	0.000000e+000
1.964627182343218e-007	-9.990626e-002	0.000000e+000
1.965925738912856e-007	-9.655169e-002	0.000000e+000
1.967515707670814e-007	-9.238918e-002	0.000000e+000
1.969148269913811e-007	-8.809120e-002	0.000000e+000
1.971691769199580e-007	-8.141768e-002	0.000000e+000
1.974006123336982e-007	-7.544018e-002	0.000000e+000
1.976181358183008e-007	-6.997961e-002	0.000000e+000
1.978157907801799e-007	-6.522016e-002	0.000000e+000
1.980403587096874e-007	-6.009525e-002	0.000000e+000
1.982517911195163e-007	-5.558795e-002	0.000000e+000
1.984802344588511e-007	-5.110728e-002	0.000000e+000
1.986935661847847e-007	-4.729906e-002	0.000000e+000
1.988814791185309e-007	-4.428601e-002	0.000000e+000
1.990794708817706e-007	-4.146012e-002	0.000000e+000
1.992640942960287e-007	-3.912449e-002	0.000000e+000
1.994119454031699e-007	-3.748238e-002	0.000000e+000
1.995722773713508e-007	-3.593578e-002	0.000000e+000
1.997474064213429e-007	-3.449082e-002	0.000000e+000
1.999239666851296e-007	-3.328397e-002	0.000000e+000
2.001099476677289e-007	-3.227450e-002	0.000000e+000
2.003037667277362e-007	-3.149178e-002	0.000000e+000
2.005191607744522e-007	-3.091632e-002	0.000000e+000
2.007441165126829e-007	-3.060739e-002	0.000000e+000
2.009602493467973e-007	-3.057065e-002	0.000000e+000
2.011715026809366e-007	-3.076605e-002	0.000000e+000
2.013996184634806e-007	-3.119629e-002	0.000000e+000
2.016100434839499e-007	-3.177167e-002	0.000000e+000
2.018232500582531e-007	-3.251503e-002	0.000000e+000
2.020411839684263e-007	-3.341658e-002	0.000000e+000
2.022721800086043e-007	-3.450372e-002	0.000000e+000
2.025174317426547e-007	-3.577305e-002	0.000000e+000
2.027423486024191e-007	-3.701700e-002	0.000000e+000
2.029514250851636e-007	-3.822251e-002	0.000000e+000
2.031837616681920e-007	-3.958662e-002	0.000000e+000
2.034105776009790e-007	-4.091081e-002	0.000000e+000
2.036617309348343e-007	-4.233024e-002	0.000000e+000
2.039152029468221e-007	-4.367409e-002	0.000000e+000
2.041523877828103e-007	-4.480910e-002	0.000000e+000
2.043890534349148e-007	-4.579031e-002	0.000000e+000
2.045952845651700e-007	-4.649444e-002	0.000000e+000
2.047969833749356e-007	-4.702112e-002	0.000000e+000
2.049981273251305e-007	-4.736800e-002	0.000000e+000
2.052325088322035e-007	-4.754203e-002	0.000000e+000
2.054725049273488e-007	-4.746577e-002	0.000000e+000
2.057137509722187e-007	-4.712521e-002	0.000000e+000
2.059430158299542e-007	-4.655334e-002	0.000000e+000
2.062026936686361e-007	-4.564958e-002	0.000000e+000
2.064221385603685e-007	-4.469926e-002	0.000000e+000
2.066380416477922e-007	-4.361549e-002	0.000000e+000
2.068191617035824e-007	-4.261730e-002	0.000000e+000
2.069880953207749e-007	-4.162776e-002	0.000000e+000
2.071787122031352e-007	-4.047192e-002	0.000000e+000
2.073609715282685e-007	-3.935342e-002	0.000000e+000
2.075953601527493e-007	-3.793013e-002	0.000000e+000
2.077993051729953e-007	-3.673906e-002	0.000000e+000
2.080226164265472e-007	-3.552491e-002	0.000000e+000
2.082503444378050e-007	-3.441591e-002	0.000000e+000
2.084838255103516e-007	-3.344905e-002	0.000000e+000
2.087174388201235e-007	-3.268589e-002	0.000000e+000
2.089603407931526e-007	-3.213575e-002	0.000000e+000
2.092100097913221e-007	-3.184953e-002	0.000000e+000
2.094751190845109e-007	-3.186746e-002	0.000000e+000
2.097452808503413e-007	-3.222558e-002	0.000000e+000
2.100044209999123e-007	-3.289085e-002	0.000000e+000
2.102426796122293e-007	-3.377999e-002	0.000000e+000
2.104625833154080e-007	-3.482741e-002	0.000000e+000
2.106474797129107e-007	-3.586434e-002	0.000000e+000
2.107704597988246e-007	-3.663962e-002	0.000000e+000
2.108985511920366e-007	-3.752133e-002	0.000000e+000
2.110298169267223e-007	-3.849592e-002	0.000000e+000
2.112001680846249e-007	-3.985872e-002	0.000000e+000
2.113809182737521e-007	-4.141447e-002	0.000000e+000
2.115709553278616e-007	-4.317138e-002	0.000000e+000
2.117677745122725e-007	-4.511626e-002	0.000000e+000
2.119720545010565e-007	-4.726309e-002	0.000000e+000
2.121773124638124e-007	-4.954588e-002	0.000000e+000
2.123802306837242e-007	-5.192390e-002	0.000000e+000
2.125849650694545e-007	-5.443978e-002	0.000000e+000
2.127706659985117e-007	-5.682421e-002	0.000000e+000
2.129631007247311e-007	-5.940293e-002	0.000000e+000
2.131818749228691e-007	-6.246169e-002	0.000000e+000
2.134096023717237e-007	-6.578583e-002	0.000000e+000
2.136281406967288e-007	-6.911918e-002	0.000000e+000
2.138494501973998e-007	-7.264069e-002	0.000000e+000
2.140393141849908e-007	-7.578838e-002	0.000000e+000
2.142369352599040e-007	-7.919995e-002	0.000000e+000
2.144366573819975e-007	-8.280274e-002	0.000000e+000
2.147115865659079e-007	-8.800574e-002	0.000000e+000
2.149697971227154e-007	-9.313402e-002	0.000000e+000
2.151679865068636e-007	-9.726556e-002	0.000000e+000
2.153688623729053e-007	-1.016439e-001	0.000000e+000
2.155680531678777e-007	-1.061694e-001	0.000000e+000
2.157692405267344e-007	-1.109346e-001	0.000000e+000
2.159814096064756e-007	-1.161791e-001	0.000000e+000
2.162198764740659e-007	-1.223360e-001	0.000000e+000
2.164648803363877e-007	-1.289582e-001	0.000000e+000
2.167578490863877e-007	-1.372533e-001	0.000000e+000
2.170508178363877e-007	-1.459156e-001	0.000000e+000
2.173022864867138e-007	-1.536524e-001	0.000000e+000
2.175666886423603e-007	-1.620631e-001	0.000000e+000
2.178051613531047e-007	-1.698586e-001	0.000000e+000
2.180495594955349e-007	-1.780283e-001	0.000000e+000
2.182821275780408e-007	-1.859349e-001	0.000000e+000
2.185024112986533e-007	-1.935157e-001	0.000000e+000
2.187252146638081e-007	-2.012401e-001	0.000000e+000
2.189536175236562e-007	-2.091801e-001	0.000000e+000
2.191550795449972e-007	-2.161662e-001	0.000000e+000
2.194040586364879e-007	-2.247302e-001	0.000000e+000
2.196457496754994e-007	-2.329094e-001	0.000000e+000
2.199387184254994e-007	-2.425828e-001	0.000000e+000
2.201758370967900e-007	-2.501660e-001	0.000000e+000
2.203685451987200e-007	-2.560932e-001	0.000000e+000
2.205580397409816e-007	-2.616717e-001	0.000000e+000
2.207485766598689e-007	-2.669947e-001	0.000000e+000
2.209621074460208e-007	-2.725772e-001	0.000000e+000
2.211893028305471e-007	-2.780384e-001	0.000000e+000
2.214123241783857e-007	-2.828477e-001	0.000000e+000
2.216456295561342e-007	-2.872421e-001	0.000000e+000
2.218591268455804e-007	-2.906270e-001	0.000000e+000
2.220840816584607e-007	-2.934539e-001	0.000000e+000
2.223254375307808e-007	-2.956330e-001	0.000000e+000
2.225643577810823e-007	-2.968733e-001	0.000000e+000
2.228038221700669e-007	-2.971402e-001	0.000000e+000
2.230464466614861e-007	-2.963747e-001	0.000000e+000
2.233028931686446e-007	-2.945167e-001	0.000000e+000
2.234852914035544e-007	-2.925004e-001	0.000000e+000
2.236562877604070e-007	-2.900148e-001	0.000000e+000
2.238287698597296e-007	-2.869373e-001	0.000000e+000
2.240577141149071e-007	-2.820429e-001	0.000000e+000
2.243136350191189e-007	-2.756235e-001	0.000000e+000
2.245566961675339e-007	-2.685933e-001	0.000000e+000
2.248098762610410e-007	-2.603822e-001	0.000000e+000
2.250099803660618e-007	-2.532811e-001	0.000000e+000
2.252090257560293e-007	-2.456799e-001	0.000000e+000
2.254202958220987e-007	-2.371198e-001	0.000000e+000
2.256354570914221e-007	-2.279452e-001	0.000000e+000
2.258528124181055e-007	-2.182630e-001	0.000000e+000
2.260713523874710e-007	-2.081628e-001	0.000000e+000
2.263141594777514e-007	-1.966005e-001	0.000000e+000
2.265567109922567e-007	-1.847849e-001	0.000000e+000
2.267920179909088e-007	-1.731417e-001	0.000000e+000
2.270287447050369e-007	-1.613333e-001	0.000000e+000
2.272748130444163e-007	-1.490490e-001	0.000000e+000
2.274970411308765e-007	-1.380254e-001	0.000000e+000
2.277268713989145e-007	-1.267797e-001	0.000000e+000
2.279650963250563e-007	-1.153700e-001	0.000000e+000
2.282052687493305e-007	-1.042158e-001	0.000000e+000
2.284644370846051e-007	-9.264095e-002	0.000000e+000
2.286829946785933e-007	-8.333562e-002	0.000000e+000
2.289034523969210e-007	-7.448221e-002	0.000000e+000
2.291500537286992e-007	-6.522903e-002	0.000000e+000
2.293843885286620e-007	-5.713798e-002	0.000000e+000
2.296411258393054e-007	-4.910975e-002	0.000000e+000
2.298826176234104e-007	-4.235541e-002	0.000000e+000
2.300996852230839e-007	-3.701499e-002	0.000000e+000
2.303314090951616e-007	-3.205984e-002	0.000000e+000
2.305434235517508e-007	-2.820564e-002	0.000000e+000
2.307983033965925e-007	-2.437042e-002	0.000000e+000
2.310278776710522e-007	-2.158299e-002	0.000000e+000
2.312448950436525e-007	-1.952576e-002	0.000000e+000
2.314449472408810e-007	-1.808793e-002	0.000000e+000
2.316597277499459e-007	-1.696638e-002	0.000000e+000
2.318608922618831e-007	-1.625492e-002	0.000000e+000
2.320749396305214e-007	-1.580784e-002	0.000000e+000
2.322956711445151e-007	-1.561449e-002	0.000000e+000
2.325721533187310e-007	-1.563330e-002	0.000000e+000
2.328029943659689e-007	-1.579794e-002	0.000000e+000
2.330362241576593e-007	-1.605179e-002	0.000000e+000
2.332820223635894e-007	-1.634509e-002	0.000000e+000
2.335161361047557e-007	-1.660561e-002	0.000000e+000
2.337270608803060e-007	-1.679268e-002	0.000000e+000
2.339629502110716e-007	-1.692726e-002	0.000000e+000
2.341785445188586e-007	-1.697587e-002	0.000000e+000
2.343376331312235e-007	-1.695621e-002	0.000000e+000
2.344933408351441e-007	-1.688537e-002	0.000000e+000
2.346668335743550e-007	-1.675332e-002	0.000000e+000
2.348310325403542e-007	-1.657811e-002	0.000000e+000
2.350064533136174e-007	-1.633804e-002	0.000000e+000
2.351785958839172e-007	-1.605207e-002	0.000000e+000
2.353675882442735e-007	-1.568633e-002	0.000000e+000
2.355224814112168e-007	-1.534729e-002	0.000000e+000
2.356835868313469e-007	-1.495384e-002	0.000000e+000
2.358931422504979e-007	-1.438938e-002	0.000000e+000
2.361130929033890e-007	-1.373845e-002	0.000000e+000
2.363415639933871e-007	-1.299825e-002	0.000000e+000
2.365734012250254e-007	-1.218287e-002	0.000000e+000
2.367949557541442e-007	-1.134406e-002	0.000000e+000
2.370092408741049e-007	-1.047881e-002	0.000000e+000
2.372083955865629e-007	-9.627897e-003	0.000000e+000
2.374279600644643e-007	-8.644862e-003	0.000000e+000
2.376022332167341e-007	-7.834047e-003	0.000000e+000
2.378032271502596e-007	-6.869551e-003	0.000000e+000
2.380267107261878e-007	-5.774763e-003	0.000000e+000
2.382518833746103e-007	-4.660350e-003	0.000000e+000
2.384626837072342e-007	-3.620007e-003	0.000000e+000
2.386755279469270e-007	-2.587783e-003	0.000000e+000
2.388928632746199e-007	-1.568481e-003	0.000000e+000
2.391150503223896e-007	-5.754475e-004	0.000000e+000
2.393024388961043e-007	2.144088e-004	0.000000e+000
2.394452769288923e-007	7.760127e-004	0.000000e+000
2.396175128558528e-007	1.403289e-003	0.000000e+000
2.397770583878879e-007	1.936905e-003	0.000000e+000
2.399330554790219e-007	2.407701e-003	0.000000e+000
2.401103383593747e-007	2.884618e-003	0.000000e+000
2.402725411756356e-007	3.262124e-003	0.000000e+000
2.405107353484995e-007	3.730504e-003	0.000000e+000
2.406883632621204e-007	4.018037e-003	0.000000e+000
2.408941490383006e-007	4.283111e-003	0.000000e+000
2.410966246647961e-007	4.489244e-003	0.000000e+000
2.413042379374388e-007	4.652619e-003	0.000000e+000
2.415192230466610e-007	4.783678e-003	0.000000e+000
2.417381470193282e-007	4.890080e-003	0.000000e+000
2.419495130958339e-007	4.977346e-003	0.000000e+000
2.421577724415519e-007	5.056806e-003	0.000000e+000
2.423254396498446e-007	5.120537e-003	0.000000e+000
2.425171705931407e-007	5.196394e-003	0.000000e+000
2.427103103823331e-007	5.277227e-003	0.000000e+000
2.429112134061156e-007	5.365722e-003	0.000000e+000
2.431322745811167e-007	5.465745e-003	0.000000e+000
2.433314878998837e-007	5.554841e-003	0.000000e+000
2.435386067481132e-007	5.642272e-003	0.000000e+000
2.437315892475419e-007	5.714800e-003	0.000000e+000
2.439423265006494e-007	5.780049e-003	0.000000e+000
2.441763060217488e-007	5.834466e-003	0.000000e+000
2.443889954209473e-007	5.867006e-003	0.000000e+000
2.446319600721661e-007	5.888725e-003	0.000000e+000
2.448753681597425e-007	5.905252e-003	0.000000e+000
2.451415675116543e-007	5.932929e-003	0.000000e+000
2.453480730794842e-007	5.977847e-003	0.000000e+000
2.455644891198818e-007	6.065776e-003	0.000000e+000
2.457648558644427e-007	6.201794e-003	0.000000e+000
2.459915650017111e-007	6.436160e-003	0.000000e+000
2.462027926871222e-007	6.745564e-003	0.000000e+000
2.464130923555883e-007	7.159633e-003	0.000000e+000
2.466286037571376e-007	7.696922e-003	0.000000e+000
2.468092455141461e-007	8.240302e-003	0.000000e+000
2.469671454464366e-007	8.791313e-003	0.000000e+000
2.471184534854912e-007	9.385787e-003	0.000000e+000
2.472868641351225e-007	1.011461e-002	0.000000e+000
2.474407812628089e-007	1.083762e-002	0.000000e+000
2.476126285020175e-007	1.170205e-002	0.000000e+000
2.477899530137143e-007	1.264289e-002	0.000000e+000
2.480039127516148e-007	1.382052e-002	0.000000e+000
2.481979644837154e-007	1.490518e-002	0.000000e+000
2.484090692619420e-007	1.607457e-002	0.000000e+000
2.486300222415537e-007	1.725132e-002	0.000000e+000
2.488595101784690e-007	1.838518e-002	0.000000e+000
2.490889439090263e-007	1.939610e-002	0.000000e+000
2.492962491939406e-007	2.017620e-002	0.000000e+000
2.494855608884260e-007	2.075318e-002	0.000000e+000
2.496786054131083e-007	2.118762e-002	0.000000e+000
2.499156511413503e-007	2.152194e-002	0.000000e+000
2.501265095137920e-007	2.163504e-002	0.000000e+000
2.503414066875131e-007	2.156583e-002	0.000000e+000
2.505417875789578e-007	2.134474e-002	0.000000e+000
2.507585101721140e-007	2.095109e-002	0.000000e+000
2.509902421389033e-007	2.038994e-002	0.000000e+000
2.512108792622399e-007	1.974809e-002	0.000000e+000
2.514316597507882e-007	1.902842e-002	0.000000e+000
2.516939471655296e-007	1.812316e-002	0.000000e+000
2.519458264719786e-007	1.724345e-002	0.000000e+000
2.521497905954488e-007	1.654765e-002	0.000000e+000
2.523358494372305e-007	1.594414e-002	0.000000e+000
2.525223160578568e-007	1.538058e-002	0.000000e+000
2.527261657565458e-007	1.481559e-002	0.000000e+000
2.529180719023012e-007	1.433489e-002	0.000000e+000
2.531239587928580e-007	1.386855e-002	0.000000e+000
2.532543985464989e-007	1.359723e-002	0.000000e+000
2.533461808639030e-007	1.341859e-002	0.000000e+000
2.534338411863398e-007	1.325582e-002	0.000000e+000
2.535730752186355e-007	1.300618e-002	0.000000e+000
2.537127526133450e-007	1.276075e-002	0.000000e+000
2.538714411666470e-007	1.248132e-002	0.000000e+000
2.540164393382373e-007	1.221667e-002	0.000000e+000
2.541799345259566e-007	1.189254e-002	0.000000e+000
2.544069416672705e-007	1.138350e-002	0.000000e+000
2.546107709016286e-007	1.084705e-002	0.000000e+000
2.548192207234113e-007	1.018756e-002	0.000000e+000
2.550397208530834e-007	9.341659e-003	0.000000e+000
2.552865635081743e-007	8.195447e-003	0.000000e+000
2.555212534450937e-007	6.890114e-003	0.000000e+000
2.557469826650521e-007	5.409854e-003	0.000000e+000
2.559715611145761e-007	3.707238e-003	0.000000e+000
2.561996662675652e-007	1.747451e-003	0.000000e+000
2.564060606480248e-007	-2.347355e-004	0.000000e+000
2.566418561407599e-007	-2.745553e-003	0.000000e+000
2.569348248907599e-007	-6.160428e-003	0.000000e+000
2.572012454770903e-007	-9.505189e-003	0.000000e+000
2.573932708434793e-007	-1.206215e-002	0.000000e+000
2.576148595923677e-007	-1.513716e-002	0.000000e+000
2.578151677068685e-007	-1.799581e-002	0.000000e+000
2.580497518478751e-007	-2.140662e-002	0.000000e+000
2.582691574693344e-007	-2.462034e-002	0.000000e+000
2.584983038939970e-007	-2.795889e-002	0.000000e+000
2.587912726439970e-007	-3.214573e-002	0.000000e+000
2.590412209713349e-007	-3.558888e-002	0.000000e+000
2.593153184611896e-007	-3.916539e-002	0.000000e+000
2.595640584898658e-007	-4.217556e-002	0.000000e+000
2.598570272398658e-007	-4.537969e-002	0.000000e+000
2.601499959898658e-007	-4.821034e-002	0.000000e+000
2.603911416862409e-007	-5.020872e-002	0.000000e+000
2.606375898423917e-007	-5.191670e-002	0.000000e+000
2.608676438721070e-007	-5.320971e-002	0.000000e+000
2.611073966577700e-007	-5.424706e-002	0.000000e+000
2.613428314541129e-007	-5.496795e-002	0.000000e+000
2.615943132121056e-007	-5.542347e-002	0.000000e+000
2.618588222257632e-007	-5.558090e-002	0.000000e+000
2.621367169626736e-007	-5.544124e-002	0.000000e+000
2.623392448499402e-007	-5.515007e-002	0.000000e+000
2.625091298449712e-007	-5.476817e-002	0.000000e+000
2.627126974274076e-007	-5.417271e-002	0.000000e+000
2.628984706554010e-007	-5.351100e-002	0.000000e+000
2.630889559060673e-007	-5.270889e-002	0.000000e+000
2.632921113455005e-007	-5.172288e-002	0.000000e+000
2.634917471479039e-007	-5.062153e-002	0.000000e+000
2.636872933343911e-007	-4.940336e-002	0.000000e+000
2.639004555878457e-007	-4.791169e-002	0.000000e+000
2.641130839261000e-007	-4.623828e-002	0.000000e+000
2.643505069913282e-007	-4.412854e-002	0.000000e+000
2.646015533796979e-007	-4.162140e-002	0.000000e+000
2.648087953364843e-007	-3.930044e-002	0.000000e+000
2.650340503762355e-007	-3.646561e-002	0.000000e+000
2.653270191262355e-007	-3.233178e-002	0.000000e+000
2.656199878762355e-007	-2.771352e-002	0.000000e+000
2.658871942689012e-007	-2.304616e-002	0.000000e+000
2.661556491315289e-007	-1.793307e-002	0.000000e+000
2.664241276134103e-007	-1.245529e-002	0.000000e+000
2.666715209544643e-007	-7.137320e-003	0.000000e+000
2.668942771567517e-007	-2.171296e-003	0.000000e+000
2.671288369272345e-007	3.169895e-003	0.000000e+000
2.673780577781540e-007	8.878157e-003	0.000000e+000
2.676429039586576e-007	1.488043e-002	0.000000e+000
2.678996702317344e-007	2.051879e-002	0.000000e+000
2.681926389817344e-007	2.660787e-002	0.000000e+000
2.684730411976731e-007	3.196851e-002	0.000000e+000
2.687660099476731e-007	3.695759e-002	0.000000e+000
2.690426813880385e-007	4.100007e-002	0.000000e+000
2.693307250543423e-007	4.449236e-002	0.000000e+000
2.695464425683301e-007	4.657927e-002	0.000000e+000
2.697713899722819e-007	4.828187e-002	0.000000e+000
2.698926287176065e-007	4.899510e-002	0.000000e+000
2.700137526967289e-007	4.953282e-002	0.000000e+000
2.701413158919605e-007	4.993705e-002	0.000000e+000
2.703130981676659e-007	5.025621e-002	0.000000e+000
2.704721651748265e-007	5.033257e-002	0.000000e+000
2.706548478368264e-007	5.012916e-002	0.000000e+000
2.709443230888357e-007	4.932891e-002	0.000000e+000
2.712363158200285e-007	4.805180e-002	0.000000e+000
2.714940175889455e-007	4.654204e-002	0.000000e+000
2.717541160864303e-007	4.473131e-002	0.000000e+000
2.719116682078700e-007	4.350704e-002	0.000000e+000
2.720968992067150e-007	4.194863e-002	0.000000e+000
2.723117879452067e-007	4.003187e-002	0.000000e+000
2.725325312987996e-007	3.795833e-002	0.000000e+000
2.727563871241539e-007	3.575290e-002	0.000000e+000
2.730463824307299e-007	3.277414e-002	0.000000e+000
2.732853048073556e-007	3.023058e-002	0.000000e+000
2.734703923267449e-007	2.819607e-002	0.000000e+000
2.736630116230572e-007	2.602158e-002	0.000000e+000
2.738464971892190e-007	2.390097e-002	0.000000e+000
2.740266583497560e-007	2.177129e-002	0.000000e+000
2.742294035320104e-007	1.932416e-002	0.000000e+000
2.744388905442814e-007	1.674662e-002	0.000000e+000
2.747169826605083e-007	1.327359e-002	0.000000e+000
2.749857508417100e-007	9.897072e-003	0.000000e+000
2.752735145421699e-007	6.304904e-003	0.000000e+000
2.755128098294333e-007	3.385618e-003	0.000000e+000
2.757552929668426e-007	5.530465e-004	0.000000e+000
2.760222951246959e-007	-2.377146e-003	0.000000e+000
2.762347891146806e-007	-4.514312e-003	0.000000e+000
2.764562391144372e-007	-6.489469e-003	0.000000e+000
2.767028818262866e-007	-8.365888e-003	0.000000e+000
2.769434340851420e-007	-9.836221e-003	0.000000e+000
2.771694751712393e-007	-1.082859e-002	0.000000e+000
2.774417607508680e-007	-1.154663e-002	0.000000e+000
2.776554338267630e-007	-1.172445e-002	0.000000e+000
2.779048229948409e-007	-1.147792e-002	0.000000e+000
2.781552423763759e-007	-1.084708e-002	0.000000e+000
2.783076130217694e-007	-1.025652e-002	0.000000e+000
2.784839472751921e-007	-9.375679e-003	0.000000e+000
2.786658670895457e-007	-8.300637e-003	0.000000e+000
2.788986903020074e-007	-6.730575e-003	0.000000e+000
2.791627618443982e-007	-4.784243e-003	0.000000e+000
2.794094867935668e-007	-2.881061e-003	0.000000e+000
2.796532795688255e-007	-1.000275e-003	0.000000e+000
2.798758465375999e-007	6.462341e-004	0.000000e+000
2.800774382302376e-007	2.014684e-003	0.000000e+000
2.803120912915196e-007	3.404487e-003	0.000000e+000
2.805495450739832e-007	4.536485e-003	0.000000e+000
2.808198785529101e-007	5.455758e-003	0.000000e+000
2.810460142850601e-007	5.885118e-003	0.000000e+000
2.812746190859335e-007	5.972108e-003	0.000000e+000
2.814730538360798e-007	5.768309e-003	0.000000e+000
2.816585984644621e-007	5.335241e-003	0.000000e+000
2.818322976897859e-007	4.725693e-003	0.000000e+000
2.820047745475744e-007	3.924032e-003	0.000000e+000
2.822221635361603e-007	2.676750e-003	0.000000e+000
2.824317963195087e-007	1.247163e-003	0.000000e+000
2.826909737142353e-007	-7.890096e-004	0.000000e+000
2.829483429295993e-007	-3.036376e-003	0.000000e+000
2.831768184922472e-007	-5.189506e-003	0.000000e+000
2.833479207830246e-007	-6.888768e-003	0.000000e+000
2.835651451083771e-007	-9.121346e-003	0.000000e+000
2.837295656189580e-007	-1.084736e-002	0.000000e+000
2.838352630534441e-007	-1.197281e-002	0.000000e+000
2.839248919440837e-007	-1.293499e-002	0.000000e+000
2.840133739187561e-007	-1.389019e-002	0.000000e+000
2.841531144034057e-007	-1.540554e-002	0.000000e+000
2.842808005906187e-007	-1.679540e-002	0.000000e+000
2.844523054841834e-007	-1.866805e-002	0.000000e+000
2.846316411429354e-007	-2.063067e-002	0.000000e+000
2.848438878965752e-007	-2.295839e-002	0.000000e+000
2.850839202921661e-007	-2.559741e-002	0.000000e+000
2.853289924783406e-007	-2.830158e-002	0.000000e+000
2.855842889186853e-007	-3.113168e-002	0.000000e+000
2.857844125678113e-007	-3.336187e-002	0.000000e+000
2.859750470771857e-007	-3.549752e-002	0.000000e+000
2.861854432439621e-007	-3.786463e-002	0.000000e+000
2.863918725172444e-007	-4.019279e-002	0.000000e+000
2.866139850385165e-007	-4.269660e-002	0.000000e+000
2.868120386862949e-007	-4.491830e-002	0.000000e+000
2.870112060211856e-007	-4.712874e-002	0.000000e+000
2.872225311586013e-007	-4.942982e-002	0.000000e+000
2.874649882303345e-007	-5.198993e-002	0.000000e+000
2.877179814220302e-007	-5.453768e-002	0.000000e+000
2.879862030557525e-007	-5.706512e-002	0.000000e+000
2.882296191655771e-007	-5.916324e-002	0.000000e+000
2.884768300879454e-007	-6.107510e-002	0.000000e+000
2.886746534332895e-007	-6.241630e-002	0.000000e+000
2.888941750640058e-007	-6.368336e-002	0.000000e+000
2.891108497624830e-007	-6.470282e-002	0.000000e+000
2.893537349969014e-007	-6.556341e-002	0.000000e+000
2.896006939380696e-007	-6.615439e-002	0.000000e+000
2.898026521519768e-007	-6.641131e-002	0.000000e+000
2.900082304708490e-007	-6.646147e-002	0.000000e+000
2.902051017536257e-007	-6.631793e-002	0.000000e+000
2.904594434180862e-007	-6.589029e-002	0.000000e+000
2.907137792926424e-007	-6.523549e-002	0.000000e+000
2.909586188180350e-007	-6.440804e-002	0.000000e+000
2.911669154293368e-007	-6.356779e-002	0.000000e+000
2.913543335972839e-007	-6.271255e-002	0.000000e+000
2.915425484136020e-007	-6.177032e-002	0.000000e+000
2.917431957685382e-007	-6.068207e-002	0.000000e+000
2.919774050277836e-007	-5.930999e-002	0.000000e+000
2.922314028920000e-007	-5.769945e-002	0.000000e+000
2.924876595906896e-007	-5.592994e-002	0.000000e+000
2.927416725755236e-007	-5.400707e-002	0.000000e+000
2.929806799624962e-007	-5.200720e-002	0.000000e+000
2.932223226725985e-007	-4.975154e-002	0.000000e+000
2.934712355374147e-007	-4.715334e-002	0.000000e+000
2.936800833480334e-007	-4.471125e-002	0.000000e+000
2.938904815497321e-007	-4.195901e-002	0.000000e+000
2.941022476865855e-007	-3.886902e-002	0.000000e+000
2.943236351354795e-007	-3.524037e-002	0.000000e+000
2.946049055599832e-007	-3.006907e-002	0.000000e+000
2.948517830114073e-007	-2.499601e-002	0.000000e+000
2.951021575621028e-007	-1.929594e-002	0.000000e+000
2.953358906762311e-007	-1.348216e-002	0.000000e+000
2.955864798155452e-007	-6.753294e-003	0.000000e+000
2.958268719370025e-007	1.236307e-004	0.000000e+000
2.960571174660384e-007	7.057977e-003	0.000000e+000
2.962884665244238e-007	1.429961e-002	0.000000e+000
2.965180399339269e-007	2.167825e-002	0.000000e+000
2.967388998971841e-007	2.888471e-002	0.000000e+000
2.969541095246926e-007	3.593194e-002	0.000000e+000
2.972076331938345e-007	4.417222e-002	0.000000e+000
2.974248502892309e-007	5.111744e-002	0.000000e+000
2.975812271760070e-007	5.600792e-002	0.000000e+000
2.977030640772108e-007	5.972524e-002	0.000000e+000
2.978301704703733e-007	6.349273e-002	0.000000e+000
2.980090462961275e-007	6.860165e-002	0.000000e+000
2.982135594789182e-007	7.416221e-002	0.000000e+000
2.984258208826805e-007	7.957667e-002	0.000000e+000
2.986418303753930e-007	8.467667e-002	0.000000e+000
2.988608229069120e-007	8.940613e-002	0.000000e+000
2.990695999676719e-007	9.347706e-002	0.000000e+000
2.992858352749397e-007	9.722826e-002	0.000000e+000
2.995058079500785e-007	1.005664e-001	0.000000e+000
2.997256905412478e-007	1.034470e-001	0.000000e+000
2.998952124171907e-007	1.053646e-001	0.000000e+000
3.000000000000000e-007	1.064207e-001	0.000000e+000
