time	V(out)	V(n110)
0.000000000000000e+000	0.000000e+000	0.000000e+000
2.929687488293547e-015	0.000000e+000	3.906250e-007
5.859374976587093e-015	0.000000e+000	7.812500e-007
6.862165151151572e-012	-2.554878e-036	9.149554e-004
1.371847092732656e-011	-2.271245e-036	1.829129e-003
2.057477670350154e-011	8.508983e-037	2.743304e-003
2.743108247967653e-011	6.811552e-036	3.657478e-003
3.428738825585152e-011	1.561072e-035	4.571652e-003
4.114369403202650e-011	2.724839e-035	5.485826e-003
4.799999980820147e-011	4.172458e-035	6.400000e-003
9.599999961640293e-011	1.328414e-033	1.280000e-002
1.404606014236564e-010	1.108846e-032	1.872808e-002
1.783236865824396e-010	6.090219e-032	2.377649e-002
2.133624804419512e-010	3.450267e-031	2.844833e-002
2.524063542346291e-010	2.192890e-030	3.365418e-002
2.929017788970751e-010	1.795115e-029	3.905357e-002
3.425937548498207e-010	1.879949e-028	4.567917e-002
3.978514655120629e-010	2.451749e-027	5.304686e-002
4.645797710677467e-010	3.517280e-026	6.194397e-002
5.403068812387455e-010	5.701442e-025	7.204092e-002
6.307358062350067e-010	4.677667e-024	8.409811e-002
7.079893803692038e-010	2.324803e-023	9.439858e-002
7.836459236611360e-010	1.112868e-022	1.044861e-001
8.648150319715812e-010	5.604951e-022	1.153087e-001
9.533838991931447e-010	2.972630e-021	1.271179e-001
1.051271808406190e-009	1.655413e-020	1.401696e-001
1.159241009936822e-009	9.580322e-020	1.545655e-001
1.278989387682814e-009	4.988991e-019	1.705319e-001
1.396557812889040e-009	2.022444e-018	1.862077e-001
1.506237046328306e-009	7.174562e-018	2.008316e-001
1.622814105635591e-009	2.595930e-017	2.163752e-001
1.745252821730089e-009	9.412151e-017	2.327004e-001
1.878826092854390e-009	3.517576e-016	2.505102e-001
2.021722797969882e-009	1.328711e-015	2.695630e-001
2.177735489724571e-009	4.564470e-015	2.903647e-001
2.313196995441449e-009	1.286968e-014	3.084263e-001
2.459900481889274e-009	3.763384e-014	3.279867e-001
2.607287994033612e-009	1.063729e-013	3.476384e-001
2.769490394963852e-009	3.127847e-013	3.692654e-001
2.937795246810038e-009	9.090590e-013	3.917060e-001
3.121752783602823e-009	2.651380e-012	4.162337e-001
3.302567426917904e-009	6.886573e-012	4.403423e-001
3.469663158168818e-009	1.643848e-011	4.626217e-001
3.654689521796325e-009	4.114297e-011	4.872919e-001
3.840326689610303e-009	9.966384e-011	5.120435e-001
4.044539681062960e-009	2.423687e-010	5.392720e-001
4.227764990841842e-009	5.207101e-010	5.637020e-001
4.422060856622966e-009	1.139786e-009	5.896081e-001
4.617703273332351e-009	2.437244e-009	6.156937e-001
4.828249772229197e-009	5.325398e-009	6.437666e-001
5.045663440658807e-009	1.123317e-008	6.727551e-001
5.245432756380019e-009	2.183729e-008	6.993910e-001
5.458741969749343e-009	4.332238e-008	7.278323e-001
5.673013220345513e-009	8.406779e-008	7.564018e-001
5.903196680214902e-009	1.662940e-007	7.870929e-001
6.139795083728871e-009	3.235454e-007	8.186393e-001
6.380624396246036e-009	6.110500e-007	8.507499e-001
6.603133903572156e-009	1.083559e-006	8.804179e-001
6.847718035593554e-009	1.985202e-006	9.130291e-001
7.089802146036687e-009	3.393698e-006	9.453070e-001
7.236801332389910e-009	4.588817e-006	9.649069e-001
7.287424495486998e-009	5.125356e-006	9.716566e-001
7.388670821681173e-009	6.443863e-006	9.851561e-001
7.499999999999999e-009	8.096028e-006	1.000000e+000
7.511132917831881e-009	8.294299e-006	1.000000e+000
7.533398753495646e-009	8.704464e-006	1.000000e+000
7.577930424823177e-009	9.596136e-006	1.000000e+000
7.666993767478238e-009	1.172094e-005	1.000000e+000
7.845120452788359e-009	1.743479e-005	1.000000e+000
8.098341577206087e-009	2.933678e-005	1.000000e+000
8.351834144484722e-009	4.790654e-005	1.000000e+000
8.627669502504106e-009	7.927322e-005	1.000000e+000
8.878472325072839e-009	1.234346e-004	1.000000e+000
9.160104665887638e-009	1.989696e-004	1.000000e+000
9.434073308813984e-009	3.100573e-004	1.000000e+000
9.727042058813984e-009	4.856882e-004	1.000000e+000
9.991087956773417e-009	7.173277e-004	1.000000e+000
1.028405670677342e-008	1.087272e-003	1.000000e+000
1.057186180922228e-008	1.602534e-003	1.000000e+000
1.086483055922228e-008	2.334975e-003	1.000000e+000
1.114783173763909e-008	3.307417e-003	1.000000e+000
1.144080048763909e-008	4.669595e-003	1.000000e+000
1.173376923763909e-008	6.484130e-003	1.000000e+000
1.202673798763909e-008	8.867732e-003	1.000000e+000
1.231970673763909e-008	1.195084e-002	1.000000e+000
1.261267548763909e-008	1.587924e-002	1.000000e+000
1.290564423763909e-008	2.081196e-002	1.000000e+000
1.319861298763909e-008	2.691797e-002	1.000000e+000
1.349158173763909e-008	3.437171e-002	1.000000e+000
1.378455048763909e-008	4.334749e-002	1.000000e+000
1.407751923763909e-008	5.401297e-002	1.000000e+000
1.437048798763909e-008	6.652185e-002	1.000000e+000
1.466345673763909e-008	8.100637e-002	1.000000e+000
1.495642548763909e-008	9.756979e-002	1.000000e+000
1.524939423763909e-008	1.162796e-001	1.000000e+000
1.554236298763909e-008	1.371619e-001	1.000000e+000
1.583533173763909e-008	1.601971e-001	1.000000e+000
1.612830048763910e-008	1.853180e-001	1.000000e+000
1.642126923763910e-008	2.124101e-001	1.000000e+000
1.671423798763910e-008	2.413140e-001	1.000000e+000
1.700720673763910e-008	2.718307e-001	1.000000e+000
1.730017548763910e-008	3.037283e-001	1.000000e+000
1.759314423763910e-008	3.367509e-001	1.000000e+000
1.788611298763910e-008	3.706285e-001	1.000000e+000
1.817908173763910e-008	4.050865e-001	1.000000e+000
1.847205048763910e-008	4.398558e-001	1.000000e+000
1.876501923763910e-008	4.746805e-001	1.000000e+000
1.905798798763910e-008	5.093248e-001	1.000000e+000
1.935095673763910e-008	5.435773e-001	1.000000e+000
1.964392548763910e-008	5.772517e-001	1.000000e+000
1.993689423763910e-008	6.101873e-001	1.000000e+000
2.022986298763910e-008	6.422451e-001	1.000000e+000
2.052283173763910e-008	6.733033e-001	1.000000e+000
2.081580048763910e-008	7.032527e-001	1.000000e+000
2.110876923763910e-008	7.319902e-001	1.000000e+000
2.140173798763910e-008	7.594152e-001	1.000000e+000
2.169470673763910e-008	7.854264e-001	1.000000e+000
2.198767548763911e-008	8.099214e-001	1.000000e+000
2.228064423763911e-008	8.327982e-001	1.000000e+000
2.257361298763911e-008	8.539605e-001	1.000000e+000
2.286658173763911e-008	8.733234e-001	1.000000e+000
2.315955048763911e-008	8.908221e-001	1.000000e+000
2.345251923763911e-008	9.064200e-001	1.000000e+000
2.374548798763911e-008	9.201171e-001	1.000000e+000
2.403845673763911e-008	9.319559e-001	1.000000e+000
2.433142548763911e-008	9.420249e-001	1.000000e+000
2.462439423763911e-008	9.504591e-001	1.000000e+000
2.491736298763911e-008	9.574354e-001	1.000000e+000
2.521033173763911e-008	9.631658e-001	1.000000e+000
2.550330048763911e-008	9.678851e-001	1.000000e+000
2.579626923763911e-008	9.718384e-001	1.000000e+000
2.608923798763911e-008	9.752648e-001	1.000000e+000
2.638220673763911e-008	9.783831e-001	1.000000e+000
2.667517548763911e-008	9.813778e-001	1.000000e+000
2.696814423763911e-008	9.843886e-001	1.000000e+000
2.726111298763911e-008	9.875036e-001	1.000000e+000
2.755408173763911e-008	9.907572e-001	1.000000e+000
2.784705048763912e-008	9.941334e-001	1.000000e+000
2.814001923763912e-008	9.975729e-001	1.000000e+000
2.843298798763912e-008	1.000985e+000	1.000000e+000
2.872595673763912e-008	1.004261e+000	1.000000e+000
2.901892548763912e-008	1.007289e+000	1.000000e+000
2.931189423763912e-008	1.009971e+000	1.000000e+000
2.960486298763912e-008	1.012231e+000	1.000000e+000
2.989783173763912e-008	1.014026e+000	1.000000e+000
3.019080048763912e-008	1.015353e+000	1.000000e+000
3.048376923763912e-008	1.016246e+000	1.000000e+000
3.077673798763912e-008	1.016772e+000	1.000000e+000
3.106970673763912e-008	1.017027e+000	1.000000e+000
3.136267548763912e-008	1.017116e+000	1.000000e+000
3.165564423763912e-008	1.017153e+000	1.000000e+000
3.194861298763912e-008	1.017237e+000	1.000000e+000
3.224158173763912e-008	1.017450e+000	1.000000e+000
3.253455048763912e-008	1.017847e+000	1.000000e+000
3.282751923763912e-008	1.018450e+000	1.000000e+000
3.312048798763912e-008	1.019252e+000	1.000000e+000
3.341345673763912e-008	1.020218e+000	1.000000e+000
3.370642548763912e-008	1.021294e+000	1.000000e+000
3.399939423763912e-008	1.022417e+000	1.000000e+000
3.429236298763912e-008	1.023525e+000	1.000000e+000
3.458533173763912e-008	1.024567e+000	1.000000e+000
3.487830048763912e-008	1.025510e+000	1.000000e+000
3.517126923763912e-008	1.026350e+000	1.000000e+000
3.546423798763913e-008	1.027110e+000	1.000000e+000
3.575720673763913e-008	1.027838e+000	1.000000e+000
3.605017548763913e-008	1.028609e+000	1.000000e+000
3.634314423763913e-008	1.029512e+000	1.000000e+000
3.663611298763913e-008	1.030648e+000	1.000000e+000
3.692908173763913e-008	1.032114e+000	1.000000e+000
3.722205048763913e-008	1.034003e+000	1.000000e+000
3.751501923763913e-008	1.036391e+000	1.000000e+000
3.780798798763913e-008	1.039339e+000	1.000000e+000
3.810095673763913e-008	1.042885e+000	1.000000e+000
3.839392548763913e-008	1.047053e+000	1.000000e+000
3.868689423763913e-008	1.051850e+000	1.000000e+000
3.897986298763913e-008	1.057276e+000	1.000000e+000
3.927283173763913e-008	1.063326e+000	1.000000e+000
3.956580048763913e-008	1.069996e+000	1.000000e+000
3.985876923763913e-008	1.077289e+000	1.000000e+000
4.015173798763913e-008	1.085212e+000	1.000000e+000
4.044470673763913e-008	1.093783e+000	1.000000e+000
4.073767548763913e-008	1.103016e+000	1.000000e+000
4.103064423763913e-008	1.112928e+000	1.000000e+000
4.132361298763914e-008	1.123524e+000	1.000000e+000
4.161658173763914e-008	1.134793e+000	1.000000e+000
4.190955048763914e-008	1.146700e+000	1.000000e+000
4.220251923763914e-008	1.159181e+000	1.000000e+000
4.249548798763914e-008	1.172138e+000	1.000000e+000
4.278845673763914e-008	1.185441e+000	1.000000e+000
4.308142548763914e-008	1.198928e+000	1.000000e+000
4.337439423763914e-008	1.212409e+000	1.000000e+000
4.366736298763914e-008	1.225676e+000	1.000000e+000
4.396033173763914e-008	1.238509e+000	1.000000e+000
4.425330048763914e-008	1.250685e+000	1.000000e+000
4.454626923763914e-008	1.261991e+000	1.000000e+000
4.483923798763914e-008	1.272227e+000	1.000000e+000
4.513220673763914e-008	1.281219e+000	1.000000e+000
4.542517548763914e-008	1.288820e+000	1.000000e+000
4.571814423763914e-008	1.294913e+000	1.000000e+000
4.601111298763914e-008	1.299414e+000	1.000000e+000
4.630408173763914e-008	1.302271e+000	1.000000e+000
4.659705048763914e-008	1.303461e+000	1.000000e+000
4.689001923763914e-008	1.302988e+000	1.000000e+000
4.718298798763915e-008	1.300883e+000	1.000000e+000
4.747595673763915e-008	1.297198e+000	1.000000e+000
4.776892548763915e-008	1.292005e+000	1.000000e+000
4.806189423763915e-008	1.285396e+000	1.000000e+000
4.835486298763915e-008	1.277481e+000	1.000000e+000
4.864783173763915e-008	1.268387e+000	1.000000e+000
4.894080048763915e-008	1.258256e+000	1.000000e+000
4.923376923763915e-008	1.247242e+000	1.000000e+000
4.952673798763915e-008	1.235511e+000	1.000000e+000
4.981970673763915e-008	1.223235e+000	1.000000e+000
5.011267548763915e-008	1.210588e+000	1.000000e+000
5.040564423763915e-008	1.197742e+000	1.000000e+000
5.069861298763915e-008	1.184862e+000	1.000000e+000
5.099158173763915e-008	1.172097e+000	1.000000e+000
5.128455048763915e-008	1.159582e+000	1.000000e+000
5.157751923763915e-008	1.147429e+000	1.000000e+000
5.187048798763915e-008	1.135731e+000	1.000000e+000
5.216345673763915e-008	1.124557e+000	1.000000e+000
5.245642548763915e-008	1.113959e+000	1.000000e+000
5.274939423763915e-008	1.103970e+000	1.000000e+000
5.304236298763916e-008	1.094610e+000	1.000000e+000
5.333533173763916e-008	1.085890e+000	1.000000e+000
5.362830048763916e-008	1.077816e+000	1.000000e+000
5.392126923763916e-008	1.070392e+000	1.000000e+000
5.421423798763916e-008	1.063618e+000	1.000000e+000
5.450720673763916e-008	1.057496e+000	1.000000e+000
5.480017548763916e-008	1.052024e+000	1.000000e+000
5.509314423763916e-008	1.047195e+000	1.000000e+000
5.538611298763916e-008	1.042993e+000	1.000000e+000
5.567908173763916e-008	1.039392e+000	1.000000e+000
5.597205048763916e-008	1.036350e+000	1.000000e+000
5.626501923763916e-008	1.033810e+000	1.000000e+000
5.655798798763916e-008	1.031697e+000	1.000000e+000
5.685095673763916e-008	1.029924e+000	1.000000e+000
5.714392548763916e-008	1.028394e+000	1.000000e+000
5.743689423763916e-008	1.027004e+000	1.000000e+000
5.772986298763916e-008	1.025655e+000	1.000000e+000
5.802283173763916e-008	1.024259e+000	1.000000e+000
5.831580048763916e-008	1.022743e+000	1.000000e+000
5.860876923763916e-008	1.021061e+000	1.000000e+000
5.890173798763917e-008	1.019195e+000	1.000000e+000
5.919470673763917e-008	1.017157e+000	1.000000e+000
5.948767548763917e-008	1.014990e+000	1.000000e+000
5.978064423763916e-008	1.012763e+000	1.000000e+000
6.007361298763915e-008	1.010565e+000	1.000000e+000
6.036658173763915e-008	1.008501e+000	1.000000e+000
6.065955048763914e-008	1.006677e+000	1.000000e+000
6.095251923763914e-008	1.005197e+000	1.000000e+000
6.124548798763913e-008	1.004148e+000	1.000000e+000
6.153845673763912e-008	1.003597e+000	1.000000e+000
6.183142548763912e-008	1.003583e+000	1.000000e+000
6.212439423763911e-008	1.004119e+000	1.000000e+000
6.241736298763911e-008	1.005184e+000	1.000000e+000
6.271033173763910e-008	1.006736e+000	1.000000e+000
6.300330048763909e-008	1.008707e+000	1.000000e+000
6.329626923763909e-008	1.011018e+000	1.000000e+000
6.358923798763908e-008	1.013583e+000	1.000000e+000
6.388220673763907e-008	1.016317e+000	1.000000e+000
6.417517548763907e-008	1.019147e+000	1.000000e+000
6.446814423763906e-008	1.022016e+000	1.000000e+000
6.476111298763906e-008	1.024885e+000	1.000000e+000
6.505408173763905e-008	1.027741e+000	1.000000e+000
6.534705048763904e-008	1.030593e+000	1.000000e+000
6.564001923763904e-008	1.033467e+000	1.000000e+000
6.593298798763903e-008	1.036406e+000	1.000000e+000
6.622595673763903e-008	1.039460e+000	1.000000e+000
6.651892548763902e-008	1.042680e+000	1.000000e+000
6.681189423763901e-008	1.046107e+000	1.000000e+000
6.710486298763901e-008	1.049767e+000	1.000000e+000
6.739783173763900e-008	1.053664e+000	1.000000e+000
6.769080048763900e-008	1.057774e+000	1.000000e+000
6.798376923763899e-008	1.062042e+000	1.000000e+000
6.827673798763898e-008	1.066382e+000	1.000000e+000
6.856970673763898e-008	1.070681e+000	1.000000e+000
6.886267548763897e-008	1.074800e+000	1.000000e+000
6.915564423763896e-008	1.078585e+000	1.000000e+000
6.944861298763896e-008	1.081872e+000	1.000000e+000
6.974158173763895e-008	1.084496e+000	1.000000e+000
7.003455048763895e-008	1.086305e+000	1.000000e+000
7.032751923763894e-008	1.087164e+000	1.000000e+000
7.062048798763893e-008	1.086965e+000	1.000000e+000
7.091345673763893e-008	1.085635e+000	1.000000e+000
7.120642548763892e-008	1.083132e+000	1.000000e+000
7.149939423763892e-008	1.079457e+000	1.000000e+000
7.179236298763891e-008	1.074642e+000	1.000000e+000
7.208533173763890e-008	1.068753e+000	1.000000e+000
7.237830048763890e-008	1.061881e+000	1.000000e+000
7.267126923763889e-008	1.054136e+000	1.000000e+000
7.296423798763889e-008	1.045639e+000	1.000000e+000
7.325720673763888e-008	1.036518e+000	1.000000e+000
7.355017548763887e-008	1.026897e+000	1.000000e+000
7.384314423763887e-008	1.016896e+000	1.000000e+000
7.413611298763886e-008	1.006629e+000	1.000000e+000
7.442908173763885e-008	9.961998e-001	1.000000e+000
7.472205048763885e-008	9.857070e-001	1.000000e+000
7.501501923763884e-008	9.752460e-001	1.000000e+000
7.530798798763884e-008	9.649124e-001	1.000000e+000
7.560095673763883e-008	9.548064e-001	1.000000e+000
7.589392548763882e-008	9.450352e-001	1.000000e+000
7.618689423763882e-008	9.357144e-001	1.000000e+000
7.647986298763881e-008	9.269678e-001	1.000000e+000
7.677283173763881e-008	9.189242e-001	1.000000e+000
7.706580048763880e-008	9.117125e-001	1.000000e+000
7.735876923763879e-008	9.054548e-001	1.000000e+000
7.765173798763879e-008	9.002579e-001	1.000000e+000
7.794470673763878e-008	8.962059e-001	1.000000e+000
7.823767548763878e-008	8.933513e-001	1.000000e+000
7.853064423763877e-008	8.917096e-001	1.000000e+000
7.882361298763876e-008	8.912556e-001	1.000000e+000
7.911658173763876e-008	8.919230e-001	1.000000e+000
7.940955048763875e-008	8.936068e-001	1.000000e+000
7.970251923763874e-008	8.961698e-001	1.000000e+000
7.999548798763874e-008	8.994511e-001	1.000000e+000
8.028845673763873e-008	9.032770e-001	1.000000e+000
8.058142548763873e-008	9.074727e-001	1.000000e+000
8.087439423763872e-008	9.118736e-001	1.000000e+000
8.116736298763871e-008	9.163353e-001	1.000000e+000
8.146033173763871e-008	9.207414e-001	1.000000e+000
8.175330048763870e-008	9.250076e-001	1.000000e+000
8.204626923763870e-008	9.290831e-001	1.000000e+000
8.233923798763869e-008	9.329479e-001	1.000000e+000
8.263220673763868e-008	9.366078e-001	1.000000e+000
8.292517548763868e-008	9.400864e-001	1.000000e+000
8.321814423763867e-008	9.434167e-001	1.000000e+000
8.351111298763867e-008	9.466324e-001	1.000000e+000
8.380408173763866e-008	9.497601e-001	1.000000e+000
8.409705048763865e-008	9.528133e-001	1.000000e+000
8.439001923763865e-008	9.557899e-001	1.000000e+000
8.468298798763864e-008	9.586721e-001	1.000000e+000
8.497595673763863e-008	9.614286e-001	1.000000e+000
8.526892548763863e-008	9.640205e-001	1.000000e+000
8.556189423763862e-008	9.664072e-001	1.000000e+000
8.585486298763862e-008	9.685546e-001	1.000000e+000
8.614783173763861e-008	9.704417e-001	1.000000e+000
8.644080048763860e-008	9.720659e-001	1.000000e+000
8.673376923763860e-008	9.734471e-001	1.000000e+000
8.702673798763859e-008	9.746273e-001	1.000000e+000
8.731970673763859e-008	9.756697e-001	1.000000e+000
8.761267548763858e-008	9.766529e-001	1.000000e+000
8.790564423763857e-008	9.776642e-001	1.000000e+000
8.819861298763857e-008	9.787919e-001	1.000000e+000
8.849158173763856e-008	9.801160e-001	1.000000e+000
8.878455048763856e-008	9.817008e-001	1.000000e+000
8.907751923763855e-008	9.835885e-001	1.000000e+000
8.937048798763854e-008	9.857945e-001	1.000000e+000
8.966345673763854e-008	9.883068e-001	1.000000e+000
8.995642548763853e-008	9.910862e-001	1.000000e+000
9.024939423763852e-008	9.940713e-001	1.000000e+000
9.054236298763852e-008	9.971830e-001	1.000000e+000
9.083533173763851e-008	1.000332e+000	1.000000e+000
9.112830048763851e-008	1.003427e+000	1.000000e+000
9.142126923763850e-008	1.006381e+000	1.000000e+000
9.171423798763849e-008	1.009116e+000	1.000000e+000
9.200720673763849e-008	1.011571e+000	1.000000e+000
9.230017548763848e-008	1.013699e+000	1.000000e+000
9.259314423763848e-008	1.015474e+000	1.000000e+000
9.288611298763847e-008	1.016882e+000	1.000000e+000
9.317908173763846e-008	1.017924e+000	1.000000e+000
9.347205048763846e-008	1.018609e+000	1.000000e+000
9.376501923763845e-008	1.018951e+000	1.000000e+000
9.405798798763845e-008	1.018963e+000	1.000000e+000
9.435095673763844e-008	1.018659e+000	1.000000e+000
9.464392548763843e-008	1.018044e+000	1.000000e+000
9.493689423763843e-008	1.017121e+000	1.000000e+000
9.522986298763842e-008	1.015885e+000	1.000000e+000
9.552283173763841e-008	1.014327e+000	1.000000e+000
9.581580048763841e-008	1.012435e+000	1.000000e+000
9.610876923763840e-008	1.010195e+000	1.000000e+000
9.640173798763840e-008	1.007596e+000	1.000000e+000
9.669470673763839e-008	1.004628e+000	1.000000e+000
9.698767548763838e-008	1.001285e+000	1.000000e+000
9.728064423763838e-008	9.975656e-001	1.000000e+000
9.757361298763837e-008	9.934739e-001	1.000000e+000
9.786658173763837e-008	9.890202e-001	1.000000e+000
9.815955048763836e-008	9.842207e-001	1.000000e+000
9.845251923763835e-008	9.790990e-001	1.000000e+000
9.874548798763835e-008	9.736872e-001	1.000000e+000
9.903845673763834e-008	9.680274e-001	1.000000e+000
9.933142548763834e-008	9.621735e-001	1.000000e+000
9.962439423763833e-008	9.561936e-001	1.000000e+000
9.991736298763832e-008	9.501710e-001	1.000000e+000
1.002103317376383e-007	9.442054e-001	1.000000e+000
1.005033004876383e-007	9.384123e-001	1.000000e+000
1.007962692376383e-007	9.329212e-001	1.000000e+000
1.010892379876383e-007	9.278719e-001	1.000000e+000
1.013822067376383e-007	9.234092e-001	1.000000e+000
1.016751754876383e-007	9.196755e-001	1.000000e+000
1.019681442376383e-007	9.168036e-001	1.000000e+000
1.022611129876383e-007	9.149075e-001	1.000000e+000
1.025540817376383e-007	9.140090e-001	1.000000e+000
1.027794218564157e-007	9.140961e-001	1.000000e+000
1.030312833271391e-007	9.150394e-001	1.000000e+000
1.032755106327477e-007	9.167638e-001	1.000000e+000
1.035684793827477e-007	9.198234e-001	1.000000e+000
1.038614481327476e-007	9.238288e-001	1.000000e+000
1.041544168827476e-007	9.287047e-001	1.000000e+000
1.044473856327476e-007	9.342860e-001	1.000000e+000
1.047023035210036e-007	9.396117e-001	1.000000e+000
1.049811217691743e-007	9.457948e-001	1.000000e+000
1.052740905191743e-007	9.525032e-001	1.000000e+000
1.055670592691743e-007	9.592820e-001	1.000000e+000
1.058151017398451e-007	9.649725e-001	1.000000e+000
1.060654731217676e-007	9.705821e-001	1.000000e+000
1.063205212574006e-007	9.760871e-001	1.000000e+000
1.066134900074006e-007	9.821019e-001	1.000000e+000
1.069064587574006e-007	9.877565e-001	1.000000e+000
1.071994275074006e-007	9.931159e-001	1.000000e+000
1.072222387351989e-007	9.935108e-001	1.000000e+000
1.072526537055966e-007	9.940293e-001	1.000000e+000
1.073134836463921e-007	9.950539e-001	1.000000e+000
1.073783401184090e-007	9.961254e-001	1.000000e+000
1.075000000000000e-007	9.981005e-001	1.000000e+000
1.075121659881591e-007	9.982928e-001	9.983779e-001
1.075364979644773e-007	9.986753e-001	9.951336e-001
1.075851619171137e-007	9.994305e-001	9.886451e-001
1.076824898223864e-007	1.000901e+000	9.756680e-001
1.078771456329319e-007	1.003703e+000	9.497139e-001
1.081701143829319e-007	1.007656e+000	9.106514e-001
1.084052785379225e-007	1.010589e+000	8.792962e-001
1.086002345071015e-007	1.012818e+000	8.533021e-001
1.088159143040447e-007	1.015074e+000	8.245448e-001
1.090236912644360e-007	1.017024e+000	7.968411e-001
1.093023435241261e-007	1.019292e+000	7.596875e-001
1.095883187012016e-007	1.021212e+000	7.215575e-001
1.098812874512016e-007	1.022698e+000	6.824950e-001
1.101742562012016e-007	1.023673e+000	6.434325e-001
1.104672249512016e-007	1.024127e+000	6.043700e-001
1.107474457688592e-007	1.024068e+000	5.670072e-001
1.110404145188592e-007	1.023544e+000	5.279447e-001
1.112603129885462e-007	1.022856e+000	4.986249e-001
1.114756312238886e-007	1.021947e+000	4.699158e-001
1.116919552671653e-007	1.020858e+000	4.410726e-001
1.118978611440851e-007	1.019696e+000	4.136185e-001
1.121292127224323e-007	1.018297e+000	3.827716e-001
1.123788986036773e-007	1.016753e+000	3.494802e-001
1.126718673536772e-007	1.014993e+000	3.104177e-001
1.129648361036772e-007	1.013381e+000	2.713552e-001
1.132325013643203e-007	1.012108e+000	2.356665e-001
1.134452192127290e-007	1.011279e+000	2.073041e-001
1.136284945269258e-007	1.010730e+000	1.828674e-001
1.138365121203149e-007	1.010292e+000	1.551317e-001
1.140419801191009e-007	1.010044e+000	1.277360e-001
1.142540173575061e-007	1.009980e+000	9.946435e-002
1.144786811474576e-007	1.010106e+000	6.950918e-002
1.147275804305563e-007	1.010441e+000	3.632261e-002
1.150000000000000e-007	1.010950e+000	0.000000e+000
1.150005993237138e-007	1.010952e+000	0.000000e+000
1.150017979711414e-007	1.010954e+000	0.000000e+000
1.150233736248380e-007	1.011005e+000	0.000000e+000
1.150449492785346e-007	1.011056e+000	0.000000e+000
1.150665249322312e-007	1.011109e+000	0.000000e+000
1.150881005859277e-007	1.011161e+000	0.000000e+000
1.151096762396243e-007	1.011215e+000	0.000000e+000
1.151312518933209e-007	1.011269e+000	0.000000e+000
1.151528275470175e-007	1.011324e+000	0.000000e+000
1.153062544177488e-007	1.011719e+000	0.000000e+000
1.155173582798772e-007	1.012267e+000	0.000000e+000
1.157507221989541e-007	1.012850e+000	0.000000e+000
1.159685790192958e-007	1.013338e+000	0.000000e+000
1.161934411553575e-007	1.013749e+000	0.000000e+000
1.164174631796417e-007	1.014037e+000	0.000000e+000
1.166656059203387e-007	1.014199e+000	0.000000e+000
1.168776596393037e-007	1.014192e+000	0.000000e+000
1.170836850660575e-007	1.014027e+000	0.000000e+000
1.173718086074595e-007	1.013566e+000	0.000000e+000
1.176361061321940e-007	1.012919e+000	0.000000e+000
1.179128699979654e-007	1.011985e+000	0.000000e+000
1.182058387479654e-007	1.010719e+000	0.000000e+000
1.184845270300568e-007	1.009245e+000	0.000000e+000
1.187001038892835e-007	1.007898e+000	0.000000e+000
1.188658105624419e-007	1.006709e+000	0.000000e+000
1.190235193420838e-007	1.005433e+000	0.000000e+000
1.191773586556241e-007	1.004017e+000	0.000000e+000
1.194173802573246e-007	1.001456e+000	0.000000e+000
1.196673809964692e-007	9.982758e-001	0.000000e+000
1.199566417609621e-007	9.938363e-001	0.000000e+000
1.201914369025716e-007	9.895136e-001	0.000000e+000
1.204119727508285e-007	9.847124e-001	0.000000e+000
1.206092895371849e-007	9.797225e-001	0.000000e+000
1.208142665004977e-007	9.737629e-001	0.000000e+000
1.210179996983504e-007	9.670244e-001	0.000000e+000
1.212081920969167e-007	9.599196e-001	0.000000e+000
1.213983854854870e-007	9.519015e-001	0.000000e+000
1.216393209435553e-007	9.404638e-001	0.000000e+000
1.218810032763636e-007	9.275141e-001	0.000000e+000
1.221557549974082e-007	9.110047e-001	0.000000e+000
1.223786453364446e-007	8.961594e-001	0.000000e+000
1.226033173901086e-007	8.797820e-001	0.000000e+000
1.228095025040505e-007	8.635919e-001	0.000000e+000
1.229957182464476e-007	8.479800e-001	0.000000e+000
1.231915292687202e-007	8.306034e-001	0.000000e+000
1.233805463017965e-007	8.129454e-001	0.000000e+000
1.235883299977077e-007	7.925474e-001	0.000000e+000
1.238407513313749e-007	7.665966e-001	0.000000e+000
1.240899396556535e-007	7.398858e-001	0.000000e+000
1.243238017491495e-007	7.139024e-001	0.000000e+000
1.245460525853718e-007	6.885071e-001	0.000000e+000
1.247467428780765e-007	6.650926e-001	0.000000e+000
1.249175472455700e-007	6.448655e-001	0.000000e+000
1.250596445531684e-007	6.278607e-001	0.000000e+000
1.252094155913802e-007	6.098021e-001	0.000000e+000
1.253981297080642e-007	5.869298e-001	0.000000e+000
1.255953698058716e-007	5.629559e-001	0.000000e+000
1.258112115341590e-007	5.367180e-001	0.000000e+000
1.260088672896778e-007	5.127663e-001	0.000000e+000
1.262212938265444e-007	4.871864e-001	0.000000e+000
1.264288389232249e-007	4.624281e-001	0.000000e+000
1.266392647388763e-007	4.376384e-001	0.000000e+000
1.268491722150466e-007	4.132811e-001	0.000000e+000
1.270440823501115e-007	3.910625e-001	0.000000e+000
1.272427773481941e-007	3.688619e-001	0.000000e+000
1.274334435872821e-007	3.480282e-001	0.000000e+000
1.276258397296040e-007	3.275408e-001	0.000000e+000
1.278413434739237e-007	3.052759e-001	0.000000e+000
1.280740377427110e-007	2.820573e-001	0.000000e+000
1.282900712493404e-007	2.613481e-001	0.000000e+000
1.285081742589091e-007	2.413902e-001	0.000000e+000
1.287526950085204e-007	2.201391e-001	0.000000e+000
1.289750087448713e-007	2.018904e-001	0.000000e+000
1.291816992859473e-007	1.859424e-001	0.000000e+000
1.293742447446084e-007	1.720220e-001	0.000000e+000
1.295696717096788e-007	1.588683e-001	0.000000e+000
1.297828358402020e-007	1.456106e-001	0.000000e+000
1.299864854073210e-007	1.340465e-001	0.000000e+000
1.302090933699371e-007	1.226950e-001	0.000000e+000
1.304540692565727e-007	1.116382e-001	0.000000e+000
1.306787756170022e-007	1.028041e-001	0.000000e+000
1.308892144053886e-007	9.569387e-002	0.000000e+000
1.310909557129483e-007	8.988503e-002	0.000000e+000
1.312880235641296e-007	8.510669e-002	0.000000e+000
1.314867135417657e-007	8.110518e-002	0.000000e+000
1.316798623859374e-007	7.792550e-002	0.000000e+000
1.318745378601637e-007	7.537510e-002	0.000000e+000
1.321119500440622e-007	7.294938e-002	0.000000e+000
1.323263446224806e-007	7.126474e-002	0.000000e+000
1.325540064197075e-007	6.987604e-002	0.000000e+000
1.327618238499452e-007	6.882036e-002	0.000000e+000
1.329582297071832e-007	6.790196e-002	0.000000e+000
1.331632007302589e-007	6.690946e-002	0.000000e+000
1.333641056115848e-007	6.580696e-002	0.000000e+000
1.335586292744108e-007	6.453315e-002	0.000000e+000
1.337556533028974e-007	6.296839e-002	0.000000e+000
1.339513304575031e-007	6.110320e-002	0.000000e+000
1.341222728797685e-007	5.917637e-002	0.000000e+000
1.343052292888114e-007	5.677268e-002	0.000000e+000
1.345138407269068e-007	5.363696e-002	0.000000e+000
1.347123835798531e-007	5.027821e-002	0.000000e+000
1.349033646486429e-007	4.670286e-002	0.000000e+000
1.351098481213018e-007	4.251246e-002	0.000000e+000
1.353083662678172e-007	3.822423e-002	0.000000e+000
1.355111462169954e-007	3.364042e-002	0.000000e+000
1.357083118310222e-007	2.905733e-002	0.000000e+000
1.359118260525892e-007	2.427066e-002	0.000000e+000
1.361074926825078e-007	1.968842e-002	0.000000e+000
1.363140688181608e-007	1.494951e-002	0.000000e+000
1.365346049078753e-007	1.007560e-002	0.000000e+000
1.367521361205309e-007	5.538982e-003	0.000000e+000
1.370085727787341e-007	5.739442e-004	0.000000e+000
1.372097624516024e-007	-2.994082e-003	0.000000e+000
1.373981255983816e-007	-6.019002e-003	0.000000e+000
1.375878602581231e-007	-8.761098e-003	0.000000e+000
1.377923458242613e-007	-1.138443e-002	0.000000e+000
1.380194466006223e-007	-1.393989e-002	0.000000e+000
1.382289387882922e-007	-1.600285e-002	0.000000e+000
1.383905415806596e-007	-1.741079e-002	0.000000e+000
1.385087697154769e-007	-1.834415e-002	0.000000e+000
1.385982527771993e-007	-1.899746e-002	0.000000e+000
1.387082988546549e-007	-1.974790e-002	0.000000e+000
1.388364053877632e-007	-2.056254e-002	0.000000e+000
1.390109848603010e-007	-2.159252e-002	0.000000e+000
1.392011280522022e-007	-2.263447e-002	0.000000e+000
1.394239483158729e-007	-2.377863e-002	0.000000e+000
1.396506529774053e-007	-2.488946e-002	0.000000e+000
1.398711174829479e-007	-2.593792e-002	0.000000e+000
1.400901128167727e-007	-2.696086e-002	0.000000e+000
1.403201552932682e-007	-2.801959e-002	0.000000e+000
1.405358764159378e-007	-2.899291e-002	0.000000e+000
1.407376511828319e-007	-2.987333e-002	0.000000e+000
1.409707664456071e-007	-3.083776e-002	0.000000e+000
1.412028212398523e-007	-3.171940e-002	0.000000e+000
1.414731017164802e-007	-3.262751e-002	0.000000e+000
1.417131471449040e-007	-3.331223e-002	0.000000e+000
1.419375875568350e-007	-3.383150e-002	0.000000e+000
1.421626207152089e-007	-3.423503e-002	0.000000e+000
1.424203522069009e-007	-3.457890e-002	0.000000e+000
1.426710635070187e-007	-3.482743e-002	0.000000e+000
1.429257872232738e-007	-3.503777e-002	0.000000e+000
1.431652476109626e-007	-3.525213e-002	0.000000e+000
1.433949768506336e-007	-3.553238e-002	0.000000e+000
1.436260954168091e-007	-3.595722e-002	0.000000e+000
1.438850839546266e-007	-3.668007e-002	0.000000e+000
1.441605185604949e-007	-3.780806e-002	0.000000e+000
1.444292004062931e-007	-3.936584e-002	0.000000e+000
1.447221691562931e-007	-4.162787e-002	0.000000e+000
1.449560171609645e-007	-4.391610e-002	0.000000e+000
1.451916597925140e-007	-4.671615e-002	0.000000e+000
1.454085376471073e-007	-4.973691e-002	0.000000e+000
1.456352338935578e-007	-5.336504e-002	0.000000e+000
1.458642723623560e-007	-5.751042e-002	0.000000e+000
1.461034201578908e-007	-6.234340e-002	0.000000e+000
1.463333796350547e-007	-6.747140e-002	0.000000e+000
1.465660731378968e-007	-7.313910e-002	0.000000e+000
1.468007074892158e-007	-7.934359e-002	0.000000e+000
1.470800848423136e-007	-8.733336e-002	0.000000e+000
1.473730535923136e-007	-9.635082e-002	0.000000e+000
1.476516329675344e-007	-1.055271e-001	0.000000e+000
1.479099557903464e-007	-1.145470e-001	0.000000e+000
1.481294871945302e-007	-1.226020e-001	0.000000e+000
1.483509292735718e-007	-1.310838e-001	0.000000e+000
1.485793287136123e-007	-1.401677e-001	0.000000e+000
1.488046052215529e-007	-1.494381e-001	0.000000e+000
1.490324230828553e-007	-1.591052e-001	0.000000e+000
1.492799187985612e-007	-1.698926e-001	0.000000e+000
1.495491161318402e-007	-1.818793e-001	0.000000e+000
1.497759548304465e-007	-1.921344e-001	0.000000e+000
1.499885207390103e-007	-2.018273e-001	0.000000e+000
1.502009325472002e-007	-2.115289e-001	0.000000e+000
1.504298851004641e-007	-2.219277e-001	0.000000e+000
1.506844705889799e-007	-2.333443e-001	0.000000e+000
1.508907051369836e-007	-2.424065e-001	0.000000e+000
1.510889781426924e-007	-2.508639e-001	0.000000e+000
1.513298672418635e-007	-2.607540e-001	0.000000e+000
1.515497030800305e-007	-2.693412e-001	0.000000e+000
1.517739973461906e-007	-2.775578e-001	0.000000e+000
1.520036406202237e-007	-2.853303e-001	0.000000e+000
1.522360131703375e-007	-2.924296e-001	0.000000e+000
1.524940188652096e-007	-2.993219e-001	0.000000e+000
1.527611411379926e-007	-3.053549e-001	0.000000e+000
1.529758109441203e-007	-3.092635e-001	0.000000e+000
1.531920323894900e-007	-3.122604e-001	0.000000e+000
1.533876585331415e-007	-3.141173e-001	0.000000e+000
1.536132545080009e-007	-3.152362e-001	0.000000e+000
1.538293762144614e-007	-3.152878e-001	0.000000e+000
1.540572336623173e-007	-3.142159e-001	0.000000e+000
1.542799215990984e-007	-3.119921e-001	0.000000e+000
1.545628511065470e-007	-3.076595e-001	0.000000e+000
1.547959862137818e-007	-3.028456e-001	0.000000e+000
1.550515538786344e-007	-2.962202e-001	0.000000e+000
1.553066119248457e-007	-2.884525e-001	0.000000e+000
1.555010234771104e-007	-2.817672e-001	0.000000e+000
1.556743829555203e-007	-2.752419e-001	0.000000e+000
1.558492028312211e-007	-2.681936e-001	0.000000e+000
1.560477616797070e-007	-2.597177e-001	0.000000e+000
1.562542282887231e-007	-2.504629e-001	0.000000e+000
1.564870861276333e-007	-2.396083e-001	0.000000e+000
1.566974419621682e-007	-2.295214e-001	0.000000e+000
1.569241693142152e-007	-2.184552e-001	0.000000e+000
1.572063408494082e-007	-2.046044e-001	0.000000e+000
1.574700692983079e-007	-1.917397e-001	0.000000e+000
1.577291377196799e-007	-1.793370e-001	0.000000e+000
1.580097376724540e-007	-1.662790e-001	0.000000e+000
1.582360312684612e-007	-1.561185e-001	0.000000e+000
1.584499011014904e-007	-1.469037e-001	0.000000e+000
1.586637922507673e-007	-1.380895e-001	0.000000e+000
1.588832880868016e-007	-1.294782e-001	0.000000e+000
1.591039835032781e-007	-1.212756e-001	0.000000e+000
1.593263455127372e-007	-1.134510e-001	0.000000e+000
1.594884268296006e-007	-1.080449e-001	0.000000e+000
1.596413415477908e-007	-1.032082e-001	0.000000e+000
1.598139449966563e-007	-9.802261e-002	0.000000e+000
1.599792599666154e-007	-9.332514e-002	0.000000e+000
1.601577977472501e-007	-8.855835e-002	0.000000e+000
1.603449706552925e-007	-8.391999e-002	0.000000e+000
1.605946698785755e-007	-7.827879e-002	0.000000e+000
1.608600946707773e-007	-7.290961e-002	0.000000e+000
1.610939502813418e-007	-6.875332e-002	0.000000e+000
1.613009500592179e-007	-6.556917e-002	0.000000e+000
1.615086658306473e-007	-6.284962e-002	0.000000e+000
1.617237158811328e-007	-6.051740e-002	0.000000e+000
1.619381494500115e-007	-5.868931e-002	0.000000e+000
1.621811550425844e-007	-5.719612e-002	0.000000e+000
1.624399073895077e-007	-5.622443e-002	0.000000e+000
1.627192206672602e-007	-5.580682e-002	0.000000e+000
1.629803636499394e-007	-5.593400e-002	0.000000e+000
1.632733323999394e-007	-5.652324e-002	0.000000e+000
1.635410910824907e-007	-5.730880e-002	0.000000e+000
1.637849695266196e-007	-5.810452e-002	0.000000e+000
1.640329452447718e-007	-5.884676e-002	0.000000e+000
1.642695393165071e-007	-5.936935e-002	0.000000e+000
1.644946710700175e-007	-5.959295e-002	0.000000e+000
1.647127378570930e-007	-5.944939e-002	0.000000e+000
1.649710093286204e-007	-5.874094e-002	0.000000e+000
1.652546900308903e-007	-5.731295e-002	0.000000e+000
1.654717539615146e-007	-5.571083e-002	0.000000e+000
1.656676755748005e-007	-5.383994e-002	0.000000e+000
1.658521108637539e-007	-5.173558e-002	0.000000e+000
1.660483466129211e-007	-4.916213e-002	0.000000e+000
1.662773702692801e-007	-4.581252e-002	0.000000e+000
1.665077043675863e-007	-4.215746e-002	0.000000e+000
1.667435106986300e-007	-3.821431e-002	0.000000e+000
1.669672640463131e-007	-3.439227e-002	0.000000e+000
1.671847787360090e-007	-3.072060e-002	0.000000e+000
1.674665745672288e-007	-2.619581e-002	0.000000e+000
1.677595433172288e-007	-2.193181e-002	0.000000e+000
1.680525120672288e-007	-1.822688e-002	0.000000e+000
1.682353951778165e-007	-1.628110e-002	0.000000e+000
1.683825695446368e-007	-1.498745e-002	0.000000e+000
1.685165982205798e-007	-1.403544e-002	0.000000e+000
1.686965695522311e-007	-1.306773e-002	0.000000e+000
1.688791568307508e-007	-1.244206e-002	0.000000e+000
1.691113985715693e-007	-1.214326e-002	0.000000e+000
1.693364236802617e-007	-1.233540e-002	0.000000e+000
1.695625455293251e-007	-1.299197e-002	0.000000e+000
1.697793080232248e-007	-1.401104e-002	0.000000e+000
1.700050002509162e-007	-1.543657e-002	0.000000e+000
1.702979690009162e-007	-1.768775e-002	0.000000e+000
1.705909377509162e-007	-2.025365e-002	0.000000e+000
1.708839065009162e-007	-2.303780e-002	0.000000e+000
1.711277352612651e-007	-2.545303e-002	0.000000e+000
1.713544251115995e-007	-2.773765e-002	0.000000e+000
1.715761772343128e-007	-2.998071e-002	0.000000e+000
1.718004366460730e-007	-3.224530e-002	0.000000e+000
1.720240555798664e-007	-3.449893e-002	0.000000e+000
1.722420568038891e-007	-3.670127e-002	0.000000e+000
1.725070352796410e-007	-3.941009e-002	0.000000e+000
1.728000040296410e-007	-4.247406e-002	0.000000e+000
1.730261720472919e-007	-4.492660e-002	0.000000e+000
1.732809270244569e-007	-4.782804e-002	0.000000e+000
1.735738957744569e-007	-5.136371e-002	0.000000e+000
1.738668645244569e-007	-5.512391e-002	0.000000e+000
1.741056800530565e-007	-5.837199e-002	0.000000e+000
1.743162361630768e-007	-6.138039e-002	0.000000e+000
1.745321014247537e-007	-6.458572e-002	0.000000e+000
1.747484489714351e-007	-6.789190e-002	0.000000e+000
1.749618629209526e-007	-7.121433e-002	0.000000e+000
1.751882398410422e-007	-7.475824e-002	0.000000e+000
1.754308085440266e-007	-7.850627e-002	0.000000e+000
1.757237772940266e-007	-8.286043e-002	0.000000e+000
1.760167460440266e-007	-8.689746e-002	0.000000e+000
1.763097147940266e-007	-9.045379e-002	0.000000e+000
1.766026835440266e-007	-9.342389e-002	0.000000e+000
1.768211518602327e-007	-9.515422e-002	0.000000e+000
1.770161843360126e-007	-9.624659e-002	0.000000e+000
1.772147981371988e-007	-9.687496e-002	0.000000e+000
1.774491955745285e-007	-9.695901e-002	0.000000e+000
1.777192638073320e-007	-9.616426e-002	0.000000e+000
1.780122325573320e-007	-9.420225e-002	0.000000e+000
1.783052013073320e-007	-9.106219e-002	0.000000e+000
1.785981700573320e-007	-8.673155e-002	0.000000e+000
1.788911388073320e-007	-8.125392e-002	0.000000e+000
1.791841075573321e-007	-7.470279e-002	0.000000e+000
1.794770763073321e-007	-6.717620e-002	0.000000e+000
1.797700450573321e-007	-5.879032e-002	0.000000e+000
1.800630138073321e-007	-4.967244e-002	0.000000e+000
1.803559825573321e-007	-3.995414e-002	0.000000e+000
1.806489513073321e-007	-2.976543e-002	0.000000e+000
1.809419200573321e-007	-1.923026e-002	0.000000e+000
1.812348888073321e-007	-8.466316e-003	0.000000e+000
1.814942737285586e-007	1.174699e-003	0.000000e+000
1.817549067212544e-007	1.089229e-002	0.000000e+000
1.820478754712544e-007	2.176177e-002	0.000000e+000
1.823408442212544e-007	3.248708e-002	0.000000e+000
1.826338129712544e-007	4.300147e-002	0.000000e+000
1.828263176031600e-007	4.972151e-002	0.000000e+000
1.830692806470344e-007	5.791405e-002	0.000000e+000
1.833001489170578e-007	6.534483e-002	0.000000e+000
1.835931176670578e-007	7.417476e-002	0.000000e+000
1.838860864170578e-007	8.228590e-002	0.000000e+000
1.841329143386667e-007	8.842625e-002	0.000000e+000
1.843516318675576e-007	9.319350e-002	0.000000e+000
1.845981032413076e-007	9.776700e-002	0.000000e+000
1.848325829993201e-007	1.013110e-001	0.000000e+000
1.850569286106785e-007	1.039336e-001	0.000000e+000
1.852202774424591e-007	1.053075e-001	0.000000e+000
1.853940941364542e-007	1.061796e-001	0.000000e+000
1.856351264686288e-007	1.064964e-001	0.000000e+000
1.859280952186288e-007	1.056587e-001	0.000000e+000
1.862210639686288e-007	1.035160e-001	0.000000e+000
1.865140327186288e-007	1.001209e-001	0.000000e+000
1.868070014686288e-007	9.563726e-002	0.000000e+000
1.870999702186288e-007	9.026688e-002	0.000000e+000
1.873929389686288e-007	8.423795e-002	0.000000e+000
1.876859077186289e-007	7.779104e-002	0.000000e+000
1.879788764686289e-007	7.115708e-002	0.000000e+000
1.882014164434597e-007	6.611400e-002	0.000000e+000
1.883690475971337e-007	6.237824e-002	0.000000e+000
1.885221144278636e-007	5.905337e-002	0.000000e+000
1.886567893453331e-007	5.621643e-002	0.000000e+000
1.887919122820715e-007	5.347145e-002	0.000000e+000
1.889382656276602e-007	5.063009e-002	0.000000e+000
1.891239377006988e-007	4.724586e-002	0.000000e+000
1.893795943801056e-007	4.296164e-002	0.000000e+000
1.896341107094117e-007	3.914939e-002	0.000000e+000
1.899270794594117e-007	3.533750e-002	0.000000e+000
1.902200482094117e-007	3.209883e-002	0.000000e+000
1.905130169594117e-007	2.941185e-002	0.000000e+000
1.908059857094117e-007	2.722360e-002	0.000000e+000
1.910989544594117e-007	2.547861e-002	0.000000e+000
1.913919232094117e-007	2.412555e-002	0.000000e+000
1.916848919594117e-007	2.309847e-002	0.000000e+000
1.918894687107219e-007	2.257476e-002	0.000000e+000
1.921115400510626e-007	2.218819e-002	0.000000e+000
1.923351358521978e-007	2.197002e-002	0.000000e+000
1.926281046021978e-007	2.191539e-002	0.000000e+000
1.929210733521978e-007	2.208868e-002	0.000000e+000
1.932140421021978e-007	2.247632e-002	0.000000e+000
1.935070108521978e-007	2.303138e-002	0.000000e+000
1.937419284811949e-007	2.356631e-002	0.000000e+000
1.939818684852816e-007	2.415486e-002	0.000000e+000
1.942231563344265e-007	2.472861e-002	0.000000e+000
1.945161250844265e-007	2.531956e-002	0.000000e+000
1.948090938344265e-007	2.570126e-002	0.000000e+000
1.951020625844265e-007	2.575939e-002	0.000000e+000
1.953950313344265e-007	2.538802e-002	0.000000e+000
1.956880000844265e-007	2.449586e-002	0.000000e+000
1.959809688344265e-007	2.301469e-002	0.000000e+000
1.962739375844265e-007	2.090631e-002	0.000000e+000
1.965669063344265e-007	1.816732e-002	0.000000e+000
1.968598750844265e-007	1.486102e-002	0.000000e+000
1.970826797850875e-007	1.198764e-002	0.000000e+000
1.972815656615600e-007	9.175657e-003	0.000000e+000
1.974608683942338e-007	6.482486e-003	0.000000e+000
1.976403186932855e-007	3.671026e-003	0.000000e+000
1.978387325576860e-007	4.768131e-004	0.000000e+000
1.980597712655946e-007	-3.127787e-003	0.000000e+000
1.982309390814597e-007	-5.913274e-003	0.000000e+000
1.984285292395926e-007	-9.064271e-003	0.000000e+000
1.986877414672875e-007	-1.303294e-002	0.000000e+000
1.989342947182474e-007	-1.656188e-002	0.000000e+000
1.991866749475597e-007	-1.983437e-002	0.000000e+000
1.994379191395285e-007	-2.270252e-002	0.000000e+000
1.996587185908562e-007	-2.488048e-002	0.000000e+000
1.998045430676516e-007	-2.610194e-002	0.000000e+000
1.999605879370925e-007	-2.717718e-002	0.000000e+000
2.001756024658273e-007	-2.832162e-002	0.000000e+000
2.004214534826339e-007	-2.920969e-002	0.000000e+000
2.006380634459833e-007	-2.958583e-002	0.000000e+000
2.008956422384939e-007	-2.955565e-002	0.000000e+000
2.011408259305118e-007	-2.908642e-002	0.000000e+000
2.014337946805119e-007	-2.801441e-002	0.000000e+000
2.017267634305119e-007	-2.648415e-002	0.000000e+000
2.020197321805119e-007	-2.455066e-002	0.000000e+000
2.023127009305119e-007	-2.229063e-002	0.000000e+000
2.026056696805119e-007	-1.977572e-002	0.000000e+000
2.028783875446505e-007	-1.725216e-002	0.000000e+000
2.031406943123618e-007	-1.469495e-002	0.000000e+000
2.033210098791952e-007	-1.286896e-002	0.000000e+000
2.034925803950214e-007	-1.107168e-002	0.000000e+000
2.037415990695935e-007	-8.368735e-003	0.000000e+000
2.040306204853410e-007	-5.090516e-003	0.000000e+000
2.043235892353411e-007	-1.576069e-003	0.000000e+000
2.046165579853411e-007	2.182054e-003	0.000000e+000
2.049095267353411e-007	6.237055e-003	0.000000e+000
2.052024954853411e-007	1.063795e-002	0.000000e+000
2.054894874158644e-007	1.532126e-002	0.000000e+000
2.057623185463042e-007	2.014286e-002	0.000000e+000
2.060354479914077e-007	2.533218e-002	0.000000e+000
2.063036038829554e-007	3.075669e-002	0.000000e+000
2.065853663585597e-007	3.675250e-002	0.000000e+000
2.068783351085597e-007	4.320530e-002	0.000000e+000
2.071713038585597e-007	4.975529e-002	0.000000e+000
2.074232808756382e-007	5.534627e-002	0.000000e+000
2.076774200492562e-007	6.080834e-002	0.000000e+000
2.079313597016064e-007	6.593644e-002	0.000000e+000
2.082184222490437e-007	7.116950e-002	0.000000e+000
2.085113909990437e-007	7.572754e-002	0.000000e+000
2.088043597490437e-007	7.934703e-002	0.000000e+000
2.090515700554891e-007	8.151788e-002	0.000000e+000
2.093019974245245e-007	8.281887e-002	0.000000e+000
2.095053867137810e-007	8.318597e-002	0.000000e+000
2.096929066322994e-007	8.290987e-002	0.000000e+000
2.098912065624828e-007	8.199620e-002	0.000000e+000
2.101066004399935e-007	8.031172e-002	0.000000e+000
2.103533160661087e-007	7.754368e-002	0.000000e+000
2.106440469239861e-007	7.329171e-002	0.000000e+000
2.109370156739861e-007	6.808988e-002	0.000000e+000
2.112044716689152e-007	6.263792e-002	0.000000e+000
2.114611861517920e-007	5.688860e-002	0.000000e+000
2.117538750140430e-007	4.993267e-002	0.000000e+000
2.120141004458392e-007	4.353747e-002	0.000000e+000
2.122752460003782e-007	3.703238e-002	0.000000e+000
2.125379761110121e-007	3.051388e-002	0.000000e+000
2.128036810894806e-007	2.402516e-002	0.000000e+000
2.130201740020397e-007	1.886514e-002	0.000000e+000
2.132330572801419e-007	1.393656e-002	0.000000e+000
2.134322933101248e-007	9.468384e-003	0.000000e+000
2.136401955827065e-007	4.963291e-003	0.000000e+000
2.138416507012538e-007	7.529077e-004	0.000000e+000
2.140398091757102e-007	-3.229772e-003	0.000000e+000
2.142561420725553e-007	-7.403851e-003	0.000000e+000
2.144527643625842e-007	-1.103881e-002	0.000000e+000
2.146399039918285e-007	-1.434132e-002	0.000000e+000
2.148404908181283e-007	-1.770907e-002	0.000000e+000
2.150321543292089e-007	-2.073714e-002	0.000000e+000
2.152802588471385e-007	-2.436222e-002	0.000000e+000
2.155408003081166e-007	-2.778728e-002	0.000000e+000
2.158250634236268e-007	-3.100346e-002	0.000000e+000
2.161180321736268e-007	-3.372155e-002	0.000000e+000
2.163506020976342e-007	-3.536473e-002	0.000000e+000
2.165832200112378e-007	-3.647790e-002	0.000000e+000
2.168097264154728e-007	-3.705444e-002	0.000000e+000
2.170249846041835e-007	-3.711261e-002	0.000000e+000
2.172410050545626e-007	-3.666993e-002	0.000000e+000
2.174839172893609e-007	-3.560091e-002	0.000000e+000
2.177454378241981e-007	-3.385586e-002	0.000000e+000
2.179833629527058e-007	-3.177639e-002	0.000000e+000
2.182034333514376e-007	-2.947829e-002	0.000000e+000
2.184002708585804e-007	-2.717309e-002	0.000000e+000
2.185902218228853e-007	-2.478051e-002	0.000000e+000
2.187713598237327e-007	-2.240070e-002	0.000000e+000
2.189545338090488e-007	-1.995328e-002	0.000000e+000
2.191882322639609e-007	-1.686480e-002	0.000000e+000
2.194434246233588e-007	-1.364419e-002	0.000000e+000
2.197085353023657e-007	-1.057013e-002	0.000000e+000
2.199305885751281e-007	-8.312155e-003	0.000000e+000
2.201656621228210e-007	-6.286119e-003	0.000000e+000
2.203228113214144e-007	-5.189643e-003	0.000000e+000
2.205226473828874e-007	-4.143152e-003	0.000000e+000
2.207372918076167e-007	-3.432362e-003	0.000000e+000
2.210302605576167e-007	-3.089862e-003	0.000000e+000
2.212977415043100e-007	-3.368724e-003	0.000000e+000
2.215907102543100e-007	-4.287003e-003	0.000000e+000
2.218568045346890e-007	-5.558587e-003	0.000000e+000
2.220619039140019e-007	-6.801420e-003	0.000000e+000
2.223106949710898e-007	-8.530652e-003	0.000000e+000
2.225623264985674e-007	-1.041434e-002	0.000000e+000
2.227776335173402e-007	-1.208389e-002	0.000000e+000
2.230115274204051e-007	-1.389915e-002	0.000000e+000
2.232308176481426e-007	-1.554617e-002	0.000000e+000
2.235237863981426e-007	-1.760725e-002	0.000000e+000
2.238167551481426e-007	-1.948900e-002	0.000000e+000
2.240207399245795e-007	-2.065907e-002	0.000000e+000
2.242036400554627e-007	-2.158340e-002	0.000000e+000
2.244043792463624e-007	-2.247258e-002	0.000000e+000
2.245872314032456e-007	-2.316873e-002	0.000000e+000
2.247791043571078e-007	-2.377987e-002	0.000000e+000
2.249614567049648e-007	-2.424773e-002	0.000000e+000
2.251626179517740e-007	-2.463402e-002	0.000000e+000
2.253802671548596e-007	-2.490530e-002	0.000000e+000
2.256043259661765e-007	-2.502621e-002	0.000000e+000
2.258146422994537e-007	-2.497454e-002	0.000000e+000
2.260794666952555e-007	-2.467768e-002	0.000000e+000
2.263520698593512e-007	-2.409829e-002	0.000000e+000
2.266450386093512e-007	-2.314170e-002	0.000000e+000
2.269141016789749e-007	-2.193593e-002	0.000000e+000
2.271688401025859e-007	-2.045769e-002	0.000000e+000
2.274618088525859e-007	-1.838607e-002	0.000000e+000
2.276654564284797e-007	-1.670920e-002	0.000000e+000
2.278302699849030e-007	-1.517835e-002	0.000000e+000
2.279996069739324e-007	-1.345808e-002	0.000000e+000
2.281622994098053e-007	-1.166556e-002	0.000000e+000
2.283917019038704e-007	-8.937741e-003	0.000000e+000
2.286238237354029e-007	-5.986665e-003	0.000000e+000
2.288315911348292e-007	-3.195183e-003	0.000000e+000
2.289974742393120e-007	-8.764573e-004	0.000000e+000
2.291542718207200e-007	1.377511e-003	0.000000e+000
2.293929744818810e-007	4.869271e-003	0.000000e+000
2.296471686670739e-007	8.605535e-003	0.000000e+000
2.299401374170739e-007	1.285980e-002	0.000000e+000
2.302331061670740e-007	1.697867e-002	0.000000e+000
2.304869507132726e-007	2.036413e-002	0.000000e+000
2.307312992057880e-007	2.340562e-002	0.000000e+000
2.309491202392170e-007	2.590323e-002	0.000000e+000
2.311576012370454e-007	2.807643e-002	0.000000e+000
2.313615437479014e-007	2.997032e-002	0.000000e+000
2.316117732649480e-007	3.198098e-002	0.000000e+000
2.318739470203888e-007	3.372994e-002	0.000000e+000
2.321460928620516e-007	3.515331e-002	0.000000e+000
2.324102204381997e-007	3.615041e-002	0.000000e+000
2.327031891881997e-007	3.684492e-002	0.000000e+000
2.329846200458065e-007	3.716663e-002	0.000000e+000
2.331833141211742e-007	3.718561e-002	0.000000e+000
2.333657239398991e-007	3.704714e-002	0.000000e+000
2.335492324551980e-007	3.677924e-002	0.000000e+000
2.337400585407566e-007	3.638146e-002	0.000000e+000
2.339035810124880e-007	3.594731e-002	0.000000e+000
2.340642001359840e-007	3.543493e-002	0.000000e+000
2.342375455756104e-007	3.479150e-002	0.000000e+000
2.344369989449573e-007	3.393606e-002	0.000000e+000
2.346864968975396e-007	3.270512e-002	0.000000e+000
2.349304753110878e-007	3.133408e-002	0.000000e+000
2.351288306079282e-007	3.007190e-002	0.000000e+000
2.353465928281547e-007	2.852626e-002	0.000000e+000
2.355206228102261e-007	2.716313e-002	0.000000e+000
2.356950315730095e-007	2.564937e-002	0.000000e+000
2.359328243522914e-007	2.335434e-002	0.000000e+000
2.361871544897738e-007	2.060581e-002	0.000000e+000
2.364396881360117e-007	1.752184e-002	0.000000e+000
2.367326568860117e-007	1.348528e-002	0.000000e+000
2.370256256360118e-007	8.961615e-003	0.000000e+000
2.373185943860118e-007	3.950454e-003	0.000000e+000
2.375925702300561e-007	-1.152928e-003	0.000000e+000
2.378722146897245e-007	-6.718139e-003	0.000000e+000
2.381407622574670e-007	-1.231134e-002	0.000000e+000
2.383936216106641e-007	-1.771424e-002	0.000000e+000
2.385627227932957e-007	-2.135626e-002	0.000000e+000
2.387285319700606e-007	-2.489758e-002	0.000000e+000
2.389671063633908e-007	-2.985656e-002	0.000000e+000
2.392340229891963e-007	-3.510747e-002	0.000000e+000
2.395269917391963e-007	-4.039093e-002	0.000000e+000
2.397561782011645e-007	-4.406524e-002	0.000000e+000
2.399427026979598e-007	-4.664152e-002	0.000000e+000
2.401330601673087e-007	-4.882912e-002	0.000000e+000
2.403421090888725e-007	-5.069058e-002	0.000000e+000
2.405830483634106e-007	-5.217520e-002	0.000000e+000
2.407715097475503e-007	-5.279241e-002	0.000000e+000
2.409756413760730e-007	-5.283544e-002	0.000000e+000
2.412287416566770e-007	-5.212687e-002	0.000000e+000
2.414709698653875e-007	-5.070164e-002	0.000000e+000
2.417304366480197e-007	-4.841837e-002	0.000000e+000
2.419591477969660e-007	-4.585327e-002	0.000000e+000
2.421458918956451e-007	-4.340573e-002	0.000000e+000
2.422999000762343e-007	-4.118132e-002	0.000000e+000
2.424284616604770e-007	-3.920443e-002	0.000000e+000
2.425556373732039e-007	-3.716229e-002	0.000000e+000
2.426948042766418e-007	-3.485680e-002	0.000000e+000
2.428465223685517e-007	-3.228707e-002	0.000000e+000
2.430318403495214e-007	-2.911068e-002	0.000000e+000
2.432226198020321e-007	-2.584469e-002	0.000000e+000
2.434389602398270e-007	-2.220183e-002	0.000000e+000
2.436638517810366e-007	-1.853278e-002	0.000000e+000
2.438604849723503e-007	-1.547325e-002	0.000000e+000
2.440777126692629e-007	-1.229351e-002	0.000000e+000
2.442935771191127e-007	-9.366821e-003	0.000000e+000
2.445466851003737e-007	-6.250332e-003	0.000000e+000
2.448217651627287e-007	-3.236752e-003	0.000000e+000
2.451147339127287e-007	-4.408981e-004	0.000000e+000
2.454077026627287e-007	1.982187e-003	0.000000e+000
2.456111552602026e-007	3.450088e-003	0.000000e+000
2.457767042914684e-007	4.508087e-003	0.000000e+000
2.459236198574178e-007	5.358419e-003	0.000000e+000
2.460482015228499e-007	6.020652e-003	0.000000e+000
2.461412137414610e-007	6.479058e-003	0.000000e+000
2.462293180499536e-007	6.884598e-003	0.000000e+000
2.463152864511642e-007	7.252236e-003	0.000000e+000
2.464497647195114e-007	7.779217e-003	0.000000e+000
2.465858169573829e-007	8.255537e-003	0.000000e+000
2.467492290745497e-007	8.750298e-003	0.000000e+000
2.468993576085694e-007	9.130679e-003	0.000000e+000
2.470466287008213e-007	9.428486e-003	0.000000e+000
2.471854979148063e-007	9.629129e-003	0.000000e+000
2.473941757206376e-007	9.774370e-003	0.000000e+000
2.476871444706376e-007	9.702205e-003	0.000000e+000
2.479801132206376e-007	9.291328e-003	0.000000e+000
2.482730819706377e-007	8.503277e-003	0.000000e+000
2.485660507206377e-007	7.339067e-003	0.000000e+000
2.488590194706377e-007	5.820756e-003	0.000000e+000
2.491519882206377e-007	3.994459e-003	0.000000e+000
2.494449569706377e-007	1.935374e-003	0.000000e+000
2.496858393869210e-007	1.235689e-004	0.000000e+000
2.498786960269450e-007	-1.368136e-003	0.000000e+000
2.500573529550977e-007	-2.736422e-003	0.000000e+000
2.503503217050977e-007	-4.871404e-003	0.000000e+000
2.506432904550977e-007	-6.788606e-003	0.000000e+000
2.509362592050977e-007	-8.363697e-003	0.000000e+000
2.512292279550977e-007	-9.492083e-003	0.000000e+000
2.515221967050977e-007	-1.009961e-002	0.000000e+000
2.517963972012394e-007	-1.014146e-002	0.000000e+000
2.520597260731908e-007	-9.649514e-003	0.000000e+000
2.523526948231908e-007	-8.544070e-003	0.000000e+000
2.525750166202127e-007	-7.318674e-003	0.000000e+000
2.527891590050053e-007	-5.801422e-003	0.000000e+000
2.530214642284741e-007	-3.865242e-003	0.000000e+000
2.531957167176026e-007	-2.226668e-003	0.000000e+000
2.534018460489953e-007	-9.741256e-005	0.000000e+000
2.536534496936625e-007	2.683166e-003	0.000000e+000
2.539186745168800e-007	5.753839e-003	0.000000e+000
2.542110241348454e-007	9.206817e-003	0.000000e+000
2.544783627093334e-007	1.233222e-002	0.000000e+000
2.547414166086282e-007	1.527923e-002	0.000000e+000
2.550343853586282e-007	1.834022e-002	0.000000e+000
2.552553903710873e-007	2.044729e-002	0.000000e+000
2.554307422598764e-007	2.194738e-002	0.000000e+000
2.555961595250365e-007	2.318283e-002	0.000000e+000
2.558562142446966e-007	2.479616e-002	0.000000e+000
2.561371706446148e-007	2.611659e-002	0.000000e+000
2.564301393946148e-007	2.698880e-002	0.000000e+000
2.567231081446148e-007	2.735021e-002	0.000000e+000
2.570160768946148e-007	2.722431e-002	0.000000e+000
2.573090456446148e-007	2.665779e-002	0.000000e+000
2.576020143946148e-007	2.573373e-002	0.000000e+000
2.578007823228229e-007	2.491145e-002	0.000000e+000
2.580523928254470e-007	2.367754e-002	0.000000e+000
2.582976144807884e-007	2.234149e-002	0.000000e+000
2.584938773761302e-007	2.118928e-002	0.000000e+000
2.586649086741272e-007	2.013411e-002	0.000000e+000
2.588414862635612e-007	1.900545e-002	0.000000e+000
2.590668974171271e-007	1.752095e-002	0.000000e+000
2.593247559236362e-007	1.577151e-002	0.000000e+000
2.596177246736362e-007	1.371573e-002	0.000000e+000
2.599106934236363e-007	1.157807e-002	0.000000e+000
2.601553426267554e-007	9.715837e-003	0.000000e+000
2.603224497692216e-007	8.387171e-003	0.000000e+000
2.604853638708546e-007	7.029105e-003	0.000000e+000
2.607200063922032e-007	4.964973e-003	0.000000e+000
2.609902737204962e-007	2.430193e-003	0.000000e+000
2.612832424704962e-007	-5.186567e-004	0.000000e+000
2.615762112204962e-007	-3.671533e-003	0.000000e+000
2.618575696808544e-007	-6.873432e-003	0.000000e+000
2.621505384308544e-007	-1.033832e-002	0.000000e+000
2.624435071808544e-007	-1.386715e-002	0.000000e+000
2.626188201359020e-007	-1.598068e-002	0.000000e+000
2.627558741346378e-007	-1.761414e-002	0.000000e+000
2.628907722303056e-007	-1.919144e-002	0.000000e+000
2.630208462061228e-007	-2.067391e-002	0.000000e+000
2.631522712556874e-007	-2.212175e-002	0.000000e+000
2.632971422585710e-007	-2.365160e-002	0.000000e+000
2.634316247682114e-007	-2.499877e-002	0.000000e+000
2.635736335646383e-007	-2.633380e-002	0.000000e+000
2.637099953197975e-007	-2.752229e-002	0.000000e+000
2.638561747410547e-007	-2.867968e-002	0.000000e+000
2.640309536785525e-007	-2.989332e-002	0.000000e+000
2.642556039347010e-007	-3.119518e-002	0.000000e+000
2.644783104303643e-007	-3.218778e-002	0.000000e+000
2.647289549102584e-007	-3.293905e-002	0.000000e+000
2.649845950043098e-007	-3.332381e-002	0.000000e+000
2.652653926422235e-007	-3.332861e-002	0.000000e+000
2.655583613922235e-007	-3.295783e-002	0.000000e+000
2.657469745227110e-007	-3.252022e-002	0.000000e+000
2.659189761522611e-007	-3.197807e-002	0.000000e+000
2.660936596700710e-007	-3.131618e-002	0.000000e+000
2.662783897622057e-007	-3.050661e-002	0.000000e+000
2.664870736621173e-007	-2.947110e-002	0.000000e+000
2.666992432030562e-007	-2.829012e-002	0.000000e+000
2.669451384465275e-007	-2.675322e-002	0.000000e+000
2.672381071965275e-007	-2.469067e-002	0.000000e+000
2.675310759465276e-007	-2.237431e-002	0.000000e+000
2.677455645295216e-007	-2.048435e-002	0.000000e+000
2.679286015859251e-007	-1.870950e-002	0.000000e+000
2.681061384064570e-007	-1.681453e-002	0.000000e+000
2.683991071564570e-007	-1.335890e-002	0.000000e+000
2.686920759064570e-007	-9.534853e-003	0.000000e+000
2.689807903703545e-007	-5.384124e-003	0.000000e+000
2.692737591203545e-007	-8.633433e-004	0.000000e+000
2.694395329748143e-007	1.818074e-003	0.000000e+000
2.696098103311597e-007	4.649776e-003	0.000000e+000
2.697799012226135e-007	7.509046e-003	0.000000e+000
2.698946778371605e-007	9.440190e-003	0.000000e+000
2.700408519757015e-007	1.187652e-002	0.000000e+000
2.702141269964973e-007	1.468599e-002	0.000000e+000
2.704753127012850e-007	1.869086e-002	0.000000e+000
2.707499224544903e-007	2.249377e-002	0.000000e+000
2.710428912044903e-007	2.591594e-002	0.000000e+000
2.713358599544903e-007	2.853301e-002	0.000000e+000
2.716288287044903e-007	3.021289e-002	0.000000e+000
2.719217974544903e-007	3.088341e-002	0.000000e+000
2.722147662044903e-007	3.057345e-002	0.000000e+000
2.724545892768610e-007	2.958776e-002	0.000000e+000
2.726832099668288e-007	2.801301e-002	0.000000e+000
2.729761787168288e-007	2.530112e-002	0.000000e+000
2.732691474668288e-007	2.201822e-002	0.000000e+000
2.735621162168288e-007	1.831713e-002	0.000000e+000
2.738550849668288e-007	1.440847e-002	0.000000e+000
2.741452938507926e-007	1.051549e-002	0.000000e+000
2.743468976889564e-007	7.890356e-003	0.000000e+000
2.745186010512140e-007	5.769599e-003	0.000000e+000
2.746923680337623e-007	3.764485e-003	0.000000e+000
2.748687394357301e-007	1.913514e-003	0.000000e+000
2.751153205092732e-007	-3.528525e-004	0.000000e+000
2.753763625334791e-007	-2.337822e-003	0.000000e+000
2.756693312834792e-007	-4.036031e-003	0.000000e+000
2.759623000334792e-007	-5.198015e-003	0.000000e+000
2.762552687834792e-007	-5.882342e-003	0.000000e+000
2.764608702884922e-007	-6.089457e-003	0.000000e+000
2.766510647819808e-007	-6.082191e-003	0.000000e+000
2.768423740732378e-007	-5.917060e-003	0.000000e+000
2.770817956017791e-007	-5.540360e-003	0.000000e+000
2.773052769581013e-007	-5.052616e-003	0.000000e+000
2.775335333901261e-007	-4.436659e-003	0.000000e+000
2.777663642755972e-007	-3.712962e-003	0.000000e+000
2.780227028147194e-007	-2.829514e-003	0.000000e+000
2.782902367128728e-007	-1.836475e-003	0.000000e+000
2.784721938107893e-007	-1.124289e-003	0.000000e+000
2.785904915402124e-007	-6.430576e-004	0.000000e+000
2.787098968176785e-007	-1.436466e-004	0.000000e+000
2.788262949662813e-007	3.563838e-004	0.000000e+000
2.790088480231773e-007	1.163848e-003	0.000000e+000
2.791919889106934e-007	1.997900e-003	0.000000e+000
2.793268433273624e-007	2.630632e-003	0.000000e+000
2.794774893263096e-007	3.358311e-003	0.000000e+000
2.796781400992462e-007	4.354839e-003	0.000000e+000
2.798911527474952e-007	5.441512e-003	0.000000e+000
2.801064212849809e-007	6.565114e-003	0.000000e+000
2.803309020043406e-007	7.753788e-003	0.000000e+000
2.805441586600663e-007	8.885908e-003	0.000000e+000
2.807791203289267e-007	1.011549e-002	0.000000e+000
2.810503070274407e-007	1.148857e-002	0.000000e+000
2.812560963472886e-007	1.247724e-002	0.000000e+000
2.814239706350061e-007	1.322851e-002	0.000000e+000
2.815857609926664e-007	1.389001e-002	0.000000e+000
2.817713265961992e-007	1.456108e-002	0.000000e+000
2.819758342871064e-007	1.517356e-002	0.000000e+000
2.822209423550392e-007	1.572209e-002	0.000000e+000
2.824330196112537e-007	1.600876e-002	0.000000e+000
2.826472617732087e-007	1.607803e-002	0.000000e+000
2.828912168803562e-007	1.587940e-002	0.000000e+000
2.831478129839931e-007	1.535339e-002	0.000000e+000
2.833816194179414e-007	1.457813e-002	0.000000e+000
2.835833018221825e-007	1.368137e-002	0.000000e+000
2.837122596889621e-007	1.297962e-002	0.000000e+000
2.838705182647157e-007	1.197953e-002	0.000000e+000
2.840294216969283e-007	1.083319e-002	0.000000e+000
2.842735392695402e-007	8.850414e-003	0.000000e+000
2.844482523218365e-007	7.282461e-003	0.000000e+000
2.846186530770972e-007	5.613781e-003	0.000000e+000
2.848325000382002e-007	3.378524e-003	0.000000e+000
2.850465381316398e-007	1.020686e-003	0.000000e+000
2.853076751512135e-007	-1.964449e-003	0.000000e+000
2.856006439012135e-007	-5.362931e-003	0.000000e+000
2.858297790228006e-007	-7.996802e-003	0.000000e+000
2.860574357485539e-007	-1.053074e-002	0.000000e+000
2.862735609275303e-007	-1.281578e-002	0.000000e+000
2.864630708116629e-007	-1.468465e-002	0.000000e+000
2.866488567068553e-007	-1.635736e-002	0.000000e+000
2.868606321954438e-007	-1.805814e-002	0.000000e+000
2.870632315457909e-007	-1.946890e-002	0.000000e+000
2.872512291627914e-007	-2.055250e-002	0.000000e+000
2.874793043860833e-007	-2.157837e-002	0.000000e+000
2.877085572096858e-007	-2.231508e-002	0.000000e+000
2.879224471258044e-007	-2.274578e-002	0.000000e+000
2.880724171119242e-007	-2.289464e-002	0.000000e+000
2.882122272816467e-007	-2.290299e-002	0.000000e+000
2.884386169287722e-007	-2.272105e-002	0.000000e+000
2.886859824116130e-007	-2.232376e-002	0.000000e+000
2.888963198034637e-007	-2.183474e-002	0.000000e+000
2.891093021945000e-007	-2.122485e-002	0.000000e+000
2.893376728568042e-007	-2.049205e-002	0.000000e+000
2.895536392232729e-007	-1.975712e-002	0.000000e+000
2.898175952542564e-007	-1.884365e-002	0.000000e+000
2.900686207772534e-007	-1.798869e-002	0.000000e+000
2.903035368784147e-007	-1.721629e-002	0.000000e+000
2.905316380131628e-007	-1.649575e-002	0.000000e+000
2.907765005706763e-007	-1.574353e-002	0.000000e+000
2.910149982133264e-007	-1.501122e-002	0.000000e+000
2.912396927152516e-007	-1.429443e-002	0.000000e+000
2.914699927393430e-007	-1.350311e-002	0.000000e+000
2.916660234004014e-007	-1.275744e-002	0.000000e+000
2.918543176392893e-007	-1.195132e-002	0.000000e+000
2.920441783847929e-007	-1.102242e-002	0.000000e+000
2.922823726460908e-007	-9.687576e-003	0.000000e+000
2.924804839436048e-007	-8.407271e-003	0.000000e+000
2.927321451801587e-007	-6.533698e-003	0.000000e+000
2.929919055342771e-007	-4.344087e-003	0.000000e+000
2.932195284737486e-007	-2.206230e-003	0.000000e+000
2.934361594105732e-007	9.737912e-006	0.000000e+000
2.936553049078628e-007	2.395993e-003	0.000000e+000
2.938709724955456e-007	4.847261e-003	0.000000e+000
2.940740672506841e-007	7.212877e-003	0.000000e+000
2.942806114779645e-007	9.633648e-003	0.000000e+000
2.944861631591247e-007	1.200760e-002	0.000000e+000
2.947403006170820e-007	1.482722e-002	0.000000e+000
2.950123521854021e-007	1.765393e-002	0.000000e+000
2.952204081143810e-007	1.962894e-002	0.000000e+000
2.953957541879288e-007	2.111344e-002	0.000000e+000
2.955912539907479e-007	2.254954e-002	0.000000e+000
2.958148896707242e-007	2.391843e-002	0.000000e+000
2.960244372783359e-007	2.491403e-002	0.000000e+000
2.962480168460436e-007	2.565245e-002	0.000000e+000
2.964677257223007e-007	2.606747e-002	0.000000e+000
2.966666873157549e-007	2.617123e-002	0.000000e+000
2.968638793176726e-007	2.601805e-002	0.000000e+000
2.970777353428467e-007	2.558192e-002	0.000000e+000
2.973283787210829e-007	2.476351e-002	0.000000e+000
2.975736126772492e-007	2.368249e-002	0.000000e+000
2.977968931646157e-007	2.246912e-002	0.000000e+000
2.980179970362822e-007	2.108248e-002	0.000000e+000
2.981971977178289e-007	1.984515e-002	0.000000e+000
2.983137761451192e-007	1.898039e-002	0.000000e+000
2.984743896665177e-007	1.772340e-002	0.000000e+000
2.986204277498121e-007	1.652550e-002	0.000000e+000
2.988252739347548e-007	1.476543e-002	0.000000e+000
2.990357693638367e-007	1.287967e-002	0.000000e+000
2.992474297317678e-007	1.091081e-002	0.000000e+000
2.994443754055048e-007	9.022212e-003	0.000000e+000
2.996329283107106e-007	7.168305e-003	0.000000e+000
2.998784989439469e-007	4.710929e-003	0.000000e+000
3.000000000000000e-007	3.482580e-003	0.000000e+000
