time	V(out)	V(n030)
0.000000000000000e+000	0.000000e+000	0.000000e+000
2.929687488293547e-015	0.000000e+000	3.906250e-007
5.859374976587093e-015	0.000000e+000	7.812500e-007
6.862165151151572e-012	0.000000e+000	9.149554e-004
1.371847092732656e-011	0.000000e+000	1.829129e-003
2.057477670350154e-011	0.000000e+000	2.743304e-003
2.743108247967653e-011	0.000000e+000	3.657478e-003
3.428738825585152e-011	0.000000e+000	4.571652e-003
4.114369403202650e-011	0.000000e+000	5.485826e-003
4.799999980820147e-011	0.000000e+000	6.400000e-003
9.599999961640293e-011	0.000000e+000	1.280000e-002
1.404606014236564e-010	0.000000e+000	1.872808e-002
1.783236865824397e-010	0.000000e+000	2.377649e-002
2.133624804419516e-010	0.000000e+000	2.844833e-002
2.524063542346299e-010	0.000000e+000	3.365418e-002
2.929017788970761e-010	0.000000e+000	3.905357e-002
3.425937548498223e-010	0.000000e+000	4.567917e-002
3.978514655120646e-010	0.000000e+000	5.304686e-002
4.645797710677493e-010	0.000000e+000	6.194397e-002
5.403068812387479e-010	0.000000e+000	7.204092e-002
6.307358062350097e-010	0.000000e+000	8.409811e-002
7.079893803692073e-010	0.000000e+000	9.439858e-002
7.836459236611403e-010	0.000000e+000	1.044861e-001
8.648150319715844e-010	0.000000e+000	1.153087e-001
9.533838991931499e-010	0.000000e+000	1.271179e-001
1.051271808406194e-009	0.000000e+000	1.401696e-001
1.159241009936826e-009	0.000000e+000	1.545655e-001
1.278989387682820e-009	0.000000e+000	1.705319e-001
1.396557812889040e-009	0.000000e+000	1.862077e-001
1.506237046328304e-009	0.000000e+000	2.008316e-001
1.622814105635588e-009	0.000000e+000	2.163752e-001
1.745252821730086e-009	0.000000e+000	2.327004e-001
1.878826092854385e-009	0.000000e+000	2.505102e-001
2.021722797969875e-009	0.000000e+000	2.695630e-001
2.177735489724563e-009	0.000000e+000	2.903647e-001
2.313196995441439e-009	0.000000e+000	3.084263e-001
2.459900481889264e-009	0.000000e+000	3.279867e-001
2.607287994033602e-009	0.000000e+000	3.476384e-001
2.769490394963835e-009	0.000000e+000	3.692654e-001
2.937795246810027e-009	0.000000e+000	3.917060e-001
3.121752783602827e-009	0.000000e+000	4.162337e-001
3.302567426918064e-009	0.000000e+000	4.403423e-001
3.469663158169174e-009	0.000000e+000	4.626217e-001
3.654689521797200e-009	0.000000e+000	4.872919e-001
3.840326689612194e-009	0.000000e+000	5.120435e-001
4.044539681067142e-009	0.000000e+000	5.392720e-001
4.227764994987591e-009	0.000000e+000	5.637020e-001
4.422060863015594e-009	0.000000e+000	5.896081e-001
4.617703286808844e-009	0.000000e+000	6.156937e-001
4.828249794968681e-009	0.000000e+000	6.437666e-001
5.045663481099993e-009	0.000000e+000	6.727551e-001
5.245441075231715e-009	0.000000e+000	6.993921e-001
5.458755053440745e-009	0.000000e+000	7.278340e-001
5.673038340546187e-009	0.000000e+000	7.564051e-001
5.903234374701492e-009	0.000000e+000	7.870979e-001
6.139853745656860e-009	0.000000e+000	8.186471e-001
6.361321752244246e-009	0.000000e+000	8.481762e-001
6.593822328680287e-009	0.000000e+000	8.791763e-001
6.829555108356680e-009	0.000000e+000	9.106073e-001
7.079883430092136e-009	0.000000e+000	9.439844e-001
7.241472718691561e-009	0.000000e+000	9.655297e-001
7.281792218401953e-009	0.000000e+000	9.709056e-001
7.362431217822738e-009	0.000000e+000	9.816575e-001
7.499999999999999e-009	0.000000e+000	1.000000e+000
7.513756878217726e-009	0.000000e+000	1.000000e+000
7.541270634653178e-009	0.000000e+000	1.000000e+000
7.596298147524082e-009	0.000000e+000	1.000000e+000
7.706353173265891e-009	0.000000e+000	1.000000e+000
7.926463224749510e-009	0.000000e+000	1.000000e+000
8.165171580565455e-009	0.000000e+000	1.000000e+000
8.402737421334368e-009	0.000000e+000	1.000000e+000
8.670384792128641e-009	0.000000e+000	1.000000e+000
8.922443892863074e-009	0.000000e+000	1.000000e+000
9.203252571977112e-009	0.000000e+000	1.000000e+000
9.479896087604084e-009	0.000000e+000	1.000000e+000
9.765674829652412e-009	0.000000e+000	1.000000e+000
1.003512079011702e-008	0.000000e+000	1.000000e+000
1.032786309300005e-008	0.000000e+000	1.000000e+000
1.061910649268287e-008	0.000000e+000	1.000000e+000
1.091207524268287e-008	0.000000e+000	1.000000e+000
1.119789901319864e-008	0.000000e+000	1.000000e+000
1.149086776319864e-008	0.000000e+000	1.000000e+000
1.178383651319864e-008	0.000000e+000	1.000000e+000
1.207680526319864e-008	0.000000e+000	1.000000e+000
1.236977401319864e-008	0.000000e+000	1.000000e+000
1.266274276319864e-008	0.000000e+000	1.000000e+000
1.295571151319864e-008	0.000000e+000	1.000000e+000
1.324868026319864e-008	0.000000e+000	1.000000e+000
1.354164901319864e-008	0.000000e+000	1.000000e+000
1.383461776319864e-008	0.000000e+000	1.000000e+000
1.412758651319864e-008	0.000000e+000	1.000000e+000
1.442055526319864e-008	0.000000e+000	1.000000e+000
1.471352401319864e-008	0.000000e+000	1.000000e+000
1.500649276319864e-008	0.000000e+000	1.000000e+000
1.529946151319864e-008	0.000000e+000	1.000000e+000
1.559243026319864e-008	0.000000e+000	1.000000e+000
1.588539901319864e-008	0.000000e+000	1.000000e+000
1.617836776319864e-008	0.000000e+000	1.000000e+000
1.647133651319865e-008	0.000000e+000	1.000000e+000
1.676430526319865e-008	0.000000e+000	1.000000e+000
1.705727401319865e-008	0.000000e+000	1.000000e+000
1.735024276319865e-008	0.000000e+000	1.000000e+000
1.764321151319865e-008	2.802597e-045	1.000000e+000
1.793618026319865e-008	1.261169e-044	1.000000e+000
1.822914901319865e-008	4.344025e-044	1.000000e+000
1.852211776319865e-008	1.569454e-043	1.000000e+000
1.881508651319865e-008	5.493090e-043	1.000000e+000
1.910805526319865e-008	1.897358e-042	1.000000e+000
1.940102401319865e-008	6.433361e-042	1.000000e+000
1.969399276319865e-008	2.144267e-041	1.000000e+000
1.998696151319865e-008	7.028633e-041	1.000000e+000
2.027993026319865e-008	2.267133e-040	1.000000e+000
2.057289901319865e-008	7.198624e-040	1.000000e+000
2.086586776319865e-008	2.250938e-039	1.000000e+000
2.115883651319865e-008	6.933930e-039	1.000000e+000
2.145180526319865e-008	2.104994e-038	1.000000e+000
2.174477401319865e-008	6.299775e-038	1.000000e+000
2.203774276319865e-008	1.859272e-037	1.000000e+000
2.233071151319866e-008	5.413023e-037	1.000000e+000
2.262368026319866e-008	1.555054e-036	1.000000e+000
2.291664901319866e-008	4.409450e-036	1.000000e+000
2.320961776319866e-008	1.234458e-035	1.000000e+000
2.350258651319866e-008	3.413005e-035	1.000000e+000
2.379555526319866e-008	9.321306e-035	1.000000e+000
2.408852401319866e-008	2.515375e-034	1.000000e+000
2.438149276319866e-008	6.708382e-034	1.000000e+000
2.467446151319866e-008	1.768567e-033	1.000000e+000
2.496743026319866e-008	4.610091e-033	1.000000e+000
2.526039901319866e-008	1.188433e-032	1.000000e+000
2.555336776319866e-008	3.030443e-032	1.000000e+000
2.584633651319866e-008	7.645231e-032	1.000000e+000
2.613930526319866e-008	1.908586e-031	1.000000e+000
2.643227401319866e-008	4.715747e-031	1.000000e+000
2.672524276319866e-008	1.153414e-030	1.000000e+000
2.701821151319866e-008	2.793134e-030	1.000000e+000
2.731118026319866e-008	6.697977e-030	1.000000e+000
2.760414901319866e-008	1.590788e-029	1.000000e+000
2.789711776319866e-008	3.742544e-029	1.000000e+000
2.819008651319867e-008	8.723172e-029	1.000000e+000
2.848305526319867e-008	2.014652e-028	1.000000e+000
2.877602401319867e-008	4.611125e-028	1.000000e+000
2.906899276319867e-008	1.046060e-027	1.000000e+000
2.936196151319867e-008	2.352385e-027	1.000000e+000
2.965493026319867e-008	5.244699e-027	1.000000e+000
2.994789901319867e-008	1.159443e-026	1.000000e+000
3.024086776319867e-008	2.541850e-026	1.000000e+000
3.053383651319867e-008	5.526817e-026	1.000000e+000
3.082680526319867e-008	1.192002e-025	1.000000e+000
3.111977401319867e-008	2.550387e-025	1.000000e+000
3.141274276319867e-008	5.413914e-025	1.000000e+000
3.170571151319867e-008	1.140357e-024	1.000000e+000
3.199868026319867e-008	2.383643e-024	1.000000e+000
3.229164901319867e-008	4.944904e-024	1.000000e+000
3.258461776319867e-008	1.018205e-023	1.000000e+000
3.287758651319867e-008	2.081210e-023	1.000000e+000
3.317055526319867e-008	4.223207e-023	1.000000e+000
3.346352401319867e-008	8.508550e-023	1.000000e+000
3.375649276319868e-008	1.702141e-022	1.000000e+000
3.404946151319868e-008	3.381437e-022	1.000000e+000
3.434243026319868e-008	6.671307e-022	1.000000e+000
3.463539901319868e-008	1.307258e-021	1.000000e+000
3.492836776319868e-008	2.544423e-021	1.000000e+000
3.522133651319868e-008	4.919599e-021	1.000000e+000
3.551430526319868e-008	9.449687e-021	1.000000e+000
3.580727401319868e-008	1.803375e-020	1.000000e+000
3.610024276319868e-008	3.292822e-020	1.000000e+000
3.630121405258918e-008	4.923356e-020	1.000000e+000
3.645994831094737e-008	6.857093e-020	1.000000e+000
3.662952191836461e-008	9.858505e-020	1.000000e+000
3.682052245313987e-008	1.474302e-019	1.000000e+000
3.700467473490807e-008	2.168097e-019	1.000000e+000
3.720263659753554e-008	3.279327e-019	1.000000e+000
3.740416095075221e-008	5.012558e-019	1.000000e+000
3.763699006081737e-008	8.298830e-019	1.000000e+000
3.792995881081737e-008	1.538484e-018	1.000000e+000
3.822292756081737e-008	2.792373e-018	1.000000e+000
3.851375829485698e-008	4.955966e-018	1.000000e+000
3.877053930840258e-008	8.210787e-018	1.000000e+000
3.903008381996059e-008	1.385345e-017	1.000000e+000
3.932305256996059e-008	2.480455e-017	1.000000e+000
3.961602131996059e-008	4.384451e-017	1.000000e+000
3.990899006996059e-008	7.706564e-017	1.000000e+000
4.020195881996059e-008	1.347078e-016	1.000000e+000
4.049492756996059e-008	2.341719e-016	1.000000e+000
4.078789631996059e-008	4.048652e-016	1.000000e+000
4.108086506996059e-008	6.879995e-016	1.000000e+000
4.133435987182897e-008	1.086723e-015	1.000000e+000
4.159191732348828e-008	1.724886e-015	1.000000e+000
4.183022979911300e-008	2.670366e-015	1.000000e+000
4.212319854911300e-008	4.553648e-015	1.000000e+000
4.241616729911300e-008	7.646961e-015	1.000000e+000
4.270913604911300e-008	1.277588e-014	1.000000e+000
4.300210479911300e-008	2.123660e-014	1.000000e+000
4.329507354911300e-008	3.512295e-014	1.000000e+000
4.358804229911300e-008	5.740626e-014	1.000000e+000
4.385387707079527e-008	8.902694e-014	1.000000e+000
4.410298303820817e-008	1.338474e-013	1.000000e+000
4.433195305829050e-008	1.947101e-013	1.000000e+000
4.456333116599566e-008	2.863213e-013	1.000000e+000
4.483389296153114e-008	4.492704e-013	1.000000e+000
4.512686171153114e-008	7.233480e-013	1.000000e+000
4.541983046153114e-008	1.155185e-012	1.000000e+000
4.571279921153114e-008	1.834487e-012	1.000000e+000
4.600160619392605e-008	2.857553e-012	1.000000e+000
4.624971141595412e-008	4.163429e-012	1.000000e+000
4.648434087334369e-008	5.955985e-012	1.000000e+000
4.672074695123009e-008	8.521457e-012	1.000000e+000
4.694946451622319e-008	1.201101e-011	1.000000e+000
4.717464597114051e-008	1.694497e-011	1.000000e+000
4.745336997509814e-008	2.589576e-011	1.000000e+000
4.774633872509814e-008	3.996044e-011	1.000000e+000
4.803930747509814e-008	6.080051e-011	1.000000e+000
4.828808442377122e-008	8.680980e-011	1.000000e+000
4.855213946591259e-008	1.263332e-010	1.000000e+000
4.879032200127826e-008	1.766102e-010	1.000000e+000
4.903337152103224e-008	2.478366e-010	1.000000e+000
4.925649523955334e-008	3.375238e-010	1.000000e+000
4.948401376889371e-008	4.616234e-010	1.000000e+000
4.970228874361274e-008	6.227551e-010	1.000000e+000
4.993483714027046e-008	8.616083e-010	1.000000e+000
5.022780589027046e-008	1.288394e-009	1.000000e+000
5.052077464027046e-008	1.905511e-009	1.000000e+000
5.081374339027046e-008	2.806421e-009	1.000000e+000
5.110671214027046e-008	4.081468e-009	1.000000e+000
5.133830223260867e-008	5.460959e-009	1.000000e+000
5.154295771803750e-008	7.082584e-009	1.000000e+000
5.175040831521470e-008	9.238894e-009	1.000000e+000
5.198263776845071e-008	1.238232e-008	1.000000e+000
5.219680102687233e-008	1.621717e-008	1.000000e+000
5.244953482804480e-008	2.235851e-008	1.000000e+000
5.274250357804480e-008	3.217946e-008	1.000000e+000
5.303547232804480e-008	4.595540e-008	1.000000e+000
5.332844107804480e-008	6.536632e-008	1.000000e+000
5.362140982804480e-008	9.260618e-008	1.000000e+000
5.391437857804480e-008	1.293749e-007	1.000000e+000
5.411376124460115e-008	1.618299e-007	1.000000e+000
5.428138403432571e-008	1.961857e-007	1.000000e+000
5.446866931040918e-008	2.432405e-007	1.000000e+000
5.465209915858249e-008	2.998963e-007	1.000000e+000
5.485701811281300e-008	3.784686e-007	1.000000e+000
5.506849940145743e-008	4.811793e-007	1.000000e+000
5.532475245429971e-008	6.434416e-007	1.000000e+000
5.561772120429971e-008	8.902357e-007	1.000000e+000
5.591068995429971e-008	1.223561e-006	1.000000e+000
5.620365870429971e-008	1.675243e-006	1.000000e+000
5.649662745429971e-008	2.276499e-006	1.000000e+000
5.674754036127506e-008	2.953311e-006	1.000000e+000
5.700224830552230e-008	3.840038e-006	1.000000e+000
5.723920680764515e-008	4.881149e-006	1.000000e+000
5.744932133813550e-008	6.039060e-006	1.000000e+000
5.768043517180083e-008	7.620653e-006	1.000000e+000
5.790212384340862e-008	9.535910e-006	1.000000e+000
5.819509259340862e-008	1.278206e-005	1.000000e+000
5.848806134340862e-008	1.699392e-005	1.000000e+000
5.878103009340862e-008	2.250942e-005	1.000000e+000
5.907399884340862e-008	2.970417e-005	1.000000e+000
5.936696759340862e-008	3.905324e-005	1.000000e+000
5.965993634340862e-008	5.115490e-005	1.000000e+000
5.995290509340862e-008	6.675928e-005	1.000000e+000
6.024587384340861e-008	8.680283e-005	1.000000e+000
6.053884259340860e-008	1.124495e-004	1.000000e+000
6.083181134340860e-008	1.451393e-004	1.000000e+000
6.112478009340859e-008	1.866466e-004	1.000000e+000
6.141774884340859e-008	2.391469e-004	1.000000e+000
6.171071759340858e-008	3.052966e-004	1.000000e+000
6.200368634340857e-008	3.883236e-004	1.000000e+000
6.229665509340857e-008	4.921326e-004	1.000000e+000
6.258962384340856e-008	6.214255e-004	1.000000e+000
6.288259259340856e-008	7.818366e-004	1.000000e+000
6.317556134340855e-008	9.800865e-004	1.000000e+000
6.346853009340854e-008	1.224152e-003	1.000000e+000
6.376149884340854e-008	1.523457e-003	1.000000e+000
6.405446759340853e-008	1.889076e-003	1.000000e+000
6.434743634340853e-008	2.333960e-003	1.000000e+000
6.464040509340852e-008	2.873180e-003	1.000000e+000
6.493337384340851e-008	3.524177e-003	1.000000e+000
6.522634259340851e-008	4.307030e-003	1.000000e+000
6.551931134340850e-008	5.244731e-003	1.000000e+000
6.581228009340849e-008	6.363457e-003	1.000000e+000
6.610524884340849e-008	7.692846e-003	1.000000e+000
6.639821759340848e-008	9.266251e-003	1.000000e+000
6.669118634340848e-008	1.112098e-002	1.000000e+000
6.698415509340847e-008	1.329851e-002	1.000000e+000
6.727712384340846e-008	1.584463e-002	1.000000e+000
6.757009259340846e-008	1.880959e-002	1.000000e+000
6.786306134340845e-008	2.224807e-002	1.000000e+000
6.815603009340845e-008	2.621920e-002	1.000000e+000
6.844899884340844e-008	3.078638e-002	1.000000e+000
6.874196759340843e-008	3.601700e-002	1.000000e+000
6.903493634340843e-008	4.198208e-002	1.000000e+000
6.932790509340842e-008	4.875569e-002	1.000000e+000
6.962087384340842e-008	5.641429e-002	1.000000e+000
6.991384259340841e-008	6.503583e-002	1.000000e+000
7.020681134340840e-008	7.469875e-002	1.000000e+000
7.049978009340840e-008	8.548075e-002	1.000000e+000
7.079274884340839e-008	9.745740e-002	1.000000e+000
7.108571759340838e-008	1.107007e-001	1.000000e+000
7.137868634340838e-008	1.252771e-001	1.000000e+000
7.167165509340837e-008	1.412462e-001	1.000000e+000
7.196462384340837e-008	1.586583e-001	1.000000e+000
7.225759259340836e-008	1.775528e-001	1.000000e+000
7.255056134340835e-008	1.979561e-001	1.000000e+000
7.284353009340835e-008	2.198798e-001	1.000000e+000
7.313649884340834e-008	2.433186e-001	1.000000e+000
7.342946759340834e-008	2.682488e-001	1.000000e+000
7.372243634340833e-008	2.946269e-001	1.000000e+000
7.401540509340832e-008	3.223884e-001	1.000000e+000
7.430837384340832e-008	3.514467e-001	1.000000e+000
7.460134259340831e-008	3.816934e-001	1.000000e+000
7.489431134340831e-008	4.129975e-001	1.000000e+000
7.518728009340830e-008	4.452069e-001	1.000000e+000
7.548024884340829e-008	4.781487e-001	1.000000e+000
7.577321759340829e-008	5.116317e-001	1.000000e+000
7.606618634340828e-008	5.454481e-001	1.000000e+000
7.635915509340827e-008	5.793768e-001	1.000000e+000
7.665212384340827e-008	6.131867e-001	1.000000e+000
7.694509259340826e-008	6.466405e-001	1.000000e+000
7.723806134340826e-008	6.794988e-001	1.000000e+000
7.753103009340825e-008	7.115250e-001	1.000000e+000
7.782399884340824e-008	7.424899e-001	1.000000e+000
7.811696759340824e-008	7.721762e-001	1.000000e+000
7.840993634340823e-008	8.003838e-001	1.000000e+000
7.870290509340823e-008	8.269334e-001	1.000000e+000
7.899587384340822e-008	8.516713e-001	1.000000e+000
7.928884259340821e-008	8.744724e-001	1.000000e+000
7.958181134340821e-008	8.952433e-001	1.000000e+000
7.987478009340820e-008	9.139239e-001	1.000000e+000
8.016774884340820e-008	9.304892e-001	1.000000e+000
8.046071759340819e-008	9.449488e-001	1.000000e+000
8.075368634340818e-008	9.573469e-001	1.000000e+000
8.104665509340818e-008	9.677597e-001	1.000000e+000
8.133962384340817e-008	9.762936e-001	1.000000e+000
8.163259259340816e-008	9.830809e-001	1.000000e+000
8.192556134340816e-008	9.882764e-001	1.000000e+000
8.221853009340815e-008	9.920520e-001	1.000000e+000
8.251149884340815e-008	9.945916e-001	1.000000e+000
8.280446759340814e-008	9.960859e-001	1.000000e+000
8.309743634340813e-008	9.967270e-001	1.000000e+000
8.339040509340813e-008	9.967029e-001	1.000000e+000
8.368337384340812e-008	9.961929e-001	1.000000e+000
8.397634259340812e-008	9.953630e-001	1.000000e+000
8.426931134340811e-008	9.943628e-001	1.000000e+000
8.456228009340810e-008	9.933223e-001	1.000000e+000
8.485524884340810e-008	9.923502e-001	1.000000e+000
8.514821759340809e-008	9.915328e-001	1.000000e+000
8.544118634340809e-008	9.909343e-001	1.000000e+000
8.573415509340808e-008	9.905970e-001	1.000000e+000
8.602712384340807e-008	9.905437e-001	1.000000e+000
8.632009259340807e-008	9.907787e-001	1.000000e+000
8.661306134340806e-008	9.912916e-001	1.000000e+000
8.690603009340805e-008	9.920594e-001	1.000000e+000
8.719899884340805e-008	9.930497e-001	1.000000e+000
8.749196759340804e-008	9.942203e-001	1.000000e+000
8.774710033332344e-008	9.953594e-001	1.000000e+000
8.801108379352217e-008	9.966248e-001	1.000000e+000
8.825901510664131e-008	9.978626e-001	1.000000e+000
8.851014524267287e-008	9.991395e-001	1.000000e+000
8.879478298148749e-008	1.000584e+000	1.000000e+000
8.906473605776716e-008	1.001924e+000	1.000000e+000
8.935770480776716e-008	1.003318e+000	1.000000e+000
8.965067355776715e-008	1.004627e+000	1.000000e+000
8.994364230776715e-008	1.005828e+000	1.000000e+000
9.023661105776714e-008	1.006903e+000	1.000000e+000
9.052957980776713e-008	1.007840e+000	1.000000e+000
9.082254855776713e-008	1.008626e+000	1.000000e+000
9.111551730776712e-008	1.009261e+000	1.000000e+000
9.136353677663209e-008	1.009667e+000	1.000000e+000
9.163047202395356e-008	1.009965e+000	1.000000e+000
9.188953191294583e-008	1.010130e+000	1.000000e+000
9.209520848505815e-008	1.010166e+000	1.000000e+000
9.230568908109398e-008	1.010116e+000	1.000000e+000
9.250203341736847e-008	1.009992e+000	1.000000e+000
9.273640709997569e-008	1.009756e+000	1.000000e+000
9.295714645559167e-008	1.009452e+000	1.000000e+000
9.324898430466413e-008	1.008942e+000	1.000000e+000
9.354195305466413e-008	1.008338e+000	1.000000e+000
9.383492180466412e-008	1.007663e+000	1.000000e+000
9.412789055466411e-008	1.006950e+000	1.000000e+000
9.442085930466411e-008	1.006233e+000	1.000000e+000
9.471382805466410e-008	1.005553e+000	1.000000e+000
9.500679680466409e-008	1.004946e+000	1.000000e+000
9.529976555466409e-008	1.004446e+000	1.000000e+000
9.557564287840344e-008	1.004105e+000	1.000000e+000
9.586861162840344e-008	1.003894e+000	1.000000e+000
9.609469461499479e-008	1.003853e+000	1.000000e+000
9.632499508376819e-008	1.003935e+000	1.000000e+000
9.656929435926581e-008	1.004151e+000	1.000000e+000
9.685945025329344e-008	1.004562e+000	1.000000e+000
9.715241900329343e-008	1.005119e+000	1.000000e+000
9.744538775329342e-008	1.005794e+000	1.000000e+000
9.773835650329342e-008	1.006544e+000	1.000000e+000
9.803132525329341e-008	1.007319e+000	1.000000e+000
9.832429400329341e-008	1.008067e+000	1.000000e+000
9.861726275329340e-008	1.008742e+000	1.000000e+000
9.886369388816971e-008	1.009214e+000	1.000000e+000
9.911277805558395e-008	1.009566e+000	1.000000e+000
9.938347408182993e-008	1.009786e+000	1.000000e+000
9.967644283182992e-008	1.009824e+000	1.000000e+000
9.996941158182992e-008	1.009649e+000	1.000000e+000
1.002623803318299e-007	1.009266e+000	1.000000e+000
1.005553490818299e-007	1.008700e+000	1.000000e+000
1.008483178318299e-007	1.007990e+000	1.000000e+000
1.011412865818299e-007	1.007186e+000	1.000000e+000
1.014342553318299e-007	1.006347e+000	1.000000e+000
1.017272240818299e-007	1.005534e+000	1.000000e+000
1.020201928318299e-007	1.004808e+000	1.000000e+000
1.023131615818299e-007	1.004223e+000	1.000000e+000
1.026061303318299e-007	1.003822e+000	1.000000e+000
1.028990990818299e-007	1.003635e+000	1.000000e+000
1.031920678318299e-007	1.003674e+000	1.000000e+000
1.034850365818298e-007	1.003933e+000	1.000000e+000
1.037780053318298e-007	1.004387e+000	1.000000e+000
1.040709740818298e-007	1.004996e+000	1.000000e+000
1.043639428318298e-007	1.005706e+000	1.000000e+000
1.046569115818298e-007	1.006455e+000	1.000000e+000
1.049498803318298e-007	1.007176e+000	1.000000e+000
1.052428490818298e-007	1.007807e+000	1.000000e+000
1.055358178318298e-007	1.008290e+000	1.000000e+000
1.058287865818298e-007	1.008582e+000	1.000000e+000
1.061217553318298e-007	1.008655e+000	1.000000e+000
1.064147240818298e-007	1.008501e+000	1.000000e+000
1.067076928318298e-007	1.008130e+000	1.000000e+000
1.070006615818298e-007	1.007582e+000	1.000000e+000
1.072070312500000e-007	1.007101e+000	1.000000e+000
1.075000000000000e-007	1.006341e+000	1.000000e+000
1.075292968750000e-007	1.006259e+000	9.960938e-001
1.075878906250000e-007	1.006096e+000	9.882813e-001
1.077050781250000e-007	1.005771e+000	9.726563e-001
1.079394531250000e-007	1.005142e+000	9.414063e-001
1.082324218750000e-007	1.004424e+000	9.023438e-001
1.085253906250000e-007	1.003832e+000	8.632813e-001
1.088183593750000e-007	1.003415e+000	8.242188e-001
1.091113281250000e-007	1.003206e+000	7.851563e-001
1.094042968749999e-007	1.003220e+000	7.460938e-001
1.096972656249999e-007	1.003450e+000	7.070313e-001
1.099902343749999e-007	1.003868e+000	6.679688e-001
1.102832031249999e-007	1.004430e+000	6.289063e-001
1.105761718749999e-007	1.005080e+000	5.898438e-001
1.108691406249999e-007	1.005752e+000	5.507813e-001
1.111621093749999e-007	1.006379e+000	5.117188e-001
1.114550781249999e-007	1.006898e+000	4.726563e-001
1.117480468749999e-007	1.007258e+000	4.335938e-001
1.120410156249999e-007	1.007422e+000	3.945313e-001
1.123339843749999e-007	1.007373e+000	3.554688e-001
1.126269531249999e-007	1.007113e+000	3.164063e-001
1.129199218749999e-007	1.006666e+000	2.773438e-001
1.132128906249999e-007	1.006073e+000	2.382813e-001
1.135058593749999e-007	1.005389e+000	1.992188e-001
1.137988281249999e-007	1.004678e+000	1.601563e-001
1.140917968749999e-007	1.004006e+000	1.210938e-001
1.143847656249998e-007	1.003434e+000	8.203125e-002
1.146777343749998e-007	1.002970e+000	4.296875e-002
1.147070312500000e-007	1.002933e+000	3.906250e-002
1.147656250000003e-007	1.002876e+000	3.125000e-002
1.148828125000009e-007	1.002785e+000	1.562500e-002
1.150000000000000e-007	1.002714e+000	0.000000e+000
1.150002578127844e-007	1.002714e+000	0.000000e+000
1.150007734383531e-007	1.002714e+000	0.000000e+000
1.150100546985897e-007	1.002711e+000	0.000000e+000
1.150193359588262e-007	1.002708e+000	0.000000e+000
1.150286172190628e-007	1.002705e+000	0.000000e+000
1.150378984792994e-007	1.002702e+000	0.000000e+000
1.150471797395361e-007	1.002700e+000	0.000000e+000
1.150564609997726e-007	1.002698e+000	0.000000e+000
1.150657422600092e-007	1.002696e+000	0.000000e+000
1.151317423328028e-007	1.002691e+000	0.000000e+000
1.152637424783900e-007	1.002722e+000	0.000000e+000
1.155277427695643e-007	1.002897e+000	0.000000e+000
1.158207115195643e-007	1.003237e+000	0.000000e+000
1.161136802695643e-007	1.003712e+000	0.000000e+000
1.164066490195643e-007	1.004273e+000	0.000000e+000
1.166996177695643e-007	1.004859e+000	0.000000e+000
1.169925865195643e-007	1.005406e+000	0.000000e+000
1.172855552695643e-007	1.005854e+000	0.000000e+000
1.175785240195643e-007	1.006155e+000	0.000000e+000
1.178714927695643e-007	1.006276e+000	0.000000e+000
1.181644615195643e-007	1.006206e+000	0.000000e+000
1.184260274445876e-007	1.005988e+000	0.000000e+000
1.186468020331427e-007	1.005695e+000	0.000000e+000
1.188290611265385e-007	1.005386e+000	0.000000e+000
1.190398592304944e-007	1.004973e+000	0.000000e+000
1.192322293007358e-007	1.004566e+000	0.000000e+000
1.195089583630473e-007	1.003969e+000	0.000000e+000
1.198019271130473e-007	1.003373e+000	0.000000e+000
1.200948958630473e-007	1.002862e+000	0.000000e+000
1.203577184270613e-007	1.002509e+000	0.000000e+000
1.205585668100447e-007	1.002332e+000	0.000000e+000
1.207620658672069e-007	1.002247e+000	0.000000e+000
1.209660793262643e-007	1.002252e+000	0.000000e+000
1.211540383324623e-007	1.002336e+000	0.000000e+000
1.213432273481685e-007	1.002497e+000	0.000000e+000
1.215771029803578e-007	1.002784e+000	0.000000e+000
1.218700717303578e-007	1.003231e+000	0.000000e+000
1.221630404803578e-007	1.003731e+000	0.000000e+000
1.223831975921667e-007	1.004113e+000	0.000000e+000
1.226053896162587e-007	1.004473e+000	0.000000e+000
1.228421719506195e-007	1.004803e+000	0.000000e+000
1.230567947785733e-007	1.005033e+000	0.000000e+000
1.232566703739426e-007	1.005174e+000	0.000000e+000
1.234511441660956e-007	1.005231e+000	0.000000e+000
1.236543088065096e-007	1.005199e+000	0.000000e+000
1.239272415000202e-007	1.005029e+000	0.000000e+000
1.241754584375389e-007	1.004762e+000	0.000000e+000
1.244115721555285e-007	1.004419e+000	0.000000e+000
1.246124941406976e-007	1.004075e+000	0.000000e+000
1.248147987790201e-007	1.003697e+000	0.000000e+000
1.250183055189527e-007	1.003306e+000	0.000000e+000
1.252051993038552e-007	1.002955e+000	0.000000e+000
1.253962496332654e-007	1.002620e+000	0.000000e+000
1.255854669672499e-007	1.002329e+000	0.000000e+000
1.258280463166740e-007	1.002031e+000	0.000000e+000
1.260506834634290e-007	1.001843e+000	0.000000e+000
1.262821483105320e-007	1.001747e+000	0.000000e+000
1.265034473180481e-007	1.001756e+000	0.000000e+000
1.267380381910825e-007	1.001862e+000	0.000000e+000
1.269247206458009e-007	1.002015e+000	0.000000e+000
1.271357723527159e-007	1.002251e+000	0.000000e+000
1.273212342571994e-007	1.002498e+000	0.000000e+000
1.275080970971368e-007	1.002772e+000	0.000000e+000
1.276858494620040e-007	1.003042e+000	0.000000e+000
1.279384427499379e-007	1.003415e+000	0.000000e+000
1.281742503128408e-007	1.003724e+000	0.000000e+000
1.284565006696555e-007	1.004011e+000	0.000000e+000
1.287415816374433e-007	1.004181e+000	0.000000e+000
1.290345503874433e-007	1.004208e+000	0.000000e+000
1.293275191374433e-007	1.004083e+000	0.000000e+000
1.295947677155968e-007	1.003847e+000	0.000000e+000
1.298063327773096e-007	1.003585e+000	0.000000e+000
1.300084932283547e-007	1.003282e+000	0.000000e+000
1.303014619783547e-007	1.002802e+000	0.000000e+000
1.305944307283547e-007	1.002320e+000	0.000000e+000
1.308873994783547e-007	1.001881e+000	0.000000e+000
1.311803682283547e-007	1.001530e+000	0.000000e+000
1.314733369783547e-007	1.001302e+000	0.000000e+000
1.317663057283547e-007	1.001217e+000	0.000000e+000
1.320592744783547e-007	1.001279e+000	0.000000e+000
1.323522432283547e-007	1.001472e+000	0.000000e+000
1.326452119783547e-007	1.001769e+000	0.000000e+000
1.329381807283547e-007	1.002128e+000	0.000000e+000
1.332311494783547e-007	1.002502e+000	0.000000e+000
1.335241182283547e-007	1.002842e+000	0.000000e+000
1.338170869783548e-007	1.003104e+000	0.000000e+000
1.341100557283548e-007	1.003254e+000	0.000000e+000
1.344030244783548e-007	1.003271e+000	0.000000e+000
1.346959932283548e-007	1.003148e+000	0.000000e+000
1.349889619783548e-007	1.002900e+000	0.000000e+000
1.352819307283548e-007	1.002550e+000	0.000000e+000
1.355748994783548e-007	1.002138e+000	0.000000e+000
1.358678682283548e-007	1.001709e+000	0.000000e+000
1.361608369783548e-007	1.001308e+000	0.000000e+000
1.364538057283548e-007	1.000979e+000	0.000000e+000
1.367467744783548e-007	1.000755e+000	0.000000e+000
1.370397432283548e-007	1.000656e+000	0.000000e+000
1.373327119783548e-007	1.000688e+000	0.000000e+000
1.376256807283548e-007	1.000841e+000	0.000000e+000
1.379186494783549e-007	1.001088e+000	0.000000e+000
1.382116182283549e-007	1.001395e+000	0.000000e+000
1.385045869783549e-007	1.001719e+000	0.000000e+000
1.387975557283549e-007	1.002020e+000	0.000000e+000
1.390247124992366e-007	1.002214e+000	0.000000e+000
1.391981809390298e-007	1.002324e+000	0.000000e+000
1.393602534134499e-007	1.002387e+000	0.000000e+000
1.395488907201582e-007	1.002412e+000	0.000000e+000
1.397407341524636e-007	1.002383e+000	0.000000e+000
1.399596479030384e-007	1.002283e+000	0.000000e+000
1.401948523609338e-007	1.002108e+000	0.000000e+000
1.404018274311445e-007	1.001902e+000	0.000000e+000
1.406343743093490e-007	1.001624e+000	0.000000e+000
1.409273430593490e-007	1.001244e+000	0.000000e+000
1.412203118093490e-007	1.000865e+000	0.000000e+000
1.414822424737652e-007	1.000558e+000	0.000000e+000
1.417463485158140e-007	1.000312e+000	0.000000e+000
1.420393172658140e-007	1.000135e+000	0.000000e+000
1.423322860158140e-007	1.000071e+000	0.000000e+000
1.426252547658140e-007	1.000118e+000	0.000000e+000
1.428771898105154e-007	1.000244e+000	0.000000e+000
1.431319999161360e-007	1.000437e+000	0.000000e+000
1.433873403401612e-007	1.000671e+000	0.000000e+000
1.436394131836694e-007	1.000917e+000	0.000000e+000
1.438591500027616e-007	1.001125e+000	0.000000e+000
1.440326885150804e-007	1.001273e+000	0.000000e+000
1.441983466268763e-007	1.001391e+000	0.000000e+000
1.443777717578216e-007	1.001488e+000	0.000000e+000
1.445540022761828e-007	1.001544e+000	0.000000e+000
1.447757024899176e-007	1.001556e+000	0.000000e+000
1.450185223665244e-007	1.001495e+000	0.000000e+000
1.453114911165244e-007	1.001325e+000	0.000000e+000
1.456044598665244e-007	1.001072e+000	0.000000e+000
1.458661165706627e-007	1.000792e+000	0.000000e+000
1.461276651904559e-007	1.000485e+000	0.000000e+000
1.463788745881739e-007	1.000194e+000	0.000000e+000
1.466718433381739e-007	9.998916e-001	0.000000e+000
1.469648120881739e-007	9.996572e-001	0.000000e+000
1.472577808381739e-007	9.995107e-001	0.000000e+000
1.475061402539011e-007	9.994690e-001	0.000000e+000
1.477668590617248e-007	9.995117e-001	0.000000e+000
1.480598278117248e-007	9.996452e-001	0.000000e+000
1.483527965617248e-007	9.998456e-001	0.000000e+000
1.486457653117248e-007	1.000084e+000	0.000000e+000
1.489387340617248e-007	1.000325e+000	0.000000e+000
1.492317028117248e-007	1.000533e+000	0.000000e+000
1.495246715617248e-007	1.000677e+000	0.000000e+000
1.497976128534733e-007	1.000733e+000	0.000000e+000
1.500766671531525e-007	1.000700e+000	0.000000e+000
1.503696359031525e-007	1.000570e+000	0.000000e+000
1.506626046531525e-007	1.000358e+000	0.000000e+000
1.509042406023885e-007	1.000133e+000	0.000000e+000
1.511661986800628e-007	9.998600e-001	0.000000e+000
1.514591674300629e-007	9.995522e-001	0.000000e+000
1.517521361800629e-007	9.992706e-001	0.000000e+000
1.519995154670083e-007	9.990738e-001	0.000000e+000
1.522043690131513e-007	9.989559e-001	0.000000e+000
1.524367587266989e-007	9.988805e-001	0.000000e+000
1.526923535553197e-007	9.988660e-001	0.000000e+000
1.529546554167392e-007	9.989214e-001	0.000000e+000
1.532054351860571e-007	9.990349e-001	0.000000e+000
1.534984039360571e-007	9.992202e-001	0.000000e+000
1.537913726860571e-007	9.994313e-001	0.000000e+000
1.540843414360572e-007	9.996380e-001	0.000000e+000
1.543773101860572e-007	9.998081e-001	0.000000e+000
1.546702789360572e-007	9.999149e-001	0.000000e+000
1.549632476860572e-007	9.999444e-001	0.000000e+000
1.551967789354975e-007	9.999058e-001	0.000000e+000
1.553940100034214e-007	9.998251e-001	0.000000e+000
1.555999116083038e-007	9.996977e-001	0.000000e+000
1.558544861586353e-007	9.994958e-001	0.000000e+000
1.561474549086353e-007	9.992276e-001	0.000000e+000
1.564404236586353e-007	9.989474e-001	0.000000e+000
1.567333924086353e-007	9.986848e-001	0.000000e+000
1.570263611586353e-007	9.984686e-001	0.000000e+000
1.573193299086353e-007	9.983168e-001	0.000000e+000
1.575481552817739e-007	9.982566e-001	0.000000e+000
1.578012987650128e-007	9.982575e-001	0.000000e+000
1.580942675150128e-007	9.983289e-001	0.000000e+000
1.583515283838872e-007	9.984431e-001	0.000000e+000
1.585763013311887e-007	9.985741e-001	0.000000e+000
1.588151819980457e-007	9.987279e-001	0.000000e+000
1.591081507480457e-007	9.989098e-001	0.000000e+000
1.594011194980457e-007	9.990593e-001	0.000000e+000
1.596940882480457e-007	9.991521e-001	0.000000e+000
1.599870569980458e-007	9.991713e-001	0.000000e+000
1.602800257480458e-007	9.991099e-001	0.000000e+000
1.605729944980458e-007	9.989717e-001	0.000000e+000
1.608659632480458e-007	9.987705e-001	0.000000e+000
1.611589319980458e-007	9.985286e-001	0.000000e+000
1.614278865647345e-007	9.982930e-001	0.000000e+000
1.616979212393993e-007	9.980680e-001	0.000000e+000
1.619908899893993e-007	9.978620e-001	0.000000e+000
1.622838587393993e-007	9.977149e-001	0.000000e+000
1.625768274893993e-007	9.976408e-001	0.000000e+000
1.628697962393993e-007	9.976435e-001	0.000000e+000
1.631627649893993e-007	9.977161e-001	0.000000e+000
1.634557337393993e-007	9.978427e-001	0.000000e+000
1.637487024893993e-007	9.980003e-001	0.000000e+000
1.640416712393993e-007	9.981620e-001	0.000000e+000
1.643229298838178e-007	9.982967e-001	0.000000e+000
1.645878312006382e-007	9.983833e-001	0.000000e+000
1.648807999506382e-007	9.984176e-001	0.000000e+000
1.651737687006382e-007	9.983807e-001	0.000000e+000
1.654667374506382e-007	9.982713e-001	0.000000e+000
1.657597062006382e-007	9.980991e-001	0.000000e+000
1.660526749506383e-007	9.978818e-001	0.000000e+000
1.663456437006383e-007	9.976423e-001	0.000000e+000
1.666032567244649e-007	9.974324e-001	0.000000e+000
1.668201369545619e-007	9.972709e-001	0.000000e+000
1.670614602506278e-007	9.971228e-001	0.000000e+000
1.673544290006278e-007	9.969952e-001	0.000000e+000
1.676473977506278e-007	9.969297e-001	0.000000e+000
1.679403665006278e-007	9.969277e-001	0.000000e+000
1.682333352506278e-007	9.969786e-001	0.000000e+000
1.685263040006278e-007	9.970635e-001	0.000000e+000
1.688192727506278e-007	9.971585e-001	0.000000e+000
1.690855325278633e-007	9.972322e-001	0.000000e+000
1.693121234133689e-007	9.972696e-001	0.000000e+000
1.695104719444895e-007	9.972736e-001	0.000000e+000
1.696587042217351e-007	9.972550e-001	0.000000e+000
1.697621985493153e-007	9.972275e-001	0.000000e+000
1.698772957065775e-007	9.971822e-001	0.000000e+000
1.699916558723341e-007	9.971206e-001	0.000000e+000
1.701677214110628e-007	9.969959e-001	0.000000e+000
1.703478102593079e-007	9.968321e-001	0.000000e+000
1.705713833651594e-007	9.965786e-001	0.000000e+000
1.707821728522442e-007	9.962916e-001	0.000000e+000
1.710214078728215e-007	9.959135e-001	0.000000e+000
1.712496751509115e-007	9.955096e-001	0.000000e+000
1.714619568183928e-007	9.950975e-001	0.000000e+000
1.717361414741435e-007	9.945233e-001	0.000000e+000
1.720184782955371e-007	9.938936e-001	0.000000e+000
1.722461900020368e-007	9.933538e-001	0.000000e+000
1.724748432401619e-007	9.927776e-001	0.000000e+000
1.726921374680583e-007	9.921893e-001	0.000000e+000
1.729436035373686e-007	9.914480e-001	0.000000e+000
1.731564043731275e-007	9.907589e-001	0.000000e+000
1.733279217977976e-007	9.901471e-001	0.000000e+000
1.734718313718497e-007	9.895859e-001	0.000000e+000
1.735926963911053e-007	9.890761e-001	0.000000e+000
1.736933634516876e-007	9.886210e-001	0.000000e+000
1.737818653212459e-007	9.881935e-001	0.000000e+000
1.738893126005547e-007	9.876394e-001	0.000000e+000
1.739991998168247e-007	9.870269e-001	0.000000e+000
1.741640837541902e-007	9.860119e-001	0.000000e+000
1.743796363701310e-007	9.845145e-001	0.000000e+000
1.746216020699515e-007	9.825819e-001	0.000000e+000
1.748711861614740e-007	9.802570e-001	0.000000e+000
1.751641549114740e-007	9.770739e-001	0.000000e+000
1.754389890156810e-007	9.735987e-001	0.000000e+000
1.757319577656810e-007	9.693078e-001	0.000000e+000
1.760249265156810e-007	9.643846e-001	0.000000e+000
1.763178952656810e-007	9.587978e-001	0.000000e+000
1.765727666269545e-007	9.533457e-001	0.000000e+000
1.768205857180399e-007	9.474276e-001	0.000000e+000
1.771135544680399e-007	9.396739e-001	0.000000e+000
1.773733961902165e-007	9.321029e-001	0.000000e+000
1.775926459202617e-007	9.250873e-001	0.000000e+000
1.778396939911723e-007	9.164346e-001	0.000000e+000
1.781132359980046e-007	9.059319e-001	0.000000e+000
1.784062047480046e-007	8.935490e-001	0.000000e+000
1.786991734980046e-007	8.799012e-001	0.000000e+000
1.789921422480046e-007	8.649410e-001	0.000000e+000
1.792398315582840e-007	8.511840e-001	0.000000e+000
1.794757760835748e-007	8.369777e-001	0.000000e+000
1.797687448335748e-007	8.179286e-001	0.000000e+000
1.800617135835748e-007	7.973869e-001	0.000000e+000
1.803546823335748e-007	7.752718e-001	0.000000e+000
1.806476510835748e-007	7.516448e-001	0.000000e+000
1.809058201001350e-007	7.296034e-001	0.000000e+000
1.811272647667217e-007	7.097301e-001	0.000000e+000
1.813751637682066e-007	6.864776e-001	0.000000e+000
1.816446654658784e-007	6.601415e-001	0.000000e+000
1.819376342158784e-007	6.303982e-001	0.000000e+000
1.822103299897838e-007	6.017523e-001	0.000000e+000
1.824896994559410e-007	5.715477e-001	0.000000e+000
1.827477598838546e-007	5.430018e-001	0.000000e+000
1.829963668286098e-007	5.150001e-001	0.000000e+000
1.832619027776963e-007	4.846951e-001	0.000000e+000
1.835202148819680e-007	4.549601e-001	0.000000e+000
1.837700630536001e-007	4.260832e-001	0.000000e+000
1.840397994097689e-007	3.949268e-001	0.000000e+000
1.842637786106437e-007	3.691877e-001	0.000000e+000
1.844850046153663e-007	3.440009e-001	0.000000e+000
1.847070042223117e-007	3.191014e-001	0.000000e+000
1.849999729723117e-007	2.869497e-001	0.000000e+000
1.852929417223117e-007	2.557386e-001	0.000000e+000
1.855705401366827e-007	2.272689e-001	0.000000e+000
1.858299777911035e-007	2.018778e-001	0.000000e+000
1.861229465411035e-007	1.747653e-001	0.000000e+000
1.864152913908959e-007	1.493728e-001	0.000000e+000
1.866587346208053e-007	1.296175e-001	0.000000e+000
1.868498437965499e-007	1.151919e-001	0.000000e+000
1.870807216572383e-007	9.901232e-002	0.000000e+000
1.872962625485023e-007	8.509115e-002	0.000000e+000
1.875346877313319e-007	7.110489e-002	0.000000e+000
1.877882522031543e-007	5.773681e-002	0.000000e+000
1.880247776163035e-007	4.675933e-002	0.000000e+000
1.883177463663035e-007	3.504677e-002	0.000000e+000
1.886107151163035e-007	2.515899e-002	0.000000e+000
1.888822684867680e-007	1.761284e-002	0.000000e+000
1.891378224078718e-007	1.181741e-002	0.000000e+000
1.893449316323403e-007	8.027595e-003	0.000000e+000
1.895734608107280e-007	4.744614e-003	0.000000e+000
1.898406932946973e-007	1.838691e-003	0.000000e+000
1.900930576270681e-007	-1.002374e-004	0.000000e+000
1.903338789299616e-007	-1.275680e-003	0.000000e+000
1.905769495074399e-007	-1.900910e-003	0.000000e+000
1.908258500847652e-007	-2.072550e-003	0.000000e+000
1.910732497204330e-007	-1.884063e-003	0.000000e+000
1.912695284262952e-007	-1.528905e-003	0.000000e+000
1.914386256373053e-007	-1.099774e-003	0.000000e+000
1.916344008905748e-007	-5.126764e-004	0.000000e+000
1.918133479134069e-007	7.347911e-005	0.000000e+000
1.920157104396818e-007	7.602421e-004	0.000000e+000
1.922354809447477e-007	1.488335e-003	0.000000e+000
1.925118409702177e-007	2.320598e-003	0.000000e+000
1.928025693878702e-007	3.037922e-003	0.000000e+000
1.930955381378702e-007	3.551618e-003	0.000000e+000
1.933195530685963e-007	3.767764e-003	0.000000e+000
1.935174274237991e-007	3.797485e-003	0.000000e+000
1.937413604032551e-007	3.649317e-003	0.000000e+000
1.939872495733400e-007	3.286778e-003	0.000000e+000
1.942105526718850e-007	2.776415e-003	0.000000e+000
1.944360681876003e-007	2.096626e-003	0.000000e+000
1.946173154246187e-007	1.439785e-003	0.000000e+000
1.947921506976103e-007	7.162493e-004	0.000000e+000
1.949792035861562e-007	-1.350163e-004	0.000000e+000
1.951621286342737e-007	-1.032160e-003	0.000000e+000
1.953985039672599e-007	-2.255304e-003	0.000000e+000
1.955665357986287e-007	-3.154674e-003	0.000000e+000
1.957601586668628e-007	-4.208462e-003	0.000000e+000
1.960129866137827e-007	-5.578344e-003	0.000000e+000
1.962814700250986e-007	-6.996647e-003	0.000000e+000
1.965380158833213e-007	-8.289090e-003	0.000000e+000
1.967768170951475e-007	-9.423151e-003	0.000000e+000
1.969128552399386e-007	-1.002604e-002	0.000000e+000
1.970966629416748e-007	-1.078298e-002	0.000000e+000
1.972643421874052e-007	-1.141794e-002	0.000000e+000
1.974909831725818e-007	-1.218938e-002	0.000000e+000
1.977147824133405e-007	-1.285970e-002	0.000000e+000
1.979405278714272e-007	-1.343992e-002	0.000000e+000
1.981440937014411e-007	-1.387911e-002	0.000000e+000
1.983578309119219e-007	-1.425519e-002	0.000000e+000
1.985680921955015e-007	-1.454254e-002	0.000000e+000
1.988015595096266e-007	-1.476606e-002	0.000000e+000
1.990551052424278e-007	-1.490829e-002	0.000000e+000
1.992455640742476e-007	-1.494126e-002	0.000000e+000
1.994325088014565e-007	-1.489786e-002	0.000000e+000
1.996880989443867e-007	-1.473179e-002	0.000000e+000
1.999433097419608e-007	-1.444374e-002	0.000000e+000
2.002304066959543e-007	-1.396781e-002	0.000000e+000
2.004899710456439e-007	-1.340184e-002	0.000000e+000
2.007113644707186e-007	-1.280668e-002	0.000000e+000
2.009347054911695e-007	-1.210002e-002	0.000000e+000
2.011822443998577e-007	-1.120719e-002	0.000000e+000
2.014297638552804e-007	-1.021553e-002	0.000000e+000
2.016427905039811e-007	-9.289058e-003	0.000000e+000
2.018573927394975e-007	-8.298480e-003	0.000000e+000
2.020713151222379e-007	-7.270656e-003	0.000000e+000
2.023291509984983e-007	-6.003110e-003	0.000000e+000
2.025412071897420e-007	-4.954830e-003	0.000000e+000
2.027606311926523e-007	-3.881274e-003	0.000000e+000
2.029792486154422e-007	-2.840197e-003	0.000000e+000
2.032324629787695e-007	-1.684115e-003	0.000000e+000
2.034807521828166e-007	-6.137234e-004	0.000000e+000
2.037611626299783e-007	5.195731e-004	0.000000e+000
2.039784162202615e-007	1.344692e-003	0.000000e+000
2.041866462700514e-007	2.095379e-003	0.000000e+000
2.044051792581120e-007	2.859169e-003	0.000000e+000
2.046104143798697e-007	3.571466e-003	0.000000e+000
2.048111497407895e-007	4.286375e-003	0.000000e+000
2.050649799239220e-007	5.249148e-003	0.000000e+000
2.053121509938255e-007	6.287393e-003	0.000000e+000
2.055622092307728e-007	7.486364e-003	0.000000e+000
2.057985682034324e-007	8.798770e-003	0.000000e+000
2.060270862412200e-007	1.027563e-002	0.000000e+000
2.062597157625455e-007	1.202063e-002	0.000000e+000
2.064932991785791e-007	1.405470e-002	0.000000e+000
2.067657610222226e-007	1.679359e-002	0.000000e+000
2.070273933200746e-007	1.979414e-002	0.000000e+000
2.072676824800571e-007	2.289932e-002	0.000000e+000
2.075124452435770e-007	2.641287e-002	0.000000e+000
2.077831228990145e-007	3.066854e-002	0.000000e+000
2.080406237010248e-007	3.504493e-002	0.000000e+000
2.082773330909575e-007	3.934680e-002	0.000000e+000
2.085437746731262e-007	4.445302e-002	0.000000e+000
2.087614116018209e-007	4.880232e-002	0.000000e+000
2.089811857818834e-007	5.334505e-002	0.000000e+000
2.092064993005993e-007	5.812261e-002	0.000000e+000
2.094314680079096e-007	6.299085e-002	0.000000e+000
2.096611400651118e-007	6.804004e-002	0.000000e+000
2.098860323518584e-007	7.304300e-002	0.000000e+000
2.100924026961971e-007	7.767499e-002	0.000000e+000
2.103033113783384e-007	8.244112e-002	0.000000e+000
2.105029402087324e-007	8.697686e-002	0.000000e+000
2.106828910036815e-007	9.108680e-002	0.000000e+000
2.109130572944717e-007	9.637304e-002	0.000000e+000
2.111519889387550e-007	1.018960e-001	0.000000e+000
2.113700484932129e-007	1.069764e-001	0.000000e+000
2.115918470686890e-007	1.121912e-001	0.000000e+000
2.117999497441491e-007	1.171349e-001	0.000000e+000
2.120113616535970e-007	1.222161e-001	0.000000e+000
2.122251197706315e-007	1.274183e-001	0.000000e+000
2.124279069964790e-007	1.324186e-001	0.000000e+000
2.126262525180298e-007	1.373760e-001	0.000000e+000
2.128469722248453e-007	1.429682e-001	0.000000e+000
2.130873771960796e-007	1.491376e-001	0.000000e+000
2.133053582168536e-007	1.547967e-001	0.000000e+000
2.135848967875557e-007	1.621159e-001	0.000000e+000
2.138778655375557e-007	1.698081e-001	0.000000e+000
2.141708342875557e-007	1.774634e-001	0.000000e+000
2.144282734520484e-007	1.841023e-001	0.000000e+000
2.146294971885209e-007	1.891883e-001	0.000000e+000
2.147965516270546e-007	1.933077e-001	0.000000e+000
2.149471009872167e-007	1.968949e-001	0.000000e+000
2.152009824695760e-007	2.026675e-001	0.000000e+000
2.154478094687623e-007	2.079119e-001	0.000000e+000
2.157167017344683e-007	2.131062e-001	0.000000e+000
2.159677974118975e-007	2.174133e-001	0.000000e+000
2.161883002752112e-007	2.206787e-001	0.000000e+000
2.164000355226695e-007	2.233024e-001	0.000000e+000
2.166102815736311e-007	2.253606e-001	0.000000e+000
2.168596336521795e-007	2.270917e-001	0.000000e+000
2.171135905904631e-007	2.281025e-001	0.000000e+000
2.173279674492987e-007	2.283000e-001	0.000000e+000
2.175475270967982e-007	2.278324e-001	0.000000e+000
2.177862631364939e-007	2.266085e-001	0.000000e+000
2.180286165866563e-007	2.246408e-001	0.000000e+000
2.182580793156094e-007	2.221043e-001	0.000000e+000
2.184859844443731e-007	2.189472e-001	0.000000e+000
2.187163055051529e-007	2.151364e-001	0.000000e+000
2.189680842000039e-007	2.103152e-001	0.000000e+000
2.192151049942467e-007	2.049389e-001	0.000000e+000
2.195080737442467e-007	1.978454e-001	0.000000e+000
2.197254409550352e-007	1.921106e-001	0.000000e+000
2.199113603130552e-007	1.868589e-001	0.000000e+000
2.200588721216180e-007	1.824587e-001	0.000000e+000
2.202531562905032e-007	1.763695e-001	0.000000e+000
2.204567451824326e-007	1.696708e-001	0.000000e+000
2.206832957638374e-007	1.618612e-001	0.000000e+000
2.208461942863325e-007	1.560300e-001	0.000000e+000
2.209263204858955e-007	1.530828e-001	0.000000e+000
2.209628839227418e-007	1.517161e-001	0.000000e+000
2.209909254675022e-007	1.506576e-001	0.000000e+000
2.210406083277470e-007	1.487662e-001	0.000000e+000
2.210938147638440e-007	1.467170e-001	0.000000e+000
2.211974007918605e-007	1.426567e-001	0.000000e+000
2.213551120155080e-007	1.363121e-001	0.000000e+000
2.216029022424359e-007	1.260124e-001	0.000000e+000
2.218456893911210e-007	1.155632e-001	0.000000e+000
2.220684591460924e-007	1.056569e-001	0.000000e+000
2.222660048118154e-007	9.663092e-002	0.000000e+000
2.224817602915160e-007	8.655436e-002	0.000000e+000
2.227191846230369e-007	7.527976e-002	0.000000e+000
2.229599304393410e-007	6.372271e-002	0.000000e+000
2.231922893501350e-007	5.253034e-002	0.000000e+000
2.234493860725873e-007	4.022040e-002	0.000000e+000
2.237265979458432e-007	2.716263e-002	0.000000e+000
2.239763552023427e-007	1.567932e-002	0.000000e+000
2.241348908954405e-007	8.604243e-003	0.000000e+000
2.242831658161043e-007	2.197158e-003	0.000000e+000
2.244328145244783e-007	-4.057242e-003	0.000000e+000
2.245782862289844e-007	-9.920719e-003	0.000000e+000
2.247056807166443e-007	-1.486740e-002	0.000000e+000
2.248075463388894e-007	-1.868711e-002	0.000000e+000
2.248783763570405e-007	-2.125707e-002	0.000000e+000
2.249645209929175e-007	-2.428543e-002	0.000000e+000
2.250513788908760e-007	-2.722914e-002	0.000000e+000
2.251807684614117e-007	-3.142077e-002	0.000000e+000
2.253087047848028e-007	-3.533850e-002	0.000000e+000
2.254609284644959e-007	-3.969490e-002	0.000000e+000
2.256011224913493e-007	-4.342199e-002	0.000000e+000
2.257289691161422e-007	-4.656425e-002	0.000000e+000
2.258445271531456e-007	-4.913775e-002	0.000000e+000
2.260756432271526e-007	-5.368219e-002	0.000000e+000
2.263005402169257e-007	-5.743422e-002	0.000000e+000
2.265446879331243e-007	-6.067850e-002	0.000000e+000
2.268047265462666e-007	-6.328185e-002	0.000000e+000
2.270517427432507e-007	-6.503271e-002	0.000000e+000
2.272238792863306e-007	-6.580298e-002	0.000000e+000
2.274350234011434e-007	-6.625427e-002	0.000000e+000
2.276723417766053e-007	-6.625851e-002	0.000000e+000
2.279205624873321e-007	-6.572299e-002	0.000000e+000
2.282135312373322e-007	-6.447730e-002	0.000000e+000
2.285064999873322e-007	-6.266598e-002	0.000000e+000
2.287994687373322e-007	-6.034261e-002	0.000000e+000
2.290924374873322e-007	-5.760655e-002	0.000000e+000
2.292968653956358e-007	-5.546219e-002	0.000000e+000
2.295370568952555e-007	-5.271003e-002	0.000000e+000
2.298291136669994e-007	-4.914499e-002	0.000000e+000
2.300663287612870e-007	-4.610589e-002	0.000000e+000
2.303075778837372e-007	-4.291440e-002	0.000000e+000
2.305501806156943e-007	-3.966117e-002	0.000000e+000
2.307946126774462e-007	-3.639615e-002	0.000000e+000
2.310607601749179e-007	-3.292250e-002	0.000000e+000
2.313058738790135e-007	-2.986006e-002	0.000000e+000
2.315249117253338e-007	-2.729700e-002	0.000000e+000
2.317388425698561e-007	-2.503106e-002	0.000000e+000
2.320318113198561e-007	-2.235165e-002	0.000000e+000
2.323247800698561e-007	-2.018663e-002	0.000000e+000
2.325792209729734e-007	-1.882797e-002	0.000000e+000
2.328343912866526e-007	-1.800040e-002	0.000000e+000
2.330609885655892e-007	-1.773510e-002	0.000000e+000
2.332932650567931e-007	-1.793547e-002	0.000000e+000
2.335171057664658e-007	-1.859139e-002	0.000000e+000
2.338100745164659e-007	-2.005984e-002	0.000000e+000
2.341030432664659e-007	-2.205181e-002	0.000000e+000
2.342637641472071e-007	-2.338498e-002	0.000000e+000
2.344288496288354e-007	-2.493674e-002	0.000000e+000
2.345920013277905e-007	-2.660470e-002	0.000000e+000
2.348597494203590e-007	-2.952736e-002	0.000000e+000
2.351027780701308e-007	-3.229488e-002	0.000000e+000
2.353678830397070e-007	-3.536602e-002	0.000000e+000
2.356257506695675e-007	-3.830948e-002	0.000000e+000
2.358771929449242e-007	-4.106324e-002	0.000000e+000
2.360914881159593e-007	-4.325532e-002	0.000000e+000
2.363286739211872e-007	-4.546813e-002	0.000000e+000
2.365489434786310e-007	-4.729937e-002	0.000000e+000
2.367586242626363e-007	-4.881480e-002	0.000000e+000
2.369470917839496e-007	-4.996575e-002	0.000000e+000
2.371569581920680e-007	-5.098442e-002	0.000000e+000
2.374499269420680e-007	-5.200761e-002	0.000000e+000
2.377428956920680e-007	-5.260567e-002	0.000000e+000
2.380358644420680e-007	-5.277631e-002	0.000000e+000
2.383288331920680e-007	-5.256335e-002	0.000000e+000
2.386218019420680e-007	-5.202416e-002	0.000000e+000
2.388861311216664e-007	-5.130499e-002	0.000000e+000
2.390920596474834e-007	-5.060534e-002	0.000000e+000
2.393001021265347e-007	-4.979421e-002	0.000000e+000
2.394919864474755e-007	-4.897569e-002	0.000000e+000
2.396638456684692e-007	-4.819356e-002	0.000000e+000
2.398251514295264e-007	-4.742488e-002	0.000000e+000
2.399775030355929e-007	-4.667129e-002	0.000000e+000
2.402599832201701e-007	-4.523238e-002	0.000000e+000
2.405529519701701e-007	-4.371263e-002	0.000000e+000
2.408459207201701e-007	-4.218513e-002	0.000000e+000
2.410985973268351e-007	-4.088386e-002	0.000000e+000
2.413520750162638e-007	-3.961322e-002	0.000000e+000
2.415599689896595e-007	-3.861439e-002	0.000000e+000
2.417865287842227e-007	-3.759242e-002	0.000000e+000
2.420487744756447e-007	-3.651017e-002	0.000000e+000
2.423036216625940e-007	-3.559170e-002	0.000000e+000
2.425965904125940e-007	-3.473086e-002	0.000000e+000
2.428848748460963e-007	-3.411516e-002	0.000000e+000
2.431778435960963e-007	-3.376272e-002	0.000000e+000
2.434708123460963e-007	-3.370341e-002	0.000000e+000
2.437509608296260e-007	-3.393208e-002	0.000000e+000
2.440166538279797e-007	-3.441699e-002	0.000000e+000
2.443096225779797e-007	-3.521110e-002	0.000000e+000
2.445159294702686e-007	-3.592841e-002	0.000000e+000
2.447656659225962e-007	-3.695924e-002	0.000000e+000
2.450586346725962e-007	-3.830426e-002	0.000000e+000
2.453516034225962e-007	-3.973272e-002	0.000000e+000
2.455911616970515e-007	-4.091822e-002	0.000000e+000
2.457857106554609e-007	-4.185659e-002	0.000000e+000
2.459911305812062e-007	-4.278565e-002	0.000000e+000
2.462344811442220e-007	-4.376936e-002	0.000000e+000
2.465060692850678e-007	-4.467954e-002	0.000000e+000
2.467990380350678e-007	-4.540043e-002	0.000000e+000
2.470920067850678e-007	-4.582951e-002	0.000000e+000
2.473466286135363e-007	-4.595474e-002	0.000000e+000
2.475473167959836e-007	-4.588240e-002	0.000000e+000
2.477178072171515e-007	-4.569946e-002	0.000000e+000
2.479024116517106e-007	-4.538909e-002	0.000000e+000
2.481103344783405e-007	-4.492709e-002	0.000000e+000
2.483313742727718e-007	-4.432745e-002	0.000000e+000
2.486081251139720e-007	-4.347023e-002	0.000000e+000
2.488692488238986e-007	-4.260210e-002	0.000000e+000
2.491086261289893e-007	-4.179406e-002	0.000000e+000
2.493885673172242e-007	-4.088416e-002	0.000000e+000
2.496422138139938e-007	-4.013361e-002	0.000000e+000
2.499351825639938e-007	-3.939150e-002	0.000000e+000
2.502281513139938e-007	-3.878655e-002	0.000000e+000
2.504273976706456e-007	-3.846265e-002	0.000000e+000
2.505550963976875e-007	-3.830275e-002	0.000000e+000
2.507057963685575e-007	-3.815797e-002	0.000000e+000
2.508542545743234e-007	-3.805564e-002	0.000000e+000
2.510663288883456e-007	-3.796838e-002	0.000000e+000
2.512903918895132e-007	-3.793483e-002	0.000000e+000
2.515434181824171e-007	-3.795369e-002	0.000000e+000
2.517687351808830e-007	-3.800608e-002	0.000000e+000
2.520276946239054e-007	-3.808989e-002	0.000000e+000
2.522508772850678e-007	-3.816906e-002	0.000000e+000
2.524249361433421e-007	-3.822996e-002	0.000000e+000
2.526059744000383e-007	-3.828878e-002	0.000000e+000
2.528017509483014e-007	-3.834610e-002	0.000000e+000
2.530566030969869e-007	-3.841401e-002	0.000000e+000
2.533495718469870e-007	-3.849185e-002	0.000000e+000
2.536425405969870e-007	-3.858189e-002	0.000000e+000
2.539015324727714e-007	-3.868284e-002	0.000000e+000
2.540821853132422e-007	-3.877383e-002	0.000000e+000
2.542686862557765e-007	-3.889110e-002	0.000000e+000
2.544375837702159e-007	-3.901918e-002	0.000000e+000
2.546226213715112e-007	-3.918647e-002	0.000000e+000
2.548703863711437e-007	-3.944577e-002	0.000000e+000
2.550748515322346e-007	-3.968550e-002	0.000000e+000
2.552538570516415e-007	-3.991269e-002	0.000000e+000
2.554514900429990e-007	-4.017305e-002	0.000000e+000
2.556480256258060e-007	-4.043096e-002	0.000000e+000
2.558714759576993e-007	-4.070598e-002	0.000000e+000
2.561609326434081e-007	-4.100971e-002	0.000000e+000
2.564539013934081e-007	-4.123564e-002	0.000000e+000
2.566900846527939e-007	-4.133639e-002	0.000000e+000
2.568805095444237e-007	-4.134551e-002	0.000000e+000
2.570964184966536e-007	-4.127154e-002	0.000000e+000
2.573368870741271e-007	-4.108854e-002	0.000000e+000
2.576298558241271e-007	-4.073889e-002	0.000000e+000
2.579228245741271e-007	-4.027479e-002	0.000000e+000
2.582157933241271e-007	-3.972495e-002	0.000000e+000
2.585087620741271e-007	-3.913411e-002	0.000000e+000
2.587947873185747e-007	-3.856337e-002	0.000000e+000
2.590590794161908e-007	-3.808410e-002	0.000000e+000
2.593520481661908e-007	-3.764645e-002	0.000000e+000
2.596450169161908e-007	-3.732483e-002	0.000000e+000
2.598686361710452e-007	-3.717278e-002	0.000000e+000
2.600537910340064e-007	-3.711947e-002	0.000000e+000
2.602424839589421e-007	-3.713246e-002	0.000000e+000
2.604833207204878e-007	-3.723119e-002	0.000000e+000
2.607762894704878e-007	-3.743961e-002	0.000000e+000
2.610448455659527e-007	-3.769024e-002	0.000000e+000
2.612580398437423e-007	-3.791385e-002	0.000000e+000
2.614758654417558e-007	-3.814302e-002	0.000000e+000
2.617279911247330e-007	-3.838607e-002	0.000000e+000
2.619564498432460e-007	-3.856493e-002	0.000000e+000
2.622494185932460e-007	-3.871858e-002	0.000000e+000
2.625423873432460e-007	-3.878271e-002	0.000000e+000
2.628353560932460e-007	-3.875354e-002	0.000000e+000
2.631283248432460e-007	-3.864713e-002	0.000000e+000
2.633592366126104e-007	-3.852069e-002	0.000000e+000
2.636240686611829e-007	-3.835090e-002	0.000000e+000
2.638603912732150e-007	-3.819978e-002	0.000000e+000
2.641129181237840e-007	-3.805998e-002	0.000000e+000
2.643860106188382e-007	-3.795249e-002	0.000000e+000
2.646455709692863e-007	-3.790599e-002	0.000000e+000
2.649006451439322e-007	-3.792255e-002	0.000000e+000
2.651765236049264e-007	-3.800605e-002	0.000000e+000
2.654646791568545e-007	-3.815009e-002	0.000000e+000
2.657576479068546e-007	-3.833207e-002	0.000000e+000
2.660506166568546e-007	-3.851797e-002	0.000000e+000
2.663435854068546e-007	-3.867212e-002	0.000000e+000
2.666365541568546e-007	-3.876651e-002	0.000000e+000
2.668624258576659e-007	-3.877502e-002	0.000000e+000
2.671265173273572e-007	-3.870438e-002	0.000000e+000
2.673200094898875e-007	-3.859592e-002	0.000000e+000
2.675086243924305e-007	-3.843358e-002	0.000000e+000
2.677830314896606e-007	-3.812429e-002	0.000000e+000
2.680526383695983e-007	-3.775993e-002	0.000000e+000
2.683456071195983e-007	-3.732115e-002	0.000000e+000
2.686385758695983e-007	-3.687813e-002	0.000000e+000
2.689315446195983e-007	-3.647227e-002	0.000000e+000
2.692245133695983e-007	-3.614298e-002	0.000000e+000
2.695174821195983e-007	-3.592169e-002	0.000000e+000
2.698104508695983e-007	-3.582288e-002	0.000000e+000
2.700585260215641e-007	-3.584371e-002	0.000000e+000
2.703007047902472e-007	-3.595242e-002	0.000000e+000
2.704767786744923e-007	-3.608183e-002	0.000000e+000
2.706456150288935e-007	-3.624337e-002	0.000000e+000
2.708279315220208e-007	-3.644620e-002	0.000000e+000
2.710069263730729e-007	-3.666463e-002	0.000000e+000
2.712200368564470e-007	-3.693575e-002	0.000000e+000
2.714484743944214e-007	-3.721989e-002	0.000000e+000
2.717414431444214e-007	-3.754828e-002	0.000000e+000
2.720344118944214e-007	-3.781072e-002	0.000000e+000
2.723273806444214e-007	-3.798417e-002	0.000000e+000
2.725976891446126e-007	-3.805039e-002	0.000000e+000
2.728906578946126e-007	-3.802452e-002	0.000000e+000
2.731181880282198e-007	-3.794033e-002	0.000000e+000
2.733060322233537e-007	-3.782839e-002	0.000000e+000
2.735011297469073e-007	-3.767926e-002	0.000000e+000
2.737753000815430e-007	-3.743695e-002	0.000000e+000
2.740682688315430e-007	-3.715987e-002	0.000000e+000
2.743612375815430e-007	-3.688434e-002	0.000000e+000
2.746542063315430e-007	-3.663021e-002	0.000000e+000
2.749471750815431e-007	-3.640980e-002	0.000000e+000
2.752012667888905e-007	-3.625161e-002	0.000000e+000
2.754362093877904e-007	-3.613371e-002	0.000000e+000
2.756449169285315e-007	-3.604981e-002	0.000000e+000
2.758655159574385e-007	-3.597854e-002	0.000000e+000
2.761324923952730e-007	-3.590699e-002	0.000000e+000
2.764254611452730e-007	-3.583706e-002	0.000000e+000
2.767184298952730e-007	-3.576848e-002	0.000000e+000
2.770113986452730e-007	-3.569661e-002	0.000000e+000
2.773043673952730e-007	-3.562185e-002	0.000000e+000
2.775973361452730e-007	-3.555010e-002	0.000000e+000
2.778903048952730e-007	-3.549186e-002	0.000000e+000
2.781832736452730e-007	-3.546025e-002	0.000000e+000
2.784762423952730e-007	-3.546852e-002	0.000000e+000
2.787692111452730e-007	-3.552715e-002	0.000000e+000
2.790621798952730e-007	-3.564132e-002	0.000000e+000
2.793551486452730e-007	-3.580883e-002	0.000000e+000
2.796481173952731e-007	-3.601922e-002	0.000000e+000
2.799410861452731e-007	-3.625398e-002	0.000000e+000
2.802340548952731e-007	-3.648802e-002	0.000000e+000
2.805270236452731e-007	-3.669229e-002	0.000000e+000
2.808199923952731e-007	-3.683723e-002	0.000000e+000
2.811129611452731e-007	-3.689649e-002	0.000000e+000
2.814059298952731e-007	-3.685789e-002	0.000000e+000
2.816264029209522e-007	-3.675286e-002	0.000000e+000
2.818477850884060e-007	-3.657371e-002	0.000000e+000
2.820960336601273e-007	-3.629734e-002	0.000000e+000
2.823890024101273e-007	-3.589314e-002	0.000000e+000
2.826819711601273e-007	-3.543322e-002	0.000000e+000
2.829749399101273e-007	-3.494934e-002	0.000000e+000
2.831955558500709e-007	-3.459492e-002	0.000000e+000
2.834545175628438e-007	-3.422241e-002	0.000000e+000
2.837474863128438e-007	-3.388405e-002	0.000000e+000
2.840404550628438e-007	-3.366077e-002	0.000000e+000
2.843334238128438e-007	-3.357448e-002	0.000000e+000
2.846263925628438e-007	-3.363152e-002	0.000000e+000
2.849193613128438e-007	-3.382386e-002	0.000000e+000
2.852123300628438e-007	-3.412990e-002	0.000000e+000
2.855052988128439e-007	-3.451676e-002	0.000000e+000
2.857982675628439e-007	-3.494373e-002	0.000000e+000
2.860912363128439e-007	-3.536657e-002	0.000000e+000
2.863842050628439e-007	-3.574216e-002	0.000000e+000
2.866771738128439e-007	-3.603277e-002	0.000000e+000
2.869701425628439e-007	-3.620983e-002	0.000000e+000
2.872631113128439e-007	-3.625644e-002	0.000000e+000
2.875560800628439e-007	-3.616865e-002	0.000000e+000
2.878490488128439e-007	-3.595529e-002	0.000000e+000
2.881420175628439e-007	-3.563651e-002	0.000000e+000
2.884349863128439e-007	-3.524119e-002	0.000000e+000
2.887279550628439e-007	-3.480361e-002	0.000000e+000
2.890209238128439e-007	-3.435643e-002	0.000000e+000
2.892126391161353e-007	-3.407671e-002	0.000000e+000
2.894592082300667e-007	-3.375240e-002	0.000000e+000
2.897196224255690e-007	-3.346556e-002	0.000000e+000
2.900125911755690e-007	-3.322516e-002	0.000000e+000
2.903055599255690e-007	-3.307897e-002	0.000000e+000
2.905985286755691e-007	-3.303054e-002	0.000000e+000
2.908914974255691e-007	-3.307321e-002	0.000000e+000
2.911844661755691e-007	-3.319378e-002	0.000000e+000
2.914773107887858e-007	-3.337439e-002	0.000000e+000
2.917702795387858e-007	-3.359444e-002	0.000000e+000
2.920139155409418e-007	-3.379358e-002	0.000000e+000
2.922840762816390e-007	-3.401557e-002	0.000000e+000
2.925770450316390e-007	-3.424090e-002	0.000000e+000
2.928700137816390e-007	-3.443614e-002	0.000000e+000
2.931629825316390e-007	-3.458887e-002	0.000000e+000
2.934559512816391e-007	-3.469010e-002	0.000000e+000
2.937489200316391e-007	-3.473392e-002	0.000000e+000
2.940418887816391e-007	-3.471730e-002	0.000000e+000
2.943348575316391e-007	-3.463978e-002	0.000000e+000
2.946278262816391e-007	-3.450340e-002	0.000000e+000
2.949207950316391e-007	-3.431265e-002	0.000000e+000
2.952137637816391e-007	-3.407463e-002	0.000000e+000
2.955067325316391e-007	-3.379919e-002	0.000000e+000
2.957997012816391e-007	-3.349894e-002	0.000000e+000
2.960926700316391e-007	-3.318917e-002	0.000000e+000
2.963856387816391e-007	-3.288725e-002	0.000000e+000
2.966760554389359e-007	-3.261430e-002	0.000000e+000
2.969690241889359e-007	-3.238430e-002	0.000000e+000
2.972619929389360e-007	-3.221701e-002	0.000000e+000
2.975549616889360e-007	-3.212668e-002	0.000000e+000
2.978479304389360e-007	-3.212253e-002	0.000000e+000
2.981408991889360e-007	-3.220731e-002	0.000000e+000
2.984338679389360e-007	-3.237627e-002	0.000000e+000
2.987268366889360e-007	-3.261678e-002	0.000000e+000
2.990198054389360e-007	-3.290873e-002	0.000000e+000
2.993127741889360e-007	-3.322584e-002	0.000000e+000
2.996057429389360e-007	-3.353772e-002	0.000000e+000
2.998987116889360e-007	-3.382456e-002	0.000000e+000
3.000000000000000e-007	-3.391362e-002	0.000000e+000
