time	V(out)	V(n014)
0.000000000000000e+000	0.000000e+000	0.000000e+000
2.929687488293547e-015	0.000000e+000	3.906250e-007
5.859374976587093e-015	0.000000e+000	7.812500e-007
6.862165151151572e-012	0.000000e+000	9.149554e-004
1.371847092732656e-011	0.000000e+000	1.829129e-003
2.057477670350154e-011	0.000000e+000	2.743304e-003
2.743108247967653e-011	0.000000e+000	3.657478e-003
3.428738825585152e-011	0.000000e+000	4.571652e-003
4.114369403202650e-011	0.000000e+000	5.485826e-003
4.799999980820147e-011	0.000000e+000	6.400000e-003
9.599999961640293e-011	0.000000e+000	1.280000e-002
1.404606014236564e-010	0.000000e+000	1.872808e-002
1.783236865824397e-010	0.000000e+000	2.377649e-002
2.133624804419516e-010	0.000000e+000	2.844833e-002
2.524063542346299e-010	0.000000e+000	3.365418e-002
2.929017788970761e-010	0.000000e+000	3.905357e-002
3.425937548498223e-010	0.000000e+000	4.567917e-002
3.978514655120646e-010	0.000000e+000	5.304686e-002
4.645797710677493e-010	0.000000e+000	6.194397e-002
5.403068812387479e-010	0.000000e+000	7.204092e-002
6.307358062350097e-010	0.000000e+000	8.409811e-002
7.079893803692073e-010	0.000000e+000	9.439858e-002
7.836459236611403e-010	0.000000e+000	1.044861e-001
8.648150319715844e-010	0.000000e+000	1.153087e-001
9.533838991931497e-010	0.000000e+000	1.271179e-001
1.051271808406193e-009	0.000000e+000	1.401696e-001
1.159241009936825e-009	0.000000e+000	1.545655e-001
1.278989387682819e-009	0.000000e+000	1.705319e-001
1.396557812889039e-009	0.000000e+000	1.862077e-001
1.506237046328304e-009	0.000000e+000	2.008316e-001
1.622814105635589e-009	0.000000e+000	2.163752e-001
1.745252821730086e-009	0.000000e+000	2.327004e-001
1.878826092854384e-009	0.000000e+000	2.505102e-001
2.021722797969868e-009	0.000000e+000	2.695630e-001
2.177735489724541e-009	0.000000e+000	2.903647e-001
2.313196995328131e-009	0.000000e+000	3.084263e-001
2.459900481670870e-009	0.000000e+000	3.279867e-001
2.607287993545802e-009	0.000000e+000	3.476384e-001
2.769490393999830e-009	0.000000e+000	3.692654e-001
2.937795244884685e-009	0.000000e+000	3.917060e-001
3.121752779806797e-009	0.000000e+000	4.162337e-001
3.302564045350677e-009	0.000000e+000	4.403419e-001
3.469658383610880e-009	0.000000e+000	4.626211e-001
3.654680100658397e-009	0.000000e+000	4.872907e-001
3.840312537738033e-009	0.000000e+000	5.120417e-001
4.044516618965164e-009	0.000000e+000	5.392689e-001
4.226669781462586e-009	0.000000e+000	5.635560e-001
4.419778485476044e-009	0.000000e+000	5.893038e-001
4.613673745656622e-009	0.000000e+000	6.151565e-001
4.822239577024971e-009	0.000000e+000	6.429653e-001
5.037098088506534e-009	0.000000e+000	6.716131e-001
5.236795395219280e-009	0.000000e+000	6.982394e-001
5.448908135315591e-009	0.000000e+000	7.265211e-001
5.663104086941396e-009	0.000000e+000	7.550805e-001
5.892346289669735e-009	0.000000e+000	7.856462e-001
6.128686221104129e-009	0.000000e+000	8.171582e-001
6.348393864609713e-009	0.000000e+000	8.464525e-001
6.580961246196583e-009	0.000000e+000	8.774615e-001
6.815431378825464e-009	0.000000e+000	9.087242e-001
7.065560019239107e-009	0.000000e+000	9.420747e-001
7.242624907133064e-009	0.000000e+000	9.656833e-001
7.277489925239902e-009	0.000000e+000	9.703320e-001
7.360539927572647e-009	0.000000e+000	9.814053e-001
7.440459724287058e-009	0.000000e+000	9.920613e-001
7.499999999999999e-009	0.000000e+000	1.000000e+000
7.505954027571293e-009	0.000000e+000	1.000000e+000
7.517862082713881e-009	0.000000e+000	1.000000e+000
7.589310413569412e-009	0.000000e+000	1.000000e+000
7.684574854710119e-009	0.000000e+000	1.000000e+000
7.875103736991531e-009	0.000000e+000	1.000000e+000
8.123554248326678e-009	0.000000e+000	1.000000e+000
8.384916041070166e-009	0.000000e+000	1.000000e+000
8.647038859881330e-009	0.000000e+000	1.000000e+000
8.906879614817844e-009	0.000000e+000	1.000000e+000
9.181206805942826e-009	0.000000e+000	1.000000e+000
9.461876288653267e-009	0.000000e+000	1.000000e+000
9.748537047862401e-009	0.000000e+000	1.000000e+000
1.001772525387969e-008	0.000000e+000	1.000000e+000
1.030999782555242e-008	0.000000e+000	1.000000e+000
1.060051687718181e-008	0.000000e+000	1.000000e+000
1.089348562718181e-008	0.000000e+000	1.000000e+000
1.117828627729721e-008	0.000000e+000	1.000000e+000
1.147125502729721e-008	0.000000e+000	1.000000e+000
1.176422377729721e-008	0.000000e+000	1.000000e+000
1.205719252729721e-008	0.000000e+000	1.000000e+000
1.235016127729721e-008	0.000000e+000	1.000000e+000
1.264313002729722e-008	0.000000e+000	1.000000e+000
1.293609877729722e-008	0.000000e+000	1.000000e+000
1.322906752729722e-008	0.000000e+000	1.000000e+000
1.352203627729722e-008	0.000000e+000	1.000000e+000
1.381500502729722e-008	0.000000e+000	1.000000e+000
1.410797377729722e-008	0.000000e+000	1.000000e+000
1.440094252729722e-008	0.000000e+000	1.000000e+000
1.469391127729722e-008	0.000000e+000	1.000000e+000
1.498688002729722e-008	0.000000e+000	1.000000e+000
1.527984877729722e-008	0.000000e+000	1.000000e+000
1.557281752729722e-008	0.000000e+000	1.000000e+000
1.586578627729722e-008	0.000000e+000	1.000000e+000
1.615875502729722e-008	0.000000e+000	1.000000e+000
1.645172377729722e-008	0.000000e+000	1.000000e+000
1.674469252729722e-008	0.000000e+000	1.000000e+000
1.703766127729722e-008	0.000000e+000	1.000000e+000
1.733063002729722e-008	0.000000e+000	1.000000e+000
1.762359877729722e-008	0.000000e+000	1.000000e+000
1.791656752729722e-008	0.000000e+000	1.000000e+000
1.820953627729722e-008	0.000000e+000	1.000000e+000
1.850250502729722e-008	0.000000e+000	1.000000e+000
1.879547377729722e-008	0.000000e+000	1.000000e+000
1.908844252729722e-008	0.000000e+000	1.000000e+000
1.938141127729722e-008	0.000000e+000	1.000000e+000
1.967438002729723e-008	0.000000e+000	1.000000e+000
1.996734877729723e-008	0.000000e+000	1.000000e+000
2.026031752729723e-008	0.000000e+000	1.000000e+000
2.055328627729723e-008	0.000000e+000	1.000000e+000
2.084625502729723e-008	0.000000e+000	1.000000e+000
2.113922377729723e-008	0.000000e+000	1.000000e+000
2.143219252729723e-008	0.000000e+000	1.000000e+000
2.172516127729723e-008	0.000000e+000	1.000000e+000
2.201813002729723e-008	0.000000e+000	1.000000e+000
2.231109877729723e-008	0.000000e+000	1.000000e+000
2.260406752729723e-008	0.000000e+000	1.000000e+000
2.285365269207684e-008	0.000000e+000	1.000000e+000
2.310586097547171e-008	0.000000e+000	1.000000e+000
2.339208877599938e-008	0.000000e+000	1.000000e+000
2.368505752599938e-008	0.000000e+000	1.000000e+000
2.397802627599938e-008	1.401298e-045	1.000000e+000
2.427099502599938e-008	5.605194e-045	1.000000e+000
2.456396377599938e-008	1.541428e-044	1.000000e+000
2.485693252599938e-008	4.484155e-044	1.000000e+000
2.514990127599938e-008	1.317221e-043	1.000000e+000
2.544287002599938e-008	3.447194e-043	1.000000e+000
2.564658833159406e-008	6.698207e-043	1.000000e+000
2.583078433431806e-008	1.256965e-042	1.000000e+000
2.601642981449069e-008	2.390615e-042	1.000000e+000
2.620935373968512e-008	4.897538e-042	1.000000e+000
2.646408109609369e-008	1.244353e-041	1.000000e+000
2.672770709459905e-008	3.243586e-041	1.000000e+000
2.702067584459905e-008	9.182709e-041	1.000000e+000
2.731364459459906e-008	2.531460e-040	1.000000e+000
2.760661334459906e-008	6.905627e-040	1.000000e+000
2.789958209459906e-008	1.864436e-039	1.000000e+000
2.819255084459906e-008	4.982883e-039	1.000000e+000
2.848551959459906e-008	1.318490e-038	1.000000e+000
2.877848834459906e-008	3.454678e-038	1.000000e+000
2.907145709459906e-008	8.964836e-038	1.000000e+000
2.936442584459906e-008	2.304352e-037	1.000000e+000
2.965739459459906e-008	5.868033e-037	1.000000e+000
2.995036334459906e-008	1.480598e-036	1.000000e+000
3.024333209459906e-008	3.702070e-036	1.000000e+000
3.053630084459906e-008	9.174343e-036	1.000000e+000
3.082926959459906e-008	2.253652e-035	1.000000e+000
3.112223834459906e-008	5.488292e-035	1.000000e+000
3.141520709459906e-008	1.325200e-034	1.000000e+000
3.170817584459906e-008	3.173022e-034	1.000000e+000
3.200114459459906e-008	7.534684e-034	1.000000e+000
3.229411334459906e-008	1.774632e-033	1.000000e+000
3.258708209459906e-008	4.146224e-033	1.000000e+000
3.288005084459906e-008	9.610520e-033	1.000000e+000
3.317301959459906e-008	2.210233e-032	1.000000e+000
3.346598834459906e-008	5.043966e-032	1.000000e+000
3.375895709459906e-008	1.142338e-031	1.000000e+000
3.405192584459906e-008	2.567727e-031	1.000000e+000
3.434489459459906e-008	5.728991e-031	1.000000e+000
3.463786334459906e-008	1.268890e-030	1.000000e+000
3.493083209459906e-008	2.790149e-030	1.000000e+000
3.522380084459907e-008	6.091554e-030	1.000000e+000
3.551676959459907e-008	1.320581e-029	1.000000e+000
3.580973834459907e-008	2.842996e-029	1.000000e+000
3.610270709459907e-008	6.078534e-029	1.000000e+000
3.639567584459907e-008	1.290830e-028	1.000000e+000
3.668864459459907e-008	2.722843e-028	1.000000e+000
3.698161334459907e-008	5.705504e-028	1.000000e+000
3.727458209459907e-008	1.187728e-027	1.000000e+000
3.756755084459907e-008	2.456548e-027	1.000000e+000
3.786051959459907e-008	5.048363e-027	1.000000e+000
3.815348834459907e-008	1.030920e-026	1.000000e+000
3.844645709459907e-008	2.092086e-026	1.000000e+000
3.873942584459907e-008	4.219342e-026	1.000000e+000
3.903239459459907e-008	8.457656e-026	1.000000e+000
3.932536334459907e-008	1.685096e-025	1.000000e+000
3.961833209459907e-008	3.337313e-025	1.000000e+000
3.991130084459907e-008	6.570449e-025	1.000000e+000
4.020426959459907e-008	1.286015e-024	1.000000e+000
4.049723834459907e-008	2.502516e-024	1.000000e+000
4.079020709459908e-008	4.841874e-024	1.000000e+000
4.108317584459908e-008	9.314974e-024	1.000000e+000
4.137614459459908e-008	1.781995e-023	1.000000e+000
4.166911334459908e-008	3.390102e-023	1.000000e+000
4.196208209459908e-008	6.272335e-023	1.000000e+000
4.220285810912358e-008	1.048155e-022	1.000000e+000
4.246883113384350e-008	1.852271e-022	1.000000e+000
4.272490966240196e-008	3.220195e-022	1.000000e+000
4.301787841240196e-008	6.031298e-022	1.000000e+000
4.331084716240196e-008	1.113598e-021	1.000000e+000
4.360381591240196e-008	2.045382e-021	1.000000e+000
4.389678466240196e-008	3.737407e-021	1.000000e+000
4.418975341240196e-008	6.794176e-021	1.000000e+000
4.448272216240196e-008	1.228837e-020	1.000000e+000
4.477569091240196e-008	2.211376e-020	1.000000e+000
4.506865966240197e-008	3.959694e-020	1.000000e+000
4.536162841240197e-008	7.055220e-020	1.000000e+000
4.565459716240197e-008	1.250916e-019	1.000000e+000
4.594756591240197e-008	2.207157e-019	1.000000e+000
4.624053466240197e-008	3.875643e-019	1.000000e+000
4.653350341240197e-008	6.772946e-019	1.000000e+000
4.682647216240197e-008	1.178019e-018	1.000000e+000
4.711944091240197e-008	2.039316e-018	1.000000e+000
4.741240966240197e-008	3.513919e-018	1.000000e+000
4.770537841240197e-008	6.026847e-018	1.000000e+000
4.799834716240197e-008	1.028954e-017	1.000000e+000
4.829131591240197e-008	1.748740e-017	1.000000e+000
4.858428466240197e-008	2.958647e-017	1.000000e+000
4.887725341240197e-008	4.983280e-017	1.000000e+000
4.917022216240197e-008	8.356159e-017	1.000000e+000
4.946319091240197e-008	1.395025e-016	1.000000e+000
4.975615966240197e-008	2.318758e-016	1.000000e+000
5.004912841240197e-008	3.837438e-016	1.000000e+000
5.034209716240197e-008	6.323444e-016	1.000000e+000
5.063506591240197e-008	1.037543e-015	1.000000e+000
5.092803466240198e-008	1.695164e-015	1.000000e+000
5.122100341240198e-008	2.757934e-015	1.000000e+000
5.151397216240198e-008	4.468229e-015	1.000000e+000
5.180694091240198e-008	7.209065e-015	1.000000e+000
5.209990966240198e-008	1.158315e-014	1.000000e+000
5.239287841240198e-008	1.853494e-014	1.000000e+000
5.268584716240198e-008	2.953820e-014	1.000000e+000
5.297881591240198e-008	4.688318e-014	1.000000e+000
5.327178466240198e-008	7.411423e-014	1.000000e+000
5.356475341240198e-008	1.166941e-013	1.000000e+000
5.385772216240198e-008	1.830080e-013	1.000000e+000
5.415069091240198e-008	2.858749e-013	1.000000e+000
5.444365966240198e-008	4.448126e-013	1.000000e+000
5.473662841240198e-008	6.894200e-013	1.000000e+000
5.502959716240198e-008	1.064404e-012	1.000000e+000
5.532256591240198e-008	1.637023e-012	1.000000e+000
5.561553466240198e-008	2.508064e-012	1.000000e+000
5.590850341240198e-008	3.827963e-012	1.000000e+000
5.620147216240198e-008	5.820380e-012	1.000000e+000
5.649444091240199e-008	8.816549e-012	1.000000e+000
5.678740966240199e-008	1.330512e-011	1.000000e+000
5.708037841240199e-008	2.000416e-011	1.000000e+000
5.737334716240199e-008	2.996485e-011	1.000000e+000
5.766631591240199e-008	4.472009e-011	1.000000e+000
5.795928466240199e-008	6.649668e-011	1.000000e+000
5.825225341240199e-008	9.851728e-011	1.000000e+000
5.854522216240199e-008	1.454279e-010	1.000000e+000
5.883819091240199e-008	2.139014e-010	1.000000e+000
5.913115966240199e-008	3.134858e-010	1.000000e+000
5.942412841240199e-008	4.577916e-010	1.000000e+000
5.971709716240198e-008	6.661476e-010	1.000000e+000
6.001006591240198e-008	9.659021e-010	1.000000e+000
6.030303466240197e-008	1.395605e-009	1.000000e+000
6.059600341240197e-008	2.009396e-009	1.000000e+000
6.088897216240196e-008	2.883027e-009	1.000000e+000
6.118194091240195e-008	4.122099e-009	1.000000e+000
6.147490966240195e-008	5.873281e-009	1.000000e+000
6.176787841240194e-008	8.339539e-009	1.000000e+000
6.206084716240194e-008	1.180071e-008	1.000000e+000
6.235381591240193e-008	1.664120e-008	1.000000e+000
6.264678466240192e-008	2.338716e-008	1.000000e+000
6.293975341240192e-008	3.275607e-008	1.000000e+000
6.323272216240191e-008	4.572283e-008	1.000000e+000
6.352569091240190e-008	6.360722e-008	1.000000e+000
6.381865966240190e-008	8.818949e-008	1.000000e+000
6.411162841240189e-008	1.218622e-007	1.000000e+000
6.440459716240189e-008	1.678294e-007	1.000000e+000
6.469756591240188e-008	2.303658e-007	1.000000e+000
6.499053466240187e-008	3.151546e-007	1.000000e+000
6.528350341240187e-008	4.297233e-007	1.000000e+000
6.557647216240186e-008	5.840071e-007	1.000000e+000
6.586944091240186e-008	7.910703e-007	1.000000e+000
6.616240966240185e-008	1.068030e-006	1.000000e+000
6.645537841240184e-008	1.437234e-006	1.000000e+000
6.674834716240184e-008	1.927746e-006	1.000000e+000
6.704131591240183e-008	2.577237e-006	1.000000e+000
6.733428466240182e-008	3.434346e-006	1.000000e+000
6.762725341240182e-008	4.561651e-006	1.000000e+000
6.792022216240181e-008	6.039365e-006	1.000000e+000
6.821319091240181e-008	7.969928e-006	1.000000e+000
6.850615966240180e-008	1.048369e-005	1.000000e+000
6.879912841240179e-008	1.374588e-005	1.000000e+000
6.909209716240179e-008	1.796522e-005	1.000000e+000
6.938506591240178e-008	2.340430e-005	1.000000e+000
6.967803466240178e-008	3.039236e-005	1.000000e+000
6.997100341240177e-008	3.934054e-005	1.000000e+000
7.026397216240176e-008	5.076042e-005	1.000000e+000
7.055694091240176e-008	6.528608e-005	1.000000e+000
7.084990966240175e-008	8.370045e-005	1.000000e+000
7.114287841240175e-008	1.069666e-004	1.000000e+000
7.143584716240174e-008	1.362645e-004	1.000000e+000
7.172881591240173e-008	1.730343e-004	1.000000e+000
7.202178466240173e-008	2.190270e-004	1.000000e+000
7.231475341240172e-008	2.763629e-004	1.000000e+000
7.260772216240171e-008	3.475991e-004	1.000000e+000
7.290069091240171e-008	4.358077e-004	1.000000e+000
7.319365966240170e-008	5.446638e-004	1.000000e+000
7.348662841240170e-008	6.785463e-004	1.000000e+000
7.377959716240169e-008	8.426509e-004	1.000000e+000
7.407256591240168e-008	1.043116e-003	1.000000e+000
7.436553466240168e-008	1.287165e-003	1.000000e+000
7.465850341240167e-008	1.583257e-003	1.000000e+000
7.495147216240167e-008	1.941259e-003	1.000000e+000
7.524444091240166e-008	2.372628e-003	1.000000e+000
7.553740966240165e-008	2.890603e-003	1.000000e+000
7.583037841240165e-008	3.510417e-003	1.000000e+000
7.612334716240164e-008	4.249513e-003	1.000000e+000
7.641631591240164e-008	5.127762e-003	1.000000e+000
7.670928466240163e-008	6.167701e-003	1.000000e+000
7.700225341240162e-008	7.394746e-003	1.000000e+000
7.729522216240162e-008	8.837427e-003	1.000000e+000
7.758819091240161e-008	1.052758e-002	1.000000e+000
7.788115966240160e-008	1.250056e-002	1.000000e+000
7.817412841240160e-008	1.479535e-002	1.000000e+000
7.846709716240159e-008	1.745476e-002	1.000000e+000
7.876006591240159e-008	2.052542e-002	1.000000e+000
7.905303466240158e-008	2.405785e-002	1.000000e+000
7.934600341240157e-008	2.810640e-002	1.000000e+000
7.963897216240157e-008	3.272906e-002	1.000000e+000
7.993194091240156e-008	3.798733e-002	1.000000e+000
8.022490966240156e-008	4.394577e-002	1.000000e+000
8.051787841240155e-008	5.067163e-002	1.000000e+000
8.081084716240154e-008	5.823425e-002	1.000000e+000
8.110381591240154e-008	6.670431e-002	1.000000e+000
8.139678466240153e-008	7.615305e-002	1.000000e+000
8.168975341240153e-008	8.665121e-002	1.000000e+000
8.198272216240152e-008	9.826793e-002	1.000000e+000
8.227569091240151e-008	1.110695e-001	1.000000e+000
8.256865966240151e-008	1.251179e-001	1.000000e+000
8.286162841240150e-008	1.404695e-001	1.000000e+000
8.315459716240149e-008	1.571731e-001	1.000000e+000
8.344756591240149e-008	1.752686e-001	1.000000e+000
8.374053466240148e-008	1.947853e-001	1.000000e+000
8.403350341240148e-008	2.157400e-001	1.000000e+000
8.432647216240147e-008	2.381354e-001	1.000000e+000
8.461944091240146e-008	2.619590e-001	1.000000e+000
8.491240966240146e-008	2.871811e-001	1.000000e+000
8.520537841240145e-008	3.137539e-001	1.000000e+000
8.549834716240145e-008	3.416106e-001	1.000000e+000
8.579131591240144e-008	3.706645e-001	1.000000e+000
8.608428466240143e-008	4.008092e-001	1.000000e+000
8.637725341240143e-008	4.319181e-001	1.000000e+000
8.667022216240142e-008	4.638453e-001	1.000000e+000
8.696319091240142e-008	4.964268e-001	1.000000e+000
8.725615966240141e-008	5.294814e-001	1.000000e+000
8.754912841240140e-008	5.628132e-001	1.000000e+000
8.784209716240140e-008	5.962139e-001	1.000000e+000
8.813506591240139e-008	6.294659e-001	1.000000e+000
8.842803466240138e-008	6.623451e-001	1.000000e+000
8.872100341240138e-008	6.946253e-001	1.000000e+000
8.901397216240137e-008	7.260817e-001	1.000000e+000
8.930694091240137e-008	7.564954e-001	1.000000e+000
8.959990966240136e-008	7.856575e-001	1.000000e+000
8.989287841240135e-008	8.133731e-001	1.000000e+000
9.018584716240135e-008	8.394662e-001	1.000000e+000
9.047881591240134e-008	8.637826e-001	1.000000e+000
9.077178466240134e-008	8.861941e-001	1.000000e+000
9.106475341240133e-008	9.066007e-001	1.000000e+000
9.135772216240132e-008	9.249338e-001	1.000000e+000
9.165069091240132e-008	9.411570e-001	1.000000e+000
9.194365966240131e-008	9.552673e-001	1.000000e+000
9.223662841240131e-008	9.672950e-001	1.000000e+000
9.252959716240130e-008	9.773027e-001	1.000000e+000
9.282256591240129e-008	9.853835e-001	1.000000e+000
9.311553466240129e-008	9.916583e-001	1.000000e+000
9.340850341240128e-008	9.962729e-001	1.000000e+000
9.370147216240127e-008	9.993932e-001	1.000000e+000
9.399444091240127e-008	1.001201e+000	1.000000e+000
9.428740966240126e-008	1.001890e+000	1.000000e+000
9.458037841240126e-008	1.001657e+000	1.000000e+000
9.487334716240125e-008	1.000702e+000	1.000000e+000
9.516631591240124e-008	9.992194e-001	1.000000e+000
9.545928466240124e-008	9.973930e-001	1.000000e+000
9.575225341240123e-008	9.953934e-001	1.000000e+000
9.604522216240123e-008	9.933734e-001	1.000000e+000
9.633819091240122e-008	9.914650e-001	1.000000e+000
9.663115966240121e-008	9.897772e-001	1.000000e+000
9.692412841240121e-008	9.883947e-001	1.000000e+000
9.721709716240120e-008	9.873779e-001	1.000000e+000
9.751006591240120e-008	9.867628e-001	1.000000e+000
9.780303466240119e-008	9.865627e-001	1.000000e+000
9.809600341240118e-008	9.867705e-001	1.000000e+000
9.838897216240118e-008	9.873609e-001	1.000000e+000
9.868194091240117e-008	9.882938e-001	1.000000e+000
9.897490966240116e-008	9.895177e-001	1.000000e+000
9.926787841240116e-008	9.909734e-001	1.000000e+000
9.956084716240115e-008	9.925973e-001	1.000000e+000
9.985381591240115e-008	9.943247e-001	1.000000e+000
1.001467846624011e-007	9.960933e-001	1.000000e+000
1.004397534124011e-007	9.978448e-001	1.000000e+000
1.007327221624011e-007	9.995277e-001	1.000000e+000
1.010256909124011e-007	1.001099e+000	1.000000e+000
1.013186596624011e-007	1.002522e+000	1.000000e+000
1.016116284124011e-007	1.003774e+000	1.000000e+000
1.019045971624011e-007	1.004835e+000	1.000000e+000
1.021975659124011e-007	1.005698e+000	1.000000e+000
1.024905346624011e-007	1.006362e+000	1.000000e+000
1.027835034124011e-007	1.006830e+000	1.000000e+000
1.030764721624011e-007	1.007114e+000	1.000000e+000
1.033694409124011e-007	1.007225e+000	1.000000e+000
1.036624096624011e-007	1.007180e+000	1.000000e+000
1.039553784124011e-007	1.006998e+000	1.000000e+000
1.042483471624011e-007	1.006696e+000	1.000000e+000
1.045413159124011e-007	1.006293e+000	1.000000e+000
1.048342846624010e-007	1.005810e+000	1.000000e+000
1.051272534124010e-007	1.005266e+000	1.000000e+000
1.054202221624010e-007	1.004681e+000	1.000000e+000
1.057131909124010e-007	1.004076e+000	1.000000e+000
1.060061596624010e-007	1.003470e+000	1.000000e+000
1.062991284124010e-007	1.002885e+000	1.000000e+000
1.065920971624010e-007	1.002342e+000	1.000000e+000
1.068850659124010e-007	1.001862e+000	1.000000e+000
1.071780346624010e-007	1.001441e+000	1.000000e+000
1.072070312500000e-007	1.001405e+000	1.000000e+000
1.072650244251980e-007	1.001340e+000	1.000000e+000
1.073810107755940e-007	1.001222e+000	1.000000e+000
1.075000000000000e-007	1.001112e+000	1.000000e+000
1.075118989224406e-007	1.001103e+000	9.984135e-001
1.075356967673218e-007	1.001085e+000	9.952404e-001
1.075832924570842e-007	1.001052e+000	9.888943e-001
1.076784838366090e-007	1.000998e+000	9.762021e-001
1.078688665956585e-007	1.000935e+000	9.508178e-001
1.081618353456585e-007	1.000936e+000	9.117553e-001
1.084548040956585e-007	1.001059e+000	8.726928e-001
1.087477728456585e-007	1.001311e+000	8.336303e-001
1.090407415956585e-007	1.001684e+000	7.945678e-001
1.093337103456585e-007	1.002161e+000	7.555053e-001
1.096266790956585e-007	1.002718e+000	7.164428e-001
1.099196478456585e-007	1.003328e+000	6.773803e-001
1.102126165956585e-007	1.003955e+000	6.383178e-001
1.105055853456585e-007	1.004562e+000	5.992553e-001
1.107985540956585e-007	1.005113e+000	5.601928e-001
1.110915228456585e-007	1.005570e+000	5.211303e-001
1.113844915956584e-007	1.005902e+000	4.820678e-001
1.116774603456584e-007	1.006084e+000	4.430053e-001
1.119704290956584e-007	1.006099e+000	4.039428e-001
1.122633978456584e-007	1.005940e+000	3.648803e-001
1.125563665956584e-007	1.005612e+000	3.258178e-001
1.128493353456584e-007	1.005133e+000	2.867553e-001
1.131423040956584e-007	1.004529e+000	2.476928e-001
1.134352728456584e-007	1.003837e+000	2.086303e-001
1.137282415956584e-007	1.003101e+000	1.695678e-001
1.140212103456584e-007	1.002369e+000	1.305053e-001
1.143141790956584e-007	1.001691e+000	9.144279e-002
1.146071478456584e-007	1.001089e+000	5.238029e-002
1.147070312500000e-007	1.000911e+000	3.906250e-002
1.148002331913168e-007	1.000765e+000	2.663557e-002
1.148135961173665e-007	1.000745e+000	2.485385e-002
1.148403219694658e-007	1.000709e+000	2.129040e-002
1.148937736736646e-007	1.000641e+000	1.416351e-002
1.150000000000000e-007	1.000517e+000	0.000000e+000
1.150002426470588e-007	1.000516e+000	0.000000e+000
1.150007279411765e-007	1.000516e+000	0.000000e+000
1.150183371848740e-007	1.000498e+000	0.000000e+000
1.150359464285714e-007	1.000481e+000	0.000000e+000
1.150535556722689e-007	1.000465e+000	0.000000e+000
1.150711649159664e-007	1.000450e+000	0.000000e+000
1.150887741596639e-007	1.000436e+000	0.000000e+000
1.151063834033614e-007	1.000422e+000	0.000000e+000
1.151239926470588e-007	1.000410e+000	0.000000e+000
1.152482279411765e-007	1.000347e+000	0.000000e+000
1.154966985294119e-007	1.000324e+000	0.000000e+000
1.157896672794119e-007	1.000457e+000	0.000000e+000
1.160826360294118e-007	1.000766e+000	0.000000e+000
1.163756047794118e-007	1.001233e+000	0.000000e+000
1.166685735294118e-007	1.001821e+000	0.000000e+000
1.169615422794118e-007	1.002482e+000	0.000000e+000
1.172545110294118e-007	1.003165e+000	0.000000e+000
1.175302248125576e-007	1.003775e+000	0.000000e+000
1.178231935625576e-007	1.004336e+000	0.000000e+000
1.181161623125576e-007	1.004764e+000	0.000000e+000
1.184091310625576e-007	1.005031e+000	0.000000e+000
1.186416587714506e-007	1.005111e+000	0.000000e+000
1.188222748160412e-007	1.005074e+000	0.000000e+000
1.190339384872805e-007	1.004926e+000	0.000000e+000
1.192244428108516e-007	1.004700e+000	0.000000e+000
1.194992646563741e-007	1.004239e+000	0.000000e+000
1.197922334063741e-007	1.003623e+000	0.000000e+000
1.200852021563741e-007	1.002911e+000	0.000000e+000
1.203781709063742e-007	1.002155e+000	0.000000e+000
1.205833565436913e-007	1.001629e+000	0.000000e+000
1.208077750543857e-007	1.001086e+000	0.000000e+000
1.210100027800026e-007	1.000647e+000	0.000000e+000
1.212128874827684e-007	1.000272e+000	0.000000e+000
1.214001622615206e-007	1.000005e+000	0.000000e+000
1.216635820453381e-007	9.997699e-001	0.000000e+000
1.219565507953382e-007	9.996808e-001	0.000000e+000
1.221936919641210e-007	9.997539e-001	0.000000e+000
1.224082549453007e-007	9.999403e-001	0.000000e+000
1.226243734106095e-007	1.000227e+000	0.000000e+000
1.228224573424747e-007	1.000562e+000	0.000000e+000
1.230159451703781e-007	1.000944e+000	0.000000e+000
1.232110694746153e-007	1.001367e+000	0.000000e+000
1.234073156764767e-007	1.001811e+000	0.000000e+000
1.236088276892801e-007	1.002264e+000	0.000000e+000
1.238703528943261e-007	1.002815e+000	0.000000e+000
1.241296632888474e-007	1.003292e+000	0.000000e+000
1.243655806342421e-007	1.003636e+000	0.000000e+000
1.245762177452888e-007	1.003848e+000	0.000000e+000
1.247755756951572e-007	1.003955e+000	0.000000e+000
1.249774948685984e-007	1.003965e+000	0.000000e+000
1.251678220830150e-007	1.003883e+000	0.000000e+000
1.253609667627184e-007	1.003711e+000	0.000000e+000
1.255554165145700e-007	1.003451e+000	0.000000e+000
1.257928645251584e-007	1.003037e+000	0.000000e+000
1.260250157416308e-007	1.002554e+000	0.000000e+000
1.262733070438053e-007	1.001977e+000	0.000000e+000
1.264830224882649e-007	1.001467e+000	0.000000e+000
1.266967236363922e-007	1.000949e+000	0.000000e+000
1.269126691464707e-007	1.000454e+000	0.000000e+000
1.271096152597273e-007	1.000047e+000	0.000000e+000
1.273092139968084e-007	9.996950e-001	0.000000e+000
1.274995122345302e-007	9.994292e-001	0.000000e+000
1.276921699494678e-007	9.992446e-001	0.000000e+000
1.279257092271259e-007	9.991335e-001	0.000000e+000
1.281424502166397e-007	9.991434e-001	0.000000e+000
1.283778947008268e-007	9.992764e-001	0.000000e+000
1.285912745963785e-007	9.994951e-001	0.000000e+000
1.287876681786572e-007	9.997735e-001	0.000000e+000
1.289874883211320e-007	1.000117e+000	0.000000e+000
1.291885504775689e-007	1.000504e+000	0.000000e+000
1.293812615799255e-007	1.000897e+000	0.000000e+000
1.295774416753635e-007	1.001301e+000	0.000000e+000
1.297897855952866e-007	1.001721e+000	0.000000e+000
1.299926404661348e-007	1.002083e+000	0.000000e+000
1.302152165344340e-007	1.002411e+000	0.000000e+000
1.304766016387321e-007	1.002694e+000	0.000000e+000
1.306876440923050e-007	1.002823e+000	0.000000e+000
1.309020325916828e-007	1.002844e+000	0.000000e+000
1.311337365269832e-007	1.002751e+000	0.000000e+000
1.313460297036146e-007	1.002565e+000	0.000000e+000
1.315482579856856e-007	1.002300e+000	0.000000e+000
1.317538651290471e-007	1.001958e+000	0.000000e+000
1.319471851827319e-007	1.001583e+000	0.000000e+000
1.321618617914216e-007	1.001127e+000	0.000000e+000
1.323876470068202e-007	1.000627e+000	0.000000e+000
1.325990107646871e-007	1.000164e+000	0.000000e+000
1.328161587355383e-007	9.997166e-001	0.000000e+000
1.330155644302559e-007	9.993509e-001	0.000000e+000
1.332201916269865e-007	9.990393e-001	0.000000e+000
1.334288566964723e-007	9.988008e-001	0.000000e+000
1.336437709730749e-007	9.986466e-001	0.000000e+000
1.338408651110939e-007	9.985948e-001	0.000000e+000
1.340509262237951e-007	9.986347e-001	0.000000e+000
1.342490686585447e-007	9.987581e-001	0.000000e+000
1.344652640086566e-007	9.989818e-001	0.000000e+000
1.347155279906294e-007	9.993265e-001	0.000000e+000
1.349255216378651e-007	9.996701e-001	0.000000e+000
1.351373706832197e-007	1.000050e+000	0.000000e+000
1.353363522798003e-007	1.000414e+000	0.000000e+000
1.355378955290574e-007	1.000771e+000	0.000000e+000
1.357391279556786e-007	1.001097e+000	0.000000e+000
1.359449001319164e-007	1.001381e+000	0.000000e+000
1.361402424614518e-007	1.001587e+000	0.000000e+000
1.363685688917769e-007	1.001740e+000	0.000000e+000
1.365786068652915e-007	1.001790e+000	0.000000e+000
1.367920461497622e-007	1.001743e+000	0.000000e+000
1.370006730281213e-007	1.001608e+000	0.000000e+000
1.371986557678182e-007	1.001400e+000	0.000000e+000
1.374017486104455e-007	1.001117e+000	0.000000e+000
1.376192862508228e-007	1.000752e+000	0.000000e+000
1.378277278999848e-007	1.000361e+000	0.000000e+000
1.380277871147715e-007	9.999644e-001	0.000000e+000
1.382348919067328e-007	9.995528e-001	0.000000e+000
1.384347656841830e-007	9.991739e-001	0.000000e+000
1.386485224544927e-007	9.988101e-001	0.000000e+000
1.388832151680984e-007	9.984760e-001	0.000000e+000
1.390883562154192e-007	9.982560e-001	0.000000e+000
1.392964373840812e-007	9.981169e-001	0.000000e+000
1.395134558972755e-007	9.980621e-001	0.000000e+000
1.397150787197027e-007	9.980965e-001	0.000000e+000
1.399274000349722e-007	9.982175e-001	0.000000e+000
1.401295776217817e-007	9.984038e-001	0.000000e+000
1.403272350703276e-007	9.986416e-001	0.000000e+000
1.404799102797383e-007	9.988561e-001	0.000000e+000
1.406202753971734e-007	9.990724e-001	0.000000e+000
1.408145632396387e-007	9.993850e-001	0.000000e+000
1.410280497407589e-007	9.997276e-001	0.000000e+000
1.412314403650808e-007	1.000035e+000	0.000000e+000
1.414583674566004e-007	1.000337e+000	0.000000e+000
1.416632627123087e-007	1.000556e+000	0.000000e+000
1.418523447525709e-007	1.000698e+000	0.000000e+000
1.420570606212246e-007	1.000780e+000	0.000000e+000
1.422484033433980e-007	1.000784e+000	0.000000e+000
1.424629515318118e-007	1.000702e+000	0.000000e+000
1.426848464669626e-007	1.000530e+000	0.000000e+000
1.429105269631601e-007	1.000274e+000	0.000000e+000
1.431376887200962e-007	9.999495e-001	0.000000e+000
1.433115535458535e-007	9.996652e-001	0.000000e+000
1.435058278883148e-007	9.993239e-001	0.000000e+000
1.436941524953956e-007	9.989867e-001	0.000000e+000
1.439019719545196e-007	9.986231e-001	0.000000e+000
1.440775190889419e-007	9.983368e-001	0.000000e+000
1.442690973064098e-007	9.980600e-001	0.000000e+000
1.444561377208498e-007	9.978374e-001	0.000000e+000
1.446744972737098e-007	9.976463e-001	0.000000e+000
1.448799316568316e-007	9.975413e-001	0.000000e+000
1.451031849752132e-007	9.975157e-001	0.000000e+000
1.453243910166011e-007	9.975824e-001	0.000000e+000
1.456071604246379e-007	9.977803e-001	0.000000e+000
1.458625232287062e-007	9.980463e-001	0.000000e+000
1.461554919787062e-007	9.984238e-001	0.000000e+000
1.464484607287063e-007	9.988290e-001	0.000000e+000
1.467371891194522e-007	9.992093e-001	0.000000e+000
1.470301578694522e-007	9.995289e-001	0.000000e+000
1.473231266194523e-007	9.997491e-001	0.000000e+000
1.475633432370653e-007	9.998294e-001	0.000000e+000
1.478217431466113e-007	9.998009e-001	0.000000e+000
1.480753629526956e-007	9.996611e-001	0.000000e+000
1.483683317026956e-007	9.993779e-001	0.000000e+000
1.486613004526956e-007	9.989970e-001	0.000000e+000
1.489542692026956e-007	9.985534e-001	0.000000e+000
1.492472379526957e-007	9.980937e-001	0.000000e+000
1.495402067026957e-007	9.976658e-001	0.000000e+000
1.498331754526957e-007	9.973136e-001	0.000000e+000
1.501261442026957e-007	9.970717e-001	0.000000e+000
1.504191129526957e-007	9.969620e-001	0.000000e+000
1.507120817026957e-007	9.969908e-001	0.000000e+000
1.510050504526957e-007	9.971486e-001	0.000000e+000
1.512980192026957e-007	9.974111e-001	0.000000e+000
1.515909879526957e-007	9.977422e-001	0.000000e+000
1.518839567026957e-007	9.980980e-001	0.000000e+000
1.521769254526957e-007	9.984338e-001	0.000000e+000
1.524529105097371e-007	9.986910e-001	0.000000e+000
1.527458792597371e-007	9.988665e-001	0.000000e+000
1.530388480097372e-007	9.989212e-001	0.000000e+000
1.533318167597372e-007	9.988441e-001	0.000000e+000
1.536247855097372e-007	9.986412e-001	0.000000e+000
1.539177542597372e-007	9.983329e-001	0.000000e+000
1.542107230097372e-007	9.979517e-001	0.000000e+000
1.545036917597372e-007	9.975386e-001	0.000000e+000
1.547966605097372e-007	9.971377e-001	0.000000e+000
1.550896292597372e-007	9.967913e-001	0.000000e+000
1.553825980097372e-007	9.965347e-001	0.000000e+000
1.556755667597372e-007	9.963925e-001	0.000000e+000
1.559685355097372e-007	9.963753e-001	0.000000e+000
1.562615042597372e-007	9.964790e-001	0.000000e+000
1.565544730097372e-007	9.966810e-001	0.000000e+000
1.567670932962746e-007	9.968766e-001	0.000000e+000
1.569309305256764e-007	9.970491e-001	0.000000e+000
1.570947029752863e-007	9.972296e-001	0.000000e+000
1.572817583003114e-007	9.974335e-001	0.000000e+000
1.574701156001509e-007	9.976249e-001	0.000000e+000
1.576816777631141e-007	9.978059e-001	0.000000e+000
1.579746465131141e-007	9.979827e-001	0.000000e+000
1.582596574657599e-007	9.980586e-001	0.000000e+000
1.585422152039861e-007	9.980255e-001	0.000000e+000
1.587922914702229e-007	9.979038e-001	0.000000e+000
1.590419343416627e-007	9.976995e-001	0.000000e+000
1.593349030916627e-007	9.973843e-001	0.000000e+000
1.596278718416627e-007	9.970223e-001	0.000000e+000
1.599208405916627e-007	9.966493e-001	0.000000e+000
1.602138093416627e-007	9.963019e-001	0.000000e+000
1.604526632320952e-007	9.960658e-001	0.000000e+000
1.607105317025097e-007	9.958801e-001	0.000000e+000
1.609507610275079e-007	9.957825e-001	0.000000e+000
1.612070650060124e-007	9.957665e-001	0.000000e+000
1.614796471233935e-007	9.958402e-001	0.000000e+000
1.617367262116759e-007	9.959838e-001	0.000000e+000
1.619543335954357e-007	9.961521e-001	0.000000e+000
1.621440628672794e-007	9.963243e-001	0.000000e+000
1.623639456643398e-007	9.965357e-001	0.000000e+000
1.626040049569551e-007	9.967585e-001	0.000000e+000
1.628969737069551e-007	9.969919e-001	0.000000e+000
1.631899424569551e-007	9.971561e-001	0.000000e+000
1.634829112069551e-007	9.972259e-001	0.000000e+000
1.637758799569551e-007	9.971888e-001	0.000000e+000
1.640688487069551e-007	9.970458e-001	0.000000e+000
1.643618174569551e-007	9.968107e-001	0.000000e+000
1.646547862069551e-007	9.965086e-001	0.000000e+000
1.649477549569552e-007	9.961722e-001	0.000000e+000
1.652241424602154e-007	9.958555e-001	0.000000e+000
1.654803422756231e-007	9.955924e-001	0.000000e+000
1.657733110256231e-007	9.953560e-001	0.000000e+000
1.660662797756231e-007	9.952070e-001	0.000000e+000
1.663592485256231e-007	9.951594e-001	0.000000e+000
1.666522172756231e-007	9.952132e-001	0.000000e+000
1.669451860256232e-007	9.953553e-001	0.000000e+000
1.672381547756232e-007	9.955612e-001	0.000000e+000
1.674767537459132e-007	9.957573e-001	0.000000e+000
1.676896322152784e-007	9.959375e-001	0.000000e+000
1.679158220060129e-007	9.961129e-001	0.000000e+000
1.682087907560129e-007	9.962932e-001	0.000000e+000
1.685017595060129e-007	9.964010e-001	0.000000e+000
1.687947282560130e-007	9.964164e-001	0.000000e+000
1.690876970060130e-007	9.963337e-001	0.000000e+000
1.693806657560130e-007	9.961592e-001	0.000000e+000
1.696736345060130e-007	9.959109e-001	0.000000e+000
1.699666032560130e-007	9.956159e-001	0.000000e+000
1.702595720060130e-007	9.953055e-001	0.000000e+000
1.705082892055485e-007	9.950538e-001	0.000000e+000
1.707307015416545e-007	9.948570e-001	0.000000e+000
1.709534573807116e-007	9.946999e-001	0.000000e+000
1.711671425796561e-007	9.945996e-001	0.000000e+000
1.714542926261790e-007	9.945444e-001	0.000000e+000
1.717472613761790e-007	9.945747e-001	0.000000e+000
1.720402301261790e-007	9.946875e-001	0.000000e+000
1.723331988761790e-007	9.948630e-001	0.000000e+000
1.726261676261790e-007	9.950731e-001	0.000000e+000
1.729191363761790e-007	9.952854e-001	0.000000e+000
1.732121051261790e-007	9.954696e-001	0.000000e+000
1.734744691947975e-007	9.955857e-001	0.000000e+000
1.737503056478744e-007	9.956440e-001	0.000000e+000
1.739603555023722e-007	9.956357e-001	0.000000e+000
1.741852378576706e-007	9.955701e-001	0.000000e+000
1.744222275440096e-007	9.954445e-001	0.000000e+000
1.747151962940097e-007	9.952264e-001	0.000000e+000
1.750081650440097e-007	9.949628e-001	0.000000e+000
1.753011337940097e-007	9.946789e-001	0.000000e+000
1.755941025440097e-007	9.944060e-001	0.000000e+000
1.758870712940097e-007	9.941735e-001	0.000000e+000
1.761800400440097e-007	9.940056e-001	0.000000e+000
1.764730087940097e-007	9.939128e-001	0.000000e+000
1.767048368285460e-007	9.938980e-001	0.000000e+000
1.769021900786535e-007	9.939306e-001	0.000000e+000
1.771252982580177e-007	9.940101e-001	0.000000e+000
1.773894662579235e-007	9.941439e-001	0.000000e+000
1.776824350079236e-007	9.943190e-001	0.000000e+000
1.779754037579236e-007	9.944953e-001	0.000000e+000
1.782683725079236e-007	9.946433e-001	0.000000e+000
1.785613412579236e-007	9.947360e-001	0.000000e+000
1.788543100079236e-007	9.947528e-001	0.000000e+000
1.791472787579236e-007	9.946821e-001	0.000000e+000
1.794402475079236e-007	9.945229e-001	0.000000e+000
1.797332162579236e-007	9.942861e-001	0.000000e+000
1.799830131472727e-007	9.940338e-001	0.000000e+000
1.801989590226185e-007	9.937872e-001	0.000000e+000
1.804198090448608e-007	9.935209e-001	0.000000e+000
1.807115257885921e-007	9.931691e-001	0.000000e+000
1.810044945385921e-007	9.928340e-001	0.000000e+000
1.812974632885921e-007	9.925316e-001	0.000000e+000
1.815904320385921e-007	9.922682e-001	0.000000e+000
1.818834007885921e-007	9.920389e-001	0.000000e+000
1.821763695385921e-007	9.918272e-001	0.000000e+000
1.824693382885921e-007	9.916065e-001	0.000000e+000
1.827623070385921e-007	9.913412e-001	0.000000e+000
1.830552757885921e-007	9.909908e-001	0.000000e+000
1.833482445385921e-007	9.905127e-001	0.000000e+000
1.836412132885921e-007	9.898655e-001	0.000000e+000
1.839341820385921e-007	9.890126e-001	0.000000e+000
1.842271507885921e-007	9.879229e-001	0.000000e+000
1.845201195385921e-007	9.865727e-001	0.000000e+000
1.848130882885922e-007	9.849448e-001	0.000000e+000
1.851060570385922e-007	9.830412e-001	0.000000e+000
1.853414500875295e-007	9.812993e-001	0.000000e+000
1.855547063933915e-007	9.795381e-001	0.000000e+000
1.857674495659085e-007	9.776102e-001	0.000000e+000
1.859673479568332e-007	9.756414e-001	0.000000e+000
1.861502040698064e-007	9.736791e-001	0.000000e+000
1.864060320670769e-007	9.706717e-001	0.000000e+000
1.866827434705691e-007	9.670733e-001	0.000000e+000
1.869757122205691e-007	9.628423e-001	0.000000e+000
1.872007994043731e-007	9.592491e-001	0.000000e+000
1.873992602174611e-007	9.557649e-001	0.000000e+000
1.876098810159803e-007	9.516994e-001	0.000000e+000
1.878757772283341e-007	9.460085e-001	0.000000e+000
1.881687459783341e-007	9.390415e-001	0.000000e+000
1.883964477504572e-007	9.330410e-001	0.000000e+000
1.885982533346186e-007	9.271930e-001	0.000000e+000
1.888069117910955e-007	9.206037e-001	0.000000e+000
1.890260505700096e-007	9.130716e-001	0.000000e+000
1.892638888820985e-007	9.041237e-001	0.000000e+000
1.895568576320985e-007	8.920190e-001	0.000000e+000
1.898498263820985e-007	8.787104e-001	0.000000e+000
1.901427951320985e-007	8.641002e-001	0.000000e+000
1.904357638820985e-007	8.481569e-001	0.000000e+000
1.907287326320985e-007	8.308583e-001	0.000000e+000
1.910217013820985e-007	8.122315e-001	0.000000e+000
1.912789654997520e-007	7.947731e-001	0.000000e+000
1.915025067597198e-007	7.787005e-001	0.000000e+000
1.917314446853531e-007	7.613161e-001	0.000000e+000
1.920244134353531e-007	7.378510e-001	0.000000e+000
1.923173821853531e-007	7.131599e-001	0.000000e+000
1.925565236096230e-007	6.920304e-001	0.000000e+000
1.927727941604826e-007	6.721044e-001	0.000000e+000
1.930121914482009e-007	6.491976e-001	0.000000e+000
1.932786291913505e-007	6.227533e-001	0.000000e+000
1.935715979413505e-007	5.926273e-001	0.000000e+000
1.938645666913506e-007	5.615512e-001	0.000000e+000
1.940932717492641e-007	5.366590e-001	0.000000e+000
1.943222933784730e-007	5.112323e-001	0.000000e+000
1.945365357060114e-007	4.870883e-001	0.000000e+000
1.948061225712684e-007	4.563639e-001	0.000000e+000
1.950990913212684e-007	4.227598e-001	0.000000e+000
1.953920600712684e-007	3.891330e-001	0.000000e+000
1.956850288212684e-007	3.557195e-001	0.000000e+000
1.959779975712684e-007	3.227660e-001	0.000000e+000
1.962709663212684e-007	2.905158e-001	0.000000e+000
1.965639350712684e-007	2.592029e-001	0.000000e+000
1.968569038212684e-007	2.290312e-001	0.000000e+000
1.971379705551776e-007	2.013698e-001	0.000000e+000
1.974309393051776e-007	1.740499e-001	0.000000e+000
1.977239080551776e-007	1.483939e-001	0.000000e+000
1.980168768051776e-007	1.245440e-001	0.000000e+000
1.983098455551776e-007	1.026015e-001	0.000000e+000
1.986028143051776e-007	8.254731e-002	0.000000e+000
1.988418178920441e-007	6.758619e-002	0.000000e+000
1.990085179099553e-007	5.799707e-002	0.000000e+000
1.991579962157854e-007	5.003211e-002	0.000000e+000
1.993069185144949e-007	4.264391e-002	0.000000e+000
1.994523233393937e-007	3.593419e-002	0.000000e+000
1.995868107762707e-007	3.016186e-002	0.000000e+000
1.996994638790236e-007	2.565925e-002	0.000000e+000
1.998070980259336e-007	2.164383e-002	0.000000e+000
1.999082358780888e-007	1.816568e-002	0.000000e+000
2.000946857626385e-007	1.240399e-002	0.000000e+000
2.003201813888279e-007	6.422030e-003	0.000000e+000
2.006131501388279e-007	1.669602e-004	0.000000e+000
2.009061188888279e-007	-4.519310e-003	0.000000e+000
2.011990876388279e-007	-7.686993e-003	0.000000e+000
2.014888941685352e-007	-9.491112e-003	0.000000e+000
2.017818629185352e-007	-1.021007e-002	0.000000e+000
2.020113078345057e-007	-1.010307e-002	0.000000e+000
2.022093718474036e-007	-9.580582e-003	0.000000e+000
2.023952594792347e-007	-8.808519e-003	0.000000e+000
2.025744570243643e-007	-7.866505e-003	0.000000e+000
2.027516318253822e-007	-6.792684e-003	0.000000e+000
2.029410667508006e-007	-5.541870e-003	0.000000e+000
2.031428502206998e-007	-4.152860e-003	0.000000e+000
2.033899197874337e-007	-2.459044e-003	0.000000e+000
2.036828885374337e-007	-5.651905e-004	0.000000e+000
2.039758572874337e-007	1.102814e-003	0.000000e+000
2.042688260374337e-007	2.449665e-003	0.000000e+000
2.045617947874337e-007	3.413673e-003	0.000000e+000
2.048547635374337e-007	3.963637e-003	0.000000e+000
2.051477322874337e-007	4.095824e-003	0.000000e+000
2.054407010374337e-007	3.829599e-003	0.000000e+000
2.057336697874338e-007	3.221293e-003	0.000000e+000
2.059500365151686e-007	2.564240e-003	0.000000e+000
2.061700145573128e-007	1.721298e-003	0.000000e+000
2.064453600726261e-007	4.917468e-004	0.000000e+000
2.067383288226262e-007	-9.687855e-004	0.000000e+000
2.070312975726262e-007	-2.542950e-003	0.000000e+000
2.073242663226262e-007	-4.183706e-003	0.000000e+000
2.076172350726262e-007	-5.847111e-003	0.000000e+000
2.079102038226262e-007	-7.495289e-003	0.000000e+000
2.082031725726262e-007	-9.102460e-003	0.000000e+000
2.084035272395002e-007	-1.015858e-002	0.000000e+000
2.086471679556054e-007	-1.137935e-002	0.000000e+000
2.088722932861698e-007	-1.244171e-002	0.000000e+000
2.090847761371554e-007	-1.336494e-002	0.000000e+000
2.093777448871554e-007	-1.450705e-002	0.000000e+000
2.096707136371554e-007	-1.549525e-002	0.000000e+000
2.099536173131823e-007	-1.627831e-002	0.000000e+000
2.102306535440590e-007	-1.686605e-002	0.000000e+000
2.105205397930648e-007	-1.730007e-002	0.000000e+000
2.107320613359975e-007	-1.748980e-002	0.000000e+000
2.109602214593107e-007	-1.756094e-002	0.000000e+000
2.112273363356876e-007	-1.749549e-002	0.000000e+000
2.115203050856876e-007	-1.726235e-002	0.000000e+000
2.118132738356876e-007	-1.688083e-002	0.000000e+000
2.121062425856876e-007	-1.637918e-002	0.000000e+000
2.123696497376285e-007	-1.585156e-002	0.000000e+000
2.126355700455023e-007	-1.527310e-002	0.000000e+000
2.129081382305413e-007	-1.466436e-002	0.000000e+000
2.131674859648125e-007	-1.409668e-002	0.000000e+000
2.134432962788808e-007	-1.352772e-002	0.000000e+000
2.136700777864368e-007	-1.310248e-002	0.000000e+000
2.138879620793211e-007	-1.274812e-002	0.000000e+000
2.141710499741980e-007	-1.236777e-002	0.000000e+000
2.144257488404194e-007	-1.210772e-002	0.000000e+000
2.147020113124782e-007	-1.192377e-002	0.000000e+000
2.149867636983629e-007	-1.183474e-002	0.000000e+000
2.152641880707845e-007	-1.184270e-002	0.000000e+000
2.155142575103180e-007	-1.192909e-002	0.000000e+000
2.157670758647567e-007	-1.208701e-002	0.000000e+000
2.159893587848132e-007	-1.228122e-002	0.000000e+000
2.162339213264736e-007	-1.254895e-002	0.000000e+000
2.164477042486638e-007	-1.282481e-002	0.000000e+000
2.166802918269105e-007	-1.316632e-002	0.000000e+000
2.169172001655666e-007	-1.355054e-002	0.000000e+000
2.171678239872802e-007	-1.399022e-002	0.000000e+000
2.174607927372802e-007	-1.453211e-002	0.000000e+000
2.177537614872802e-007	-1.508679e-002	0.000000e+000
2.179809333423027e-007	-1.551249e-002	0.000000e+000
2.182293593146520e-007	-1.595690e-002	0.000000e+000
2.184645646347447e-007	-1.634060e-002	0.000000e+000
2.187230507678405e-007	-1.670056e-002	0.000000e+000
2.189888872730626e-007	-1.698469e-002	0.000000e+000
2.192584851610981e-007	-1.716901e-002	0.000000e+000
2.194767386616386e-007	-1.722483e-002	0.000000e+000
2.196987951656598e-007	-1.718559e-002	0.000000e+000
2.198930503839015e-007	-1.707090e-002	0.000000e+000
2.200848922217856e-007	-1.687651e-002	0.000000e+000
2.203234754976173e-007	-1.653666e-002	0.000000e+000
2.205633583959050e-007	-1.610627e-002	0.000000e+000
2.207444145483720e-007	-1.572213e-002	0.000000e+000
2.209818199391166e-007	-1.516059e-002	0.000000e+000
2.211965795350483e-007	-1.462233e-002	0.000000e+000
2.214553193785890e-007	-1.396368e-002	0.000000e+000
2.216888517114326e-007	-1.339311e-002	0.000000e+000
2.219488875083879e-007	-1.282029e-002	0.000000e+000
2.221911871630010e-007	-1.237630e-002	0.000000e+000
2.224269409896723e-007	-1.206359e-002	0.000000e+000
2.226987233782040e-007	-1.185125e-002	0.000000e+000
2.228758011278345e-007	-1.181435e-002	0.000000e+000
2.230745315113155e-007	-1.188289e-002	0.000000e+000
2.232481310320768e-007	-1.202884e-002	0.000000e+000
2.234378594662630e-007	-1.227973e-002	0.000000e+000
2.236286932606144e-007	-1.262082e-002	0.000000e+000
2.238910976346228e-007	-1.319888e-002	0.000000e+000
2.241065116379429e-007	-1.374126e-002	0.000000e+000
2.242726725706238e-007	-1.419465e-002	0.000000e+000
2.244388623708160e-007	-1.466140e-002	0.000000e+000
2.246837787138307e-007	-1.534238e-002	0.000000e+000
2.248684295301378e-007	-1.582696e-002	0.000000e+000
2.251063339158439e-007	-1.638039e-002	0.000000e+000
2.253609649897965e-007	-1.686167e-002	0.000000e+000
2.256143570306152e-007	-1.720258e-002	0.000000e+000
2.258241505276901e-007	-1.735874e-002	0.000000e+000
2.260302466083090e-007	-1.738512e-002	0.000000e+000
2.262479088567418e-007	-1.728346e-002	0.000000e+000
2.264631506258803e-007	-1.706085e-002	0.000000e+000
2.266688688144279e-007	-1.673896e-002	0.000000e+000
2.269056061742278e-007	-1.626195e-002	0.000000e+000
2.271222643916608e-007	-1.575020e-002	0.000000e+000
2.273395698020617e-007	-1.518627e-002	0.000000e+000
2.275281163165977e-007	-1.467710e-002	0.000000e+000
2.277088554231165e-007	-1.418948e-002	0.000000e+000
2.278909930499853e-007	-1.371929e-002	0.000000e+000
2.281280501510371e-007	-1.316596e-002	0.000000e+000
2.284055226528112e-007	-1.262390e-002	0.000000e+000
2.286629647785564e-007	-1.224323e-002	0.000000e+000
2.288613887137471e-007	-1.205277e-002	0.000000e+000
2.290562247483316e-007	-1.196702e-002	0.000000e+000
2.292746249361730e-007	-1.197986e-002	0.000000e+000
2.294935288213084e-007	-1.209945e-002	0.000000e+000
2.297152112922568e-007	-1.232216e-002	0.000000e+000
2.299499480068302e-007	-1.264807e-002	0.000000e+000
2.301653984068993e-007	-1.300955e-002	0.000000e+000
2.303775673810316e-007	-1.340474e-002	0.000000e+000
2.306377129190032e-007	-1.390462e-002	0.000000e+000
2.308986223694702e-007	-1.438576e-002	0.000000e+000
2.311509630013265e-007	-1.480039e-002	0.000000e+000
2.313599327954091e-007	-1.508092e-002	0.000000e+000
2.315597338907278e-007	-1.527600e-002	0.000000e+000
2.317583186537421e-007	-1.538045e-002	0.000000e+000
2.320335873171006e-007	-1.538127e-002	0.000000e+000
2.322929783977361e-007	-1.523901e-002	0.000000e+000
2.324999832920836e-007	-1.501696e-002	0.000000e+000
2.326466280964329e-007	-1.479457e-002	0.000000e+000
2.328067138483542e-007	-1.449056e-002	0.000000e+000
2.330061074166549e-007	-1.404227e-002	0.000000e+000
2.332245920683642e-007	-1.347509e-002	0.000000e+000
2.334953527616944e-007	-1.268923e-002	0.000000e+000
2.337425986471194e-007	-1.191677e-002	0.000000e+000
2.339784596308528e-007	-1.115088e-002	0.000000e+000
2.342278756641977e-007	-1.033815e-002	0.000000e+000
2.344795698893172e-007	-9.539448e-003	0.000000e+000
2.347238533993356e-007	-8.805079e-003	0.000000e+000
2.349686689022538e-007	-8.126762e-003	0.000000e+000
2.352389628030759e-007	-7.454425e-003	0.000000e+000
2.355283923107217e-007	-6.821657e-003	0.000000e+000
2.358213610607217e-007	-6.260863e-003	0.000000e+000
2.360707989637476e-007	-5.833175e-003	0.000000e+000
2.363028986462801e-007	-5.459089e-003	0.000000e+000
2.364927616799034e-007	-5.153666e-003	0.000000e+000
2.366824659885366e-007	-4.831894e-003	0.000000e+000
2.368859979670337e-007	-4.448310e-003	0.000000e+000
2.371158195782895e-007	-3.943478e-003	0.000000e+000
2.373632621544209e-007	-3.283554e-003	0.000000e+000
2.376355799992558e-007	-2.384755e-003	0.000000e+000
2.378996868165563e-007	-1.306214e-003	0.000000e+000
2.381605151358896e-007	-1.671549e-005	0.000000e+000
2.383765049544079e-007	1.238506e-003	0.000000e+000
2.385744768102925e-007	2.556835e-003	0.000000e+000
2.387758499081245e-007	4.058948e-003	0.000000e+000
2.389754106787428e-007	5.712457e-003	0.000000e+000
2.392334988773758e-007	8.068048e-003	0.000000e+000
2.394881832403511e-007	1.060366e-002	0.000000e+000
2.397535241272206e-007	1.345450e-002	0.000000e+000
2.400211206429967e-007	1.650617e-002	0.000000e+000
2.402652438615870e-007	1.941885e-002	0.000000e+000
2.405009055727756e-007	2.231844e-002	0.000000e+000
2.406414408513931e-007	2.408306e-002	0.000000e+000
2.407932078092565e-007	2.601551e-002	0.000000e+000
2.409465587165572e-007	2.798584e-002	0.000000e+000
2.410564411608685e-007	2.940841e-002	0.000000e+000
2.411883613963365e-007	3.112856e-002	0.000000e+000
2.413711703161165e-007	3.353236e-002	0.000000e+000
2.416265009438844e-007	3.692993e-002	0.000000e+000
2.418994508573388e-007	4.062736e-002	0.000000e+000
2.421782168416876e-007	4.450651e-002	0.000000e+000
2.424711855916876e-007	4.872300e-002	0.000000e+000
2.426801446030833e-007	5.185259e-002	0.000000e+000
2.428837463374150e-007	5.504376e-002	0.000000e+000
2.431160668338587e-007	5.886349e-002	0.000000e+000
2.433330060205962e-007	6.263523e-002	0.000000e+000
2.436038128762117e-007	6.764231e-002	0.000000e+000
2.438642813208464e-007	7.277542e-002	0.000000e+000
2.441273212273600e-007	7.830197e-002	0.000000e+000
2.443871248176773e-007	8.408827e-002	0.000000e+000
2.446372837755580e-007	8.995575e-002	0.000000e+000
2.448947977142289e-007	9.625667e-002	0.000000e+000
2.451069904994797e-007	1.016207e-001	0.000000e+000
2.453068995916384e-007	1.067989e-001	0.000000e+000
2.455305374552077e-007	1.126871e-001	0.000000e+000
2.457677042473755e-007	1.189898e-001	0.000000e+000
2.460166957868880e-007	1.256237e-001	0.000000e+000
2.461914019361071e-007	1.302580e-001	0.000000e+000
2.464066735257094e-007	1.359077e-001	0.000000e+000
2.466423353009506e-007	1.419998e-001	0.000000e+000
2.468232309918535e-007	1.465849e-001	0.000000e+000
2.470126171895389e-007	1.512756e-001	0.000000e+000
2.472138060921857e-007	1.561325e-001	0.000000e+000
2.474268020711735e-007	1.611241e-001	0.000000e+000
2.476555473687277e-007	1.663000e-001	0.000000e+000
2.479390004924721e-007	1.724617e-001	0.000000e+000
2.482319692424721e-007	1.785572e-001	0.000000e+000
2.485131843739865e-007	1.841373e-001	0.000000e+000
2.488061531239866e-007	1.896838e-001	0.000000e+000
2.490438655132433e-007	1.939889e-001	0.000000e+000
2.492216918564749e-007	1.970786e-001	0.000000e+000
2.493708411531051e-007	1.995749e-001	0.000000e+000
2.495074065968056e-007	2.017627e-001	0.000000e+000
2.497567163254661e-007	2.055459e-001	0.000000e+000
2.499823810914118e-007	2.087156e-001	0.000000e+000
2.502569686618560e-007	2.121746e-001	0.000000e+000
2.505068671627604e-007	2.148931e-001	0.000000e+000
2.507666034303760e-007	2.171659e-001	0.000000e+000
2.510595721803760e-007	2.190262e-001	0.000000e+000
2.513171931190973e-007	2.199989e-001	0.000000e+000
2.515254141458911e-007	2.202266e-001	0.000000e+000
2.517359171513945e-007	2.199069e-001	0.000000e+000
2.519379903491919e-007	2.190507e-001	0.000000e+000
2.521825901835562e-007	2.172781e-001	0.000000e+000
2.524521074468446e-007	2.144668e-001	0.000000e+000
2.526992079519085e-007	2.110749e-001	0.000000e+000
2.529334519075126e-007	2.070891e-001	0.000000e+000
2.531916861716457e-007	2.018987e-001	0.000000e+000
2.534294124772063e-007	1.963935e-001	0.000000e+000
2.537223812272063e-007	1.887242e-001	0.000000e+000
2.540153499772063e-007	1.802656e-001	0.000000e+000
2.542389190071403e-007	1.732516e-001	0.000000e+000
2.545001648775793e-007	1.644724e-001	0.000000e+000
2.547931336275793e-007	1.540510e-001	0.000000e+000
2.550861023775793e-007	1.430874e-001	0.000000e+000
2.553790711275793e-007	1.316357e-001	0.000000e+000
2.556720398775793e-007	1.197662e-001	0.000000e+000
2.559458809937986e-007	1.083445e-001	0.000000e+000
2.561980055682795e-007	9.758176e-002	0.000000e+000
2.564377552102014e-007	8.715731e-002	0.000000e+000
2.567019651280597e-007	7.550611e-002	0.000000e+000
2.569634813065131e-007	6.386027e-002	0.000000e+000
2.572195070761898e-007	5.240304e-002	0.000000e+000
2.575124758261898e-007	3.930690e-002	0.000000e+000
2.577673745683127e-007	2.799536e-002	0.000000e+000
2.579787473959868e-007	1.874894e-002	0.000000e+000
2.582241699791751e-007	8.240709e-003	0.000000e+000
2.584700180343064e-007	-1.955798e-003	0.000000e+000
2.587629867843064e-007	-1.356671e-002	0.000000e+000
2.590559555343064e-007	-2.453735e-002	0.000000e+000
2.592806080139960e-007	-3.238928e-002	0.000000e+000
2.595053170265639e-007	-3.960299e-002	0.000000e+000
2.597982857765639e-007	-4.808490e-002	0.000000e+000
2.600912545265639e-007	-5.551240e-002	0.000000e+000
2.603842232765639e-007	-6.176872e-002	0.000000e+000
2.606771920265639e-007	-6.682422e-002	0.000000e+000
2.609701607765639e-007	-7.067895e-002	0.000000e+000
2.612631295265639e-007	-7.336101e-002	0.000000e+000
2.615560982765639e-007	-7.501481e-002	0.000000e+000
2.617441595606366e-007	-7.552538e-002	0.000000e+000
2.619079215481861e-007	-7.558095e-002	0.000000e+000
2.620690196042530e-007	-7.529806e-002	0.000000e+000
2.623287728588350e-007	-7.430304e-002	0.000000e+000
2.625713325804684e-007	-7.286848e-002	0.000000e+000
2.628227140056580e-007	-7.086214e-002	0.000000e+000
2.630797833356891e-007	-6.833833e-002	0.000000e+000
2.633724039897469e-007	-6.498973e-002	0.000000e+000
2.636653727397469e-007	-6.123462e-002	0.000000e+000
2.639583414897469e-007	-5.715623e-002	0.000000e+000
2.642513102397469e-007	-5.284745e-002	0.000000e+000
2.645442789897469e-007	-4.839876e-002	0.000000e+000
2.648372477397469e-007	-4.389954e-002	0.000000e+000
2.651302164897469e-007	-3.943923e-002	0.000000e+000
2.654231852397469e-007	-3.510822e-002	0.000000e+000
2.657161539897469e-007	-3.099778e-002	0.000000e+000
2.660091227397469e-007	-2.719069e-002	0.000000e+000
2.662793812449302e-007	-2.402018e-002	0.000000e+000
2.665248133611855e-007	-2.150068e-002	0.000000e+000
2.667784498661078e-007	-1.931893e-002	0.000000e+000
2.670523117595912e-007	-1.748282e-002	0.000000e+000
2.673452805095912e-007	-1.612691e-002	0.000000e+000
2.676067235607484e-007	-1.550223e-002	0.000000e+000
2.678871670514747e-007	-1.546870e-002	0.000000e+000
2.681512660087589e-007	-1.603188e-002	0.000000e+000
2.684442347587589e-007	-1.730785e-002	0.000000e+000
2.687372035087589e-007	-1.918875e-002	0.000000e+000
2.690259026558518e-007	-2.158098e-002	0.000000e+000
2.693188714058518e-007	-2.446030e-002	0.000000e+000
2.696118401558518e-007	-2.768034e-002	0.000000e+000
2.699048089058518e-007	-3.112139e-002	0.000000e+000
2.701977776558519e-007	-3.465766e-002	0.000000e+000
2.704907464058519e-007	-3.816543e-002	0.000000e+000
2.707837151558519e-007	-4.152890e-002	0.000000e+000
2.710766839058519e-007	-4.464538e-002	0.000000e+000
2.713696526558519e-007	-4.742932e-002	0.000000e+000
2.716626214058519e-007	-4.981491e-002	0.000000e+000
2.719555901558519e-007	-5.175726e-002	0.000000e+000
2.722485589058519e-007	-5.323198e-002	0.000000e+000
2.725415276558519e-007	-5.423511e-002	0.000000e+000
2.728305959206000e-007	-5.477001e-002	0.000000e+000
2.731235646706000e-007	-5.487444e-002	0.000000e+000
2.734165334206000e-007	-5.457756e-002	0.000000e+000
2.736970911505719e-007	-5.394417e-002	0.000000e+000
2.739900599005719e-007	-5.295920e-002	0.000000e+000
2.742830286505719e-007	-5.169325e-002	0.000000e+000
2.745759974005719e-007	-5.018573e-002	0.000000e+000
2.748689661505719e-007	-4.847961e-002	0.000000e+000
2.751619349005719e-007	-4.661831e-002	0.000000e+000
2.754549036505719e-007	-4.464678e-002	0.000000e+000
2.757478724005719e-007	-4.261277e-002	0.000000e+000
2.760408411505719e-007	-4.056784e-002	0.000000e+000
2.763338099005719e-007	-3.856305e-002	0.000000e+000
2.765842024704258e-007	-3.692657e-002	0.000000e+000
2.768308109490176e-007	-3.543710e-002	0.000000e+000
2.771237796990176e-007	-3.386822e-002	0.000000e+000
2.774167484490176e-007	-3.256178e-002	0.000000e+000
2.777097171990176e-007	-3.156587e-002	0.000000e+000
2.779640763930504e-007	-3.100245e-002	0.000000e+000
2.782406708168057e-007	-3.074316e-002	0.000000e+000
2.785336395668057e-007	-3.085431e-002	0.000000e+000
2.788266083168057e-007	-3.135697e-002	0.000000e+000
2.791195770668057e-007	-3.222900e-002	0.000000e+000
2.794125458168057e-007	-3.342205e-002	0.000000e+000
2.797055145668057e-007	-3.486956e-002	0.000000e+000
2.799984833168058e-007	-3.648815e-002	0.000000e+000
2.802269026934287e-007	-3.781864e-002	0.000000e+000
2.804837017784458e-007	-3.932560e-002	0.000000e+000
2.807264141516909e-007	-4.070874e-002	0.000000e+000
2.809224338631442e-007	-4.175556e-002	0.000000e+000
2.811623338856783e-007	-4.292023e-002	0.000000e+000
2.813665415674044e-007	-4.380383e-002	0.000000e+000
2.815015957094667e-007	-4.431292e-002	0.000000e+000
2.816436220861881e-007	-4.476498e-002	0.000000e+000
2.818524077469623e-007	-4.529339e-002	0.000000e+000
2.820954185796589e-007	-4.571348e-002	0.000000e+000
2.823883873296589e-007	-4.595148e-002	0.000000e+000
2.826813560796589e-007	-4.591873e-002	0.000000e+000
2.829743248296589e-007	-4.563588e-002	0.000000e+000
2.832672935796589e-007	-4.514654e-002	0.000000e+000
2.835602623296589e-007	-4.449898e-002	0.000000e+000
2.838532190966148e-007	-4.374129e-002	0.000000e+000
2.841461878466148e-007	-4.291772e-002	0.000000e+000
2.844013330878713e-007	-4.217407e-002	0.000000e+000
2.846266014933943e-007	-4.151260e-002	0.000000e+000
2.848075437786421e-007	-4.098552e-002	0.000000e+000
2.849399236664516e-007	-4.060553e-002	0.000000e+000
2.850724277383434e-007	-4.023170e-002	0.000000e+000
2.852035266675788e-007	-3.986979e-002	0.000000e+000
2.854088122952099e-007	-3.931864e-002	0.000000e+000
2.856197638785731e-007	-3.877301e-002	0.000000e+000
2.858779269516219e-007	-3.813485e-002	0.000000e+000
2.860740408555298e-007	-3.767551e-002	0.000000e+000
2.862947957908964e-007	-3.719213e-002	0.000000e+000
2.865367858078687e-007	-3.670253e-002	0.000000e+000
2.867364491279900e-007	-3.633780e-002	0.000000e+000
2.869384891006020e-007	-3.601544e-002	0.000000e+000
2.871553097200087e-007	-3.572914e-002	0.000000e+000
2.873973514635866e-007	-3.549205e-002	0.000000e+000
2.876524297714190e-007	-3.535192e-002	0.000000e+000
2.879453985214191e-007	-3.533593e-002	0.000000e+000
2.882000703940620e-007	-3.544924e-002	0.000000e+000
2.883823015443538e-007	-3.561178e-002	0.000000e+000
2.885049830320301e-007	-3.576834e-002	0.000000e+000
2.886773969544099e-007	-3.604382e-002	0.000000e+000
2.888326676976968e-007	-3.633734e-002	0.000000e+000
2.889963423407469e-007	-3.669266e-002	0.000000e+000
2.891442592827223e-007	-3.705002e-002	0.000000e+000
2.893225831025738e-007	-3.751804e-002	0.000000e+000
2.895001772760916e-007	-3.801281e-002	0.000000e+000
2.897536591042465e-007	-3.874185e-002	0.000000e+000
2.900286669539115e-007	-3.952270e-002	0.000000e+000
2.903191916571501e-007	-4.028928e-002	0.000000e+000
2.906121604071501e-007	-4.096520e-002	0.000000e+000
2.908041789300618e-007	-4.133026e-002	0.000000e+000
2.909628795784830e-007	-4.156362e-002	0.000000e+000
2.911357682502580e-007	-4.174508e-002	0.000000e+000
2.913177405105009e-007	-4.185021e-002	0.000000e+000
2.915523987230752e-007	-4.186904e-002	0.000000e+000
2.917412062597563e-007	-4.179041e-002	0.000000e+000
2.919287472492045e-007	-4.161646e-002	0.000000e+000
2.921954197473034e-007	-4.124801e-002	0.000000e+000
2.924398886623956e-007	-4.081174e-002	0.000000e+000
2.927328574123956e-007	-4.019784e-002	0.000000e+000
2.929891215087248e-007	-3.961988e-002	0.000000e+000
2.932061128283341e-007	-3.912378e-002	0.000000e+000
2.934206742634304e-007	-3.865189e-002	0.000000e+000
2.936516145503313e-007	-3.818543e-002	0.000000e+000
2.938934390483756e-007	-3.776030e-002	0.000000e+000
2.941531990873400e-007	-3.739130e-002	0.000000e+000
2.944461678373400e-007	-3.708562e-002	0.000000e+000
2.947243732743340e-007	-3.690215e-002	0.000000e+000
2.950173420243340e-007	-3.680959e-002	0.000000e+000
2.952829003264820e-007	-3.679329e-002	0.000000e+000
2.954644841021567e-007	-3.681316e-002	0.000000e+000
2.956333724521511e-007	-3.684856e-002	0.000000e+000
2.958451336308377e-007	-3.690273e-002	0.000000e+000
2.960447169262235e-007	-3.695529e-002	0.000000e+000
2.963036820037428e-007	-3.701610e-002	0.000000e+000
2.965851656196061e-007	-3.706544e-002	0.000000e+000
2.968781343696061e-007	-3.709539e-002	0.000000e+000
2.971711031196061e-007	-3.710777e-002	0.000000e+000
2.974123895178599e-007	-3.711103e-002	0.000000e+000
2.976134488564421e-007	-3.711521e-002	0.000000e+000
2.978036122098016e-007	-3.712663e-002	0.000000e+000
2.979973811578622e-007	-3.715216e-002	0.000000e+000
2.982430616602326e-007	-3.720995e-002	0.000000e+000
2.985021310076899e-007	-3.730481e-002	0.000000e+000
2.987612314681100e-007	-3.743850e-002	0.000000e+000
2.990542002181100e-007	-3.763086e-002	0.000000e+000
2.993471689681100e-007	-3.785265e-002	0.000000e+000
2.995243511689957e-007	-3.799535e-002	0.000000e+000
2.997592146455554e-007	-3.818269e-002	0.000000e+000
2.999762285952683e-007	-3.834744e-002	0.000000e+000
3.000000000000000e-007	-3.836445e-002	0.000000e+000
