time	V(out)	V(n046)
0.000000000000000e+000	0.000000e+000	0.000000e+000
2.929687488293547e-015	0.000000e+000	3.906250e-007
5.859374976587093e-015	0.000000e+000	7.812500e-007
6.862165151151572e-012	0.000000e+000	9.149554e-004
1.371847092732656e-011	0.000000e+000	1.829129e-003
2.057477670350154e-011	0.000000e+000	2.743304e-003
2.743108247967653e-011	0.000000e+000	3.657478e-003
3.428738825585152e-011	0.000000e+000	4.571652e-003
4.114369403202650e-011	0.000000e+000	5.485826e-003
4.799999980820147e-011	0.000000e+000	6.400000e-003
9.599999961640293e-011	0.000000e+000	1.280000e-002
1.404606014236564e-010	0.000000e+000	1.872808e-002
1.783236865824396e-010	0.000000e+000	2.377649e-002
2.133624804419512e-010	0.000000e+000	2.844833e-002
2.524063542346291e-010	0.000000e+000	3.365418e-002
2.929017788970751e-010	0.000000e+000	3.905357e-002
3.425937548498207e-010	0.000000e+000	4.567917e-002
3.978514655120629e-010	0.000000e+000	5.304686e-002
4.645797710677467e-010	0.000000e+000	6.194397e-002
5.403068812387455e-010	0.000000e+000	7.204092e-002
6.307358062350067e-010	0.000000e+000	8.409811e-002
7.079893803692037e-010	0.000000e+000	9.439858e-002
7.836459236611358e-010	0.000000e+000	1.044861e-001
8.648150319715818e-010	0.000000e+000	1.153087e-001
9.533838991931454e-010	0.000000e+000	1.271179e-001
1.051271808406191e-009	0.000000e+000	1.401696e-001
1.159241009936823e-009	0.000000e+000	1.545655e-001
1.278989387682815e-009	0.000000e+000	1.705319e-001
1.396557812889038e-009	0.000000e+000	1.862077e-001
1.506237046328303e-009	0.000000e+000	2.008316e-001
1.622814105635588e-009	0.000000e+000	2.163752e-001
1.745252821730085e-009	0.000000e+000	2.327004e-001
1.878826092854386e-009	0.000000e+000	2.505102e-001
2.021722797969876e-009	0.000000e+000	2.695630e-001
2.177735489724566e-009	0.000000e+000	2.903647e-001
2.313196995441442e-009	0.000000e+000	3.084263e-001
2.459900481889272e-009	0.000000e+000	3.279867e-001
2.607287994033606e-009	0.000000e+000	3.476384e-001
2.769490394963843e-009	0.000000e+000	3.692654e-001
2.937795246810035e-009	0.000000e+000	3.917060e-001
3.121752783602833e-009	0.000000e+000	4.162337e-001
3.302567426918069e-009	0.000000e+000	4.403423e-001
3.469663158169179e-009	0.000000e+000	4.626217e-001
3.654689521797208e-009	0.000000e+000	4.872919e-001
3.840326689612200e-009	0.000000e+000	5.120435e-001
4.044539681067148e-009	0.000000e+000	5.392720e-001
4.227764994987598e-009	0.000000e+000	5.637020e-001
4.422060863015600e-009	0.000000e+000	5.896081e-001
4.617703286808851e-009	0.000000e+000	6.156937e-001
4.828249794968690e-009	0.000000e+000	6.437666e-001
5.045663481100002e-009	0.000000e+000	6.727551e-001
5.245441075231728e-009	0.000000e+000	6.993921e-001
5.458755053440756e-009	0.000000e+000	7.278340e-001
5.673038340546200e-009	0.000000e+000	7.564051e-001
5.903234374701504e-009	0.000000e+000	7.870979e-001
6.139853745656873e-009	0.000000e+000	8.186471e-001
6.361321752244257e-009	0.000000e+000	8.481762e-001
6.593822328680296e-009	0.000000e+000	8.791763e-001
6.829555108356687e-009	0.000000e+000	9.106073e-001
7.079883430092151e-009	0.000000e+000	9.439844e-001
7.241472718691562e-009	0.000000e+000	9.655297e-001
7.281792218401959e-009	0.000000e+000	9.709056e-001
7.362431217822754e-009	0.000000e+000	9.816575e-001
7.499999999999999e-009	0.000000e+000	1.000000e+000
7.513756878217725e-009	0.000000e+000	1.000000e+000
7.541270634653173e-009	0.000000e+000	1.000000e+000
7.596298147524072e-009	0.000000e+000	1.000000e+000
7.706353173265868e-009	0.000000e+000	1.000000e+000
7.926463224749460e-009	0.000000e+000	1.000000e+000
8.165171580565411e-009	0.000000e+000	1.000000e+000
8.402737421334976e-009	0.000000e+000	1.000000e+000
8.670384792129379e-009	0.000000e+000	1.000000e+000
8.922443892864773e-009	0.000000e+000	1.000000e+000
9.203252571979961e-009	0.000000e+000	1.000000e+000
9.479896087609527e-009	0.000000e+000	1.000000e+000
9.765674830771149e-009	0.000000e+000	1.000000e+000
1.003512079189839e-008	0.000000e+000	1.000000e+000
1.032786309669212e-008	0.000000e+000	1.000000e+000
1.061910649875858e-008	0.000000e+000	1.000000e+000
1.091207524875858e-008	0.000000e+000	1.000000e+000
1.119789959586996e-008	0.000000e+000	1.000000e+000
1.149086834586996e-008	0.000000e+000	1.000000e+000
1.178383709586996e-008	2.802597e-045	1.000000e+000
1.207680584586997e-008	1.121039e-044	1.000000e+000
1.236977459586997e-008	6.025583e-044	1.000000e+000
1.266274334586997e-008	2.970753e-043	1.000000e+000
1.295571209586997e-008	1.409706e-042	1.000000e+000
1.324868084586997e-008	6.468394e-042	1.000000e+000
1.354164959586997e-008	2.871401e-041	1.000000e+000
1.383461834586997e-008	1.234544e-040	1.000000e+000
1.412758709586997e-008	5.149365e-040	1.000000e+000
1.442055584586997e-008	2.086626e-039	1.000000e+000
1.471352459586997e-008	8.225172e-039	1.000000e+000
1.500649334586997e-008	3.157685e-038	1.000000e+000
1.529946209586997e-008	1.181923e-037	1.000000e+000
1.559243084586997e-008	4.317596e-037	1.000000e+000
1.588539959586997e-008	1.540747e-036	1.000000e+000
1.617836834586997e-008	5.375661e-036	1.000000e+000
1.647133709586997e-008	1.835240e-035	1.000000e+000
1.676430584586997e-008	6.135356e-035	1.000000e+000
1.705727459586997e-008	2.009915e-034	1.000000e+000
1.735024334586997e-008	6.456436e-034	1.000000e+000
1.764321209586997e-008	2.034951e-033	1.000000e+000
1.793618084586998e-008	6.296719e-033	1.000000e+000
1.822914959586998e-008	1.913872e-032	1.000000e+000
1.852211834586998e-008	5.717097e-032	1.000000e+000
1.881508709586998e-008	1.679253e-031	1.000000e+000
1.910805584586998e-008	4.852186e-031	1.000000e+000
1.940102459586998e-008	1.379850e-030	1.000000e+000
1.969399334586998e-008	3.863515e-030	1.000000e+000
1.998696209586998e-008	1.065525e-029	1.000000e+000
2.027993084586998e-008	2.895619e-029	1.000000e+000
2.057289959586998e-008	7.756646e-029	1.000000e+000
2.086586834586998e-008	2.048862e-028	1.000000e+000
2.115883709586998e-008	5.338294e-028	1.000000e+000
2.145180584586998e-008	1.372403e-027	1.000000e+000
2.174477459586998e-008	3.482434e-027	1.000000e+000
2.203774334586998e-008	8.724355e-027	1.000000e+000
2.233071209586998e-008	2.158514e-026	1.000000e+000
2.262368084586998e-008	5.275514e-026	1.000000e+000
2.291664959586998e-008	1.274018e-025	1.000000e+000
2.320961834586998e-008	3.040854e-025	1.000000e+000
2.350258709586998e-008	7.175113e-025	1.000000e+000
2.379555584586999e-008	1.674078e-024	1.000000e+000
2.408852459586999e-008	3.863070e-024	1.000000e+000
2.438149334586999e-008	8.818463e-024	1.000000e+000
2.467446209586999e-008	1.991803e-023	1.000000e+000
2.496743084586999e-008	4.452252e-023	1.000000e+000
2.526039959586999e-008	9.850919e-023	1.000000e+000
2.555336834586999e-008	2.157835e-022	1.000000e+000
2.584633709586999e-008	4.680392e-022	1.000000e+000
2.613930584586999e-008	1.005413e-021	1.000000e+000
2.643227459586999e-008	2.139332e-021	1.000000e+000
2.672524334586999e-008	4.509764e-021	1.000000e+000
2.701821209586999e-008	9.419763e-021	1.000000e+000
2.731118084586999e-008	1.949858e-020	1.000000e+000
2.760414959586999e-008	4.000436e-020	1.000000e+000
2.789711834586999e-008	8.136079e-020	1.000000e+000
2.819008709586999e-008	1.640540e-019	1.000000e+000
2.848305584586999e-008	3.280052e-019	1.000000e+000
2.877602459586999e-008	6.503604e-019	1.000000e+000
2.906899334586999e-008	1.278974e-018	1.000000e+000
2.936196209586999e-008	2.494924e-018	1.000000e+000
2.965493084587000e-008	4.828285e-018	1.000000e+000
2.994789959586999e-008	9.270834e-018	1.000000e+000
3.024086834586999e-008	1.766380e-017	1.000000e+000
3.053383709586999e-008	3.339923e-017	1.000000e+000
3.082680584586999e-008	6.267902e-017	1.000000e+000
3.111977459586999e-008	1.167579e-016	1.000000e+000
3.141274334587000e-008	2.159099e-016	1.000000e+000
3.170571209587000e-008	3.963908e-016	1.000000e+000
3.199868084587000e-008	7.225712e-016	1.000000e+000
3.229164959587000e-008	1.307929e-015	1.000000e+000
3.258461834587000e-008	2.351112e-015	1.000000e+000
3.287758709587000e-008	4.197457e-015	1.000000e+000
3.317055584587000e-008	7.443207e-015	1.000000e+000
3.346352459587000e-008	1.311085e-014	1.000000e+000
3.375649334587000e-008	2.294215e-014	1.000000e+000
3.404946209587000e-008	3.988446e-014	1.000000e+000
3.434243084587000e-008	6.889270e-014	1.000000e+000
3.463539959587000e-008	1.182429e-013	1.000000e+000
3.492836834587000e-008	2.016699e-013	1.000000e+000
3.522133709587000e-008	3.418234e-013	1.000000e+000
3.551430584587000e-008	5.758210e-013	1.000000e+000
3.580727459587000e-008	9.641118e-013	1.000000e+000
3.610024334587000e-008	1.604538e-012	1.000000e+000
3.639321209587000e-008	2.654502e-012	1.000000e+000
3.668618084587000e-008	4.365698e-012	1.000000e+000
3.697914959587000e-008	7.138193e-012	1.000000e+000
3.727211834587001e-008	1.160413e-011	1.000000e+000
3.756508709587001e-008	1.875648e-011	1.000000e+000
3.785805584587001e-008	3.014599e-011	1.000000e+000
3.815102459587001e-008	4.818040e-011	1.000000e+000
3.844399334587001e-008	7.657684e-011	1.000000e+000
3.873696209587001e-008	1.210412e-010	1.000000e+000
3.902993084587001e-008	1.902828e-010	1.000000e+000
3.932289959587001e-008	2.975212e-010	1.000000e+000
3.961586834587001e-008	4.627105e-010	1.000000e+000
3.990883709587001e-008	7.158039e-010	1.000000e+000
4.020180584587001e-008	1.101519e-009	1.000000e+000
4.049477459587001e-008	1.686251e-009	1.000000e+000
4.078774334587001e-008	2.568052e-009	1.000000e+000
4.108071209587001e-008	3.890944e-009	1.000000e+000
4.137368084587001e-008	5.865343e-009	1.000000e+000
4.166664959587001e-008	8.797039e-009	1.000000e+000
4.195961834587001e-008	1.312808e-008	1.000000e+000
4.225258709587001e-008	1.949413e-008	1.000000e+000
4.254555584587001e-008	2.880450e-008	1.000000e+000
4.283852459587001e-008	4.235321e-008	1.000000e+000
4.313149334587002e-008	6.197219e-008	1.000000e+000
4.342446209587002e-008	9.024156e-008	1.000000e+000
4.371743084587002e-008	1.307765e-007	1.000000e+000
4.401039959587002e-008	1.886167e-007	1.000000e+000
4.430336834587002e-008	2.707518e-007	1.000000e+000
4.459633709587002e-008	3.868266e-007	1.000000e+000
4.488930584587002e-008	5.500823e-007	1.000000e+000
4.518227459587002e-008	7.786060e-007	1.000000e+000
4.547524334587002e-008	1.096979e-006	1.000000e+000
4.576821209587002e-008	1.538441e-006	1.000000e+000
4.606118084587002e-008	2.147715e-006	1.000000e+000
4.635414959587002e-008	2.984671e-006	1.000000e+000
4.664711834587002e-008	4.129054e-006	1.000000e+000
4.694008709587002e-008	5.686553e-006	1.000000e+000
4.723305584587002e-008	7.796538e-006	1.000000e+000
4.752602459587002e-008	1.064187e-005	1.000000e+000
4.781899334587002e-008	1.446127e-005	1.000000e+000
4.811196209587002e-008	1.956484e-005	1.000000e+000
4.840493084587002e-008	2.635334e-005	1.000000e+000
4.869789959587002e-008	3.534211e-005	1.000000e+000
4.899086834587003e-008	4.719049e-005	1.000000e+000
4.928383709587003e-008	6.273775e-005	1.000000e+000
4.957680584587003e-008	8.304682e-005	1.000000e+000
4.986977459587003e-008	1.094570e-004	1.000000e+000
5.016274334587003e-008	1.436469e-004	1.000000e+000
5.045571209587003e-008	1.877103e-004	1.000000e+000
5.074868084587003e-008	2.442442e-004	1.000000e+000
5.104164959587003e-008	3.164538e-004	1.000000e+000
5.133461834587003e-008	4.082738e-004	1.000000e+000
5.162758709587003e-008	5.245087e-004	1.000000e+000
5.192055584587003e-008	6.689506e-004	1.000000e+000
5.215401928795157e-008	8.088929e-004	1.000000e+000
5.235786709043311e-008	9.548102e-004	1.000000e+000
5.257033527764935e-008	1.134033e-003	1.000000e+000
5.279533441559221e-008	1.358076e-003	1.000000e+000
5.304378538952502e-008	1.652650e-003	1.000000e+000
5.330840894856818e-008	2.030236e-003	1.000000e+000
5.359572802105393e-008	2.527498e-003	1.000000e+000
5.388869677105393e-008	3.142154e-003	1.000000e+000
5.416333565131180e-008	3.835200e-003	1.000000e+000
5.441334149609249e-008	4.585858e-003	1.000000e+000
5.465942305186180e-008	5.455406e-003	1.000000e+000
5.490369352616912e-008	6.468956e-003	1.000000e+000
5.517788904012939e-008	7.809734e-003	1.000000e+000
5.547085779012939e-008	9.503422e-003	1.000000e+000
5.576382654012939e-008	1.151048e-002	1.000000e+000
5.605679529012939e-008	1.388365e-002	1.000000e+000
5.634976404012939e-008	1.667674e-002	1.000000e+000
5.664273279012939e-008	1.994879e-002	1.000000e+000
5.693570154012939e-008	2.375337e-002	1.000000e+000
5.720935485166424e-008	2.784829e-002	1.000000e+000
5.746774125442977e-008	3.226221e-002	1.000000e+000
5.771938460210252e-008	3.714345e-002	1.000000e+000
5.799620744919730e-008	4.323215e-002	1.000000e+000
5.828917619919730e-008	5.053674e-002	1.000000e+000
5.858214494919730e-008	5.881455e-002	1.000000e+000
5.887511369919731e-008	6.816437e-002	1.000000e+000
5.916808244919731e-008	7.864740e-002	1.000000e+000
5.943780678295714e-008	8.938216e-002	1.000000e+000
5.969670893684391e-008	1.007620e-001	1.000000e+000
5.996071098236163e-008	1.134683e-001	1.000000e+000
6.020396524584976e-008	1.262139e-001	1.000000e+000
6.045110827682209e-008	1.402410e-001	1.000000e+000
6.069589736569270e-008	1.552673e-001	1.000000e+000
6.098886611569269e-008	1.747042e-001	1.000000e+000
6.128183486569269e-008	1.956773e-001	1.000000e+000
6.157480361569268e-008	2.182589e-001	1.000000e+000
6.186777236569267e-008	2.424054e-001	1.000000e+000
6.213633783070352e-008	2.659024e-001	1.000000e+000
6.239180496627280e-008	2.894488e-001	1.000000e+000
6.263088719540190e-008	3.125044e-001	1.000000e+000
6.287432501523853e-008	3.369289e-001	1.000000e+000
6.311139307549749e-008	3.615541e-001	1.000000e+000
6.334608586425789e-008	3.867213e-001	1.000000e+000
6.363232300471411e-008	4.183001e-001	1.000000e+000
6.392529175471411e-008	4.514025e-001	1.000000e+000
6.418921197045072e-008	4.818022e-001	1.000000e+000
6.448218072045072e-008	5.159908e-001	1.000000e+000
6.477514947045071e-008	5.504000e-001	1.000000e+000
6.503059633036731e-008	5.804104e-001	1.000000e+000
6.529141561229274e-008	6.108819e-001	1.000000e+000
6.552949825624683e-008	6.383919e-001	1.000000e+000
6.576872492263341e-008	6.655960e-001	1.000000e+000
6.599667718255230e-008	6.909645e-001	1.000000e+000
6.625436499174574e-008	7.188639e-001	1.000000e+000
6.650559759848293e-008	7.451287e-001	1.000000e+000
6.678255234744963e-008	7.728247e-001	1.000000e+000
6.707552109744963e-008	8.006553e-001	1.000000e+000
6.732067726807512e-008	8.226293e-001	1.000000e+000
6.755380332303406e-008	8.422428e-001	1.000000e+000
6.778829204453898e-008	8.606697e-001	1.000000e+000
6.803898025517999e-008	8.789420e-001	1.000000e+000
6.827748448072254e-008	8.949443e-001	1.000000e+000
6.850809527377033e-008	9.090847e-001	1.000000e+000
6.873188129030632e-008	9.214678e-001	1.000000e+000
6.902031354333883e-008	9.356375e-001	1.000000e+000
6.931328229333882e-008	9.482338e-001	1.000000e+000
6.956137577023208e-008	9.574022e-001	1.000000e+000
6.981347731883957e-008	9.653375e-001	1.000000e+000
7.005797493623705e-008	9.718586e-001	1.000000e+000
7.028898300512100e-008	9.770166e-001	1.000000e+000
7.051431918647929e-008	9.811770e-001	1.000000e+000
7.074155946547315e-008	9.845886e-001	1.000000e+000
7.097688418202889e-008	9.874047e-001	1.000000e+000
7.119818384125783e-008	9.894290e-001	1.000000e+000
7.148712182498651e-008	9.913340e-001	1.000000e+000
7.178009057498650e-008	9.926389e-001	1.000000e+000
7.203218410238147e-008	9.933133e-001	1.000000e+000
7.229985766641604e-008	9.936828e-001	1.000000e+000
7.254717015335634e-008	9.938104e-001	1.000000e+000
7.278177426589456e-008	9.937993e-001	1.000000e+000
7.302146236987315e-008	9.937162e-001	1.000000e+000
7.326688128205863e-008	9.936079e-001	1.000000e+000
7.349544219310240e-008	9.935217e-001	1.000000e+000
7.371788382830167e-008	9.934807e-001	1.000000e+000
7.395212199462144e-008	9.935060e-001	1.000000e+000
7.419836431254249e-008	9.936222e-001	1.000000e+000
7.442852037862127e-008	9.938331e-001	1.000000e+000
7.472148912862126e-008	9.942403e-001	1.000000e+000
7.495826828827610e-008	9.946813e-001	1.000000e+000
7.517978055583052e-008	9.951965e-001	1.000000e+000
7.540283652062889e-008	9.958071e-001	1.000000e+000
7.562169125109981e-008	9.964896e-001	1.000000e+000
7.584439465622266e-008	9.972627e-001	1.000000e+000
7.606524891672264e-008	9.980994e-001	1.000000e+000
7.628210618356175e-008	9.989855e-001	1.000000e+000
7.656892873318326e-008	1.000235e+000	1.000000e+000
7.686189748318325e-008	1.001574e+000	1.000000e+000
7.708872256320749e-008	1.002647e+000	1.000000e+000
7.729658139882633e-008	1.003650e+000	1.000000e+000
7.750543006517732e-008	1.004663e+000	1.000000e+000
7.772794468964128e-008	1.005738e+000	1.000000e+000
7.795443825670817e-008	1.006814e+000	1.000000e+000
7.817494476603409e-008	1.007830e+000	1.000000e+000
7.839995560985542e-008	1.008822e+000	1.000000e+000
7.861648439334126e-008	1.009720e+000	1.000000e+000
7.883189553181999e-008	1.010543e+000	1.000000e+000
7.905108818435713e-008	1.011294e+000	1.000000e+000
7.930379630629459e-008	1.012039e+000	1.000000e+000
7.955997816884762e-008	1.012645e+000	1.000000e+000
7.985294691884761e-008	1.013143e+000	1.000000e+000
8.011741167044477e-008	1.013407e+000	1.000000e+000
8.036664201756493e-008	1.013477e+000	1.000000e+000
8.062214765854309e-008	1.013379e+000	1.000000e+000
8.083721885254542e-008	1.013167e+000	1.000000e+000
8.105472837423938e-008	1.012834e+000	1.000000e+000
8.126438955116368e-008	1.012413e+000	1.000000e+000
8.154363819317076e-008	1.011733e+000	1.000000e+000
8.183660694317076e-008	1.010925e+000	1.000000e+000
8.212957569317075e-008	1.010062e+000	1.000000e+000
8.242254444317075e-008	1.009202e+000	1.000000e+000
8.271551319317074e-008	1.008399e+000	1.000000e+000
8.298603483185177e-008	1.007751e+000	1.000000e+000
8.319462624899243e-008	1.007339e+000	1.000000e+000
8.335686303907470e-008	1.007091e+000	1.000000e+000
8.352964634771120e-008	1.006905e+000	1.000000e+000
8.370879602852975e-008	1.006800e+000	1.000000e+000
8.391824965027531e-008	1.006796e+000	1.000000e+000
8.416228297862522e-008	1.006943e+000	1.000000e+000
8.440646675287981e-008	1.007250e+000	1.000000e+000
8.467415854659804e-008	1.007757e+000	1.000000e+000
8.495369272390935e-008	1.008441e+000	1.000000e+000
8.524666147390935e-008	1.009280e+000	1.000000e+000
8.551899977704866e-008	1.010122e+000	1.000000e+000
8.574262769171660e-008	1.010823e+000	1.000000e+000
8.594549838996785e-008	1.011438e+000	1.000000e+000
8.615005421707644e-008	1.012007e+000	1.000000e+000
8.637966329304778e-008	1.012552e+000	1.000000e+000
8.667263204304778e-008	1.013077e+000	1.000000e+000
8.696560079304777e-008	1.013386e+000	1.000000e+000
8.725856954304776e-008	1.013442e+000	1.000000e+000
8.755153829304776e-008	1.013241e+000	1.000000e+000
8.784450704304775e-008	1.012805e+000	1.000000e+000
8.809357483924114e-008	1.012267e+000	1.000000e+000
8.834599932117029e-008	1.011597e+000	1.000000e+000
8.854323448699589e-008	1.011012e+000	1.000000e+000
8.874362238059360e-008	1.010384e+000	1.000000e+000
8.894776276012068e-008	1.009743e+000	1.000000e+000
8.922631908295601e-008	1.008914e+000	1.000000e+000
8.951928783295601e-008	1.008150e+000	1.000000e+000
8.981225658295600e-008	1.007556e+000	1.000000e+000
9.010522533295599e-008	1.007180e+000	1.000000e+000
9.039819408295599e-008	1.007051e+000	1.000000e+000
9.069116283295598e-008	1.007173e+000	1.000000e+000
9.098413158295598e-008	1.007532e+000	1.000000e+000
9.127710033295597e-008	1.008090e+000	1.000000e+000
9.157006908295596e-008	1.008793e+000	1.000000e+000
9.186303783295596e-008	1.009572e+000	1.000000e+000
9.215600658295595e-008	1.010354e+000	1.000000e+000
9.244897533295594e-008	1.011064e+000	1.000000e+000
9.274194408295594e-008	1.011634e+000	1.000000e+000
9.303491283295593e-008	1.012010e+000	1.000000e+000
9.332788158295593e-008	1.012157e+000	1.000000e+000
9.362085033295592e-008	1.012059e+000	1.000000e+000
9.391381908295591e-008	1.011725e+000	1.000000e+000
9.420678783295591e-008	1.011185e+000	1.000000e+000
9.449975658295590e-008	1.010490e+000	1.000000e+000
9.479272533295590e-008	1.009704e+000	1.000000e+000
9.508569408295589e-008	1.008898e+000	1.000000e+000
9.537866283295588e-008	1.008147e+000	1.000000e+000
9.567163158295588e-008	1.007519e+000	1.000000e+000
9.596460033295587e-008	1.007068e+000	1.000000e+000
9.625756908295587e-008	1.006833e+000	1.000000e+000
9.655053783295586e-008	1.006830e+000	1.000000e+000
9.684350658295585e-008	1.007051e+000	1.000000e+000
9.713647533295585e-008	1.007468e+000	1.000000e+000
9.742944408295584e-008	1.008033e+000	1.000000e+000
9.772241283295583e-008	1.008683e+000	1.000000e+000
9.801538158295583e-008	1.009349e+000	1.000000e+000
9.830835033295582e-008	1.009958e+000	1.000000e+000
9.860131908295582e-008	1.010446e+000	1.000000e+000
9.889428783295581e-008	1.010762e+000	1.000000e+000
9.918725658295580e-008	1.010871e+000	1.000000e+000
9.948022533295580e-008	1.010762e+000	1.000000e+000
9.977319408295579e-008	1.010444e+000	1.000000e+000
1.000661628329558e-007	1.009950e+000	1.000000e+000
1.003591315829558e-007	1.009328e+000	1.000000e+000
1.006521003329558e-007	1.008641e+000	1.000000e+000
1.009450690829558e-007	1.007958e+000	1.000000e+000
1.012380378329558e-007	1.007344e+000	1.000000e+000
1.015310065829558e-007	1.006860e+000	1.000000e+000
1.018239753329558e-007	1.006549e+000	1.000000e+000
1.021169440829557e-007	1.006439e+000	1.000000e+000
1.024099128329557e-007	1.006532e+000	1.000000e+000
1.027028815829557e-007	1.006811e+000	1.000000e+000
1.029958503329557e-007	1.007240e+000	1.000000e+000
1.032888190829557e-007	1.007765e+000	1.000000e+000
1.035817878329557e-007	1.008325e+000	1.000000e+000
1.038747565829557e-007	1.008854e+000	1.000000e+000
1.041677253329557e-007	1.009291e+000	1.000000e+000
1.044606940829557e-007	1.009585e+000	1.000000e+000
1.047536628329557e-007	1.009703e+000	1.000000e+000
1.050466315829557e-007	1.009629e+000	1.000000e+000
1.053396003329557e-007	1.009371e+000	1.000000e+000
1.056325690829557e-007	1.008955e+000	1.000000e+000
1.059255378329557e-007	1.008425e+000	1.000000e+000
1.062185065829557e-007	1.007837e+000	1.000000e+000
1.065114753329557e-007	1.007252e+000	1.000000e+000
1.068044440829556e-007	1.006731e+000	1.000000e+000
1.070974128329556e-007	1.006300e+000	1.000000e+000
1.072070312500000e-007	1.006174e+000	1.000000e+000
1.072807631659113e-007	1.006108e+000	1.000000e+000
1.073564539954677e-007	1.006050e+000	1.000000e+000
1.073799609592092e-007	1.006036e+000	1.000000e+000
1.074373147633561e-007	1.006006e+000	1.000000e+000
1.074693033583381e-007	1.005992e+000	1.000000e+000
1.075000000000000e-007	1.005981e+000	1.000000e+000
1.075030696641662e-007	1.005980e+000	9.995907e-001
1.075092089924986e-007	1.005978e+000	9.987721e-001
1.075214876491633e-007	1.005974e+000	9.971350e-001
1.075460449624929e-007	1.005969e+000	9.938607e-001
1.075951595891520e-007	1.005962e+000	9.873121e-001
1.076933888424702e-007	1.005969e+000	9.742148e-001
1.078898473491066e-007	1.006046e+000	9.480203e-001
1.081828160991066e-007	1.006281e+000	9.089578e-001
1.084757848491066e-007	1.006634e+000	8.698953e-001
1.087687535991066e-007	1.007072e+000	8.308328e-001
1.090617223491066e-007	1.007541e+000	7.917703e-001
1.093546910991066e-007	1.007982e+000	7.527078e-001
1.096476598491066e-007	1.008339e+000	7.136453e-001
1.099406285991066e-007	1.008570e+000	6.745828e-001
1.102335973491066e-007	1.008644e+000	6.355203e-001
1.105265660991066e-007	1.008551e+000	5.964578e-001
1.108195348491066e-007	1.008301e+000	5.573953e-001
1.111125035991065e-007	1.007918e+000	5.183328e-001
1.114054723491065e-007	1.007446e+000	4.792703e-001
1.116984410991065e-007	1.006935e+000	4.402078e-001
1.119914098491065e-007	1.006441e+000	4.011453e-001
1.122843785991065e-007	1.006017e+000	3.620828e-001
1.125773473491065e-007	1.005706e+000	3.230203e-001
1.128703160991065e-007	1.005537e+000	2.839578e-001
1.131632848491065e-007	1.005524e+000	2.448954e-001
1.134562535991065e-007	1.005661e+000	2.058329e-001
1.137492223491065e-007	1.005924e+000	1.667704e-001
1.140421910991065e-007	1.006276e+000	1.277079e-001
1.143351598491065e-007	1.006668e+000	8.864535e-002
1.146281285991065e-007	1.007061e+000	4.958285e-002
1.147070312500000e-007	1.007160e+000	3.906250e-002
1.148421946982129e-007	1.007310e+000	2.104071e-002
1.150000000000000e-007	1.007469e+000	0.000000e+000
1.150003471720468e-007	1.007470e+000	0.000000e+000
1.150010415161405e-007	1.007470e+000	0.000000e+000
1.150135397098268e-007	1.007481e+000	0.000000e+000
1.150260379035132e-007	1.007491e+000	0.000000e+000
1.150385360971995e-007	1.007501e+000	0.000000e+000
1.150510342908858e-007	1.007511e+000	0.000000e+000
1.150635324845721e-007	1.007521e+000	0.000000e+000
1.150760306782584e-007	1.007530e+000	0.000000e+000
1.150885288719447e-007	1.007539e+000	0.000000e+000
1.151774049159363e-007	1.007593e+000	0.000000e+000
1.153551570039195e-007	1.007657e+000	0.000000e+000
1.156481257539194e-007	1.007654e+000	0.000000e+000
1.159410945039194e-007	1.007520e+000	0.000000e+000
1.162340632539194e-007	1.007254e+000	0.000000e+000
1.165270320039194e-007	1.006886e+000	0.000000e+000
1.168200007539194e-007	1.006457e+000	0.000000e+000
1.171129695039194e-007	1.006015e+000	0.000000e+000
1.174059382539194e-007	1.005607e+000	0.000000e+000
1.176989070039194e-007	1.005273e+000	0.000000e+000
1.179295792502957e-007	1.005081e+000	0.000000e+000
1.181058344028665e-007	1.004992e+000	0.000000e+000
1.182717764994445e-007	1.004959e+000	0.000000e+000
1.184397547949785e-007	1.004973e+000	0.000000e+000
1.186344469325804e-007	1.005049e+000	0.000000e+000
1.188939462879094e-007	1.005228e+000	0.000000e+000
1.191869150379094e-007	1.005506e+000	0.000000e+000
1.194798837879094e-007	1.005831e+000	0.000000e+000
1.197728525379094e-007	1.006160e+000	0.000000e+000
1.200658212879094e-007	1.006452e+000	0.000000e+000
1.202968877595730e-007	1.006631e+000	0.000000e+000
1.205055540614301e-007	1.006732e+000	0.000000e+000
1.207175652571205e-007	1.006770e+000	0.000000e+000
1.209173363703934e-007	1.006742e+000	0.000000e+000
1.211477184805222e-007	1.006629e+000	0.000000e+000
1.214364597876337e-007	1.006392e+000	0.000000e+000
1.217294285376337e-007	1.006068e+000	0.000000e+000
1.220223972876337e-007	1.005692e+000	0.000000e+000
1.223153660376337e-007	1.005305e+000	0.000000e+000
1.226083347876337e-007	1.004951e+000	0.000000e+000
1.228989708332321e-007	1.004666e+000	0.000000e+000
1.231531414812171e-007	1.004492e+000	0.000000e+000
1.233389062246306e-007	1.004420e+000	0.000000e+000
1.235106881182902e-007	1.004403e+000	0.000000e+000
1.236857278951751e-007	1.004428e+000	0.000000e+000
1.238552586115789e-007	1.004495e+000	0.000000e+000
1.240879823996320e-007	1.004641e+000	0.000000e+000
1.243221413513287e-007	1.004832e+000	0.000000e+000
1.246151101013287e-007	1.005109e+000	0.000000e+000
1.249080788513287e-007	1.005389e+000	0.000000e+000
1.252010476013287e-007	1.005635e+000	0.000000e+000
1.254940163513287e-007	1.005810e+000	0.000000e+000
1.257869851013287e-007	1.005888e+000	0.000000e+000
1.260799538513287e-007	1.005855e+000	0.000000e+000
1.263729226013287e-007	1.005713e+000	0.000000e+000
1.266658913513287e-007	1.005478e+000	0.000000e+000
1.269194151214413e-007	1.005216e+000	0.000000e+000
1.271441837930506e-007	1.004956e+000	0.000000e+000
1.273908469882612e-007	1.004664e+000	0.000000e+000
1.276399240877988e-007	1.004389e+000	0.000000e+000
1.279328928377988e-007	1.004121e+000	0.000000e+000
1.282258615877988e-007	1.003928e+000	0.000000e+000
1.284649743498166e-007	1.003843e+000	0.000000e+000
1.286661874537441e-007	1.003832e+000	0.000000e+000
1.289094994740468e-007	1.003886e+000	0.000000e+000
1.291391218879364e-007	1.003996e+000	0.000000e+000
1.294320906379364e-007	1.004196e+000	0.000000e+000
1.297250593879364e-007	1.004431e+000	0.000000e+000
1.300180281379365e-007	1.004668e+000	0.000000e+000
1.303109968879365e-007	1.004873e+000	0.000000e+000
1.306039656379365e-007	1.005012e+000	0.000000e+000
1.308969343879365e-007	1.005070e+000	0.000000e+000
1.311315010646727e-007	1.005044e+000	0.000000e+000
1.313699996568423e-007	1.004949e+000	0.000000e+000
1.316042173433911e-007	1.004795e+000	0.000000e+000
1.318971860933911e-007	1.004540e+000	0.000000e+000
1.321901548433911e-007	1.004246e+000	0.000000e+000
1.324831235933911e-007	1.003942e+000	0.000000e+000
1.327760923433911e-007	1.003664e+000	0.000000e+000
1.330690610933912e-007	1.003441e+000	0.000000e+000
1.333620298433912e-007	1.003297e+000	0.000000e+000
1.336549985933912e-007	1.003245e+000	0.000000e+000
1.339479673433912e-007	1.003284e+000	0.000000e+000
1.342409360933912e-007	1.003404e+000	0.000000e+000
1.345339048433912e-007	1.003580e+000	0.000000e+000
1.348268735933912e-007	1.003785e+000	0.000000e+000
1.351198423433912e-007	1.003985e+000	0.000000e+000
1.354128110933912e-007	1.004147e+000	0.000000e+000
1.357057798433912e-007	1.004247e+000	0.000000e+000
1.359987485933912e-007	1.004265e+000	0.000000e+000
1.362917173433912e-007	1.004196e+000	0.000000e+000
1.365846860933912e-007	1.004044e+000	0.000000e+000
1.368776548433912e-007	1.003825e+000	0.000000e+000
1.371706235933913e-007	1.003564e+000	0.000000e+000
1.374635923433913e-007	1.003291e+000	0.000000e+000
1.377565610933913e-007	1.003038e+000	0.000000e+000
1.380495298433913e-007	1.002831e+000	0.000000e+000
1.383424985933913e-007	1.002694e+000	0.000000e+000
1.386354673433913e-007	1.002638e+000	0.000000e+000
1.389284360933913e-007	1.002663e+000	0.000000e+000
1.392214048433913e-007	1.002760e+000	0.000000e+000
1.395143735933913e-007	1.002910e+000	0.000000e+000
1.398073423433913e-007	1.003086e+000	0.000000e+000
1.401003110933913e-007	1.003258e+000	0.000000e+000
1.403932798433913e-007	1.003398e+000	0.000000e+000
1.406862485933913e-007	1.003481e+000	0.000000e+000
1.409792173433913e-007	1.003493e+000	0.000000e+000
1.412721860933914e-007	1.003425e+000	0.000000e+000
1.415651548433914e-007	1.003285e+000	0.000000e+000
1.418581235933914e-007	1.003085e+000	0.000000e+000
1.421510923433914e-007	1.002848e+000	0.000000e+000
1.424440610933914e-007	1.002602e+000	0.000000e+000
1.427370298433914e-007	1.002375e+000	0.000000e+000
1.430299985933914e-007	1.002191e+000	0.000000e+000
1.433229673433914e-007	1.002069e+000	0.000000e+000
1.436159360933914e-007	1.002021e+000	0.000000e+000
1.439089048433914e-007	1.002045e+000	0.000000e+000
1.442018735933914e-007	1.002132e+000	0.000000e+000
1.444948423433914e-007	1.002264e+000	0.000000e+000
1.447878110933914e-007	1.002417e+000	0.000000e+000
1.450807798433914e-007	1.002567e+000	0.000000e+000
1.452648916330911e-007	1.002647e+000	0.000000e+000
1.454695668266716e-007	1.002713e+000	0.000000e+000
1.456706485888273e-007	1.002745e+000	0.000000e+000
1.459636173388273e-007	1.002734e+000	0.000000e+000
1.462565860888273e-007	1.002658e+000	0.000000e+000
1.465495548388273e-007	1.002517e+000	0.000000e+000
1.468425235888273e-007	1.002327e+000	0.000000e+000
1.471354923388273e-007	1.002108e+000	0.000000e+000
1.474284610888273e-007	1.001886e+000	0.000000e+000
1.477214298388273e-007	1.001681e+000	0.000000e+000
1.479082676136433e-007	1.001570e+000	0.000000e+000
1.480786307582575e-007	1.001490e+000	0.000000e+000
1.482317822573106e-007	1.001438e+000	0.000000e+000
1.484135854487346e-007	1.001403e+000	0.000000e+000
1.486716783093448e-007	1.001400e+000	0.000000e+000
1.489646470593448e-007	1.001450e+000	0.000000e+000
1.492576158093448e-007	1.001546e+000	0.000000e+000
1.495505845593448e-007	1.001672e+000	0.000000e+000
1.498435533093448e-007	1.001804e+000	0.000000e+000
1.501365220593448e-007	1.001918e+000	0.000000e+000
1.504294908093448e-007	1.001995e+000	0.000000e+000
1.506603989807456e-007	1.002019e+000	0.000000e+000
1.508583734556669e-007	1.002009e+000	0.000000e+000
1.510105774412196e-007	1.001978e+000	0.000000e+000
1.512121844511010e-007	1.001909e+000	0.000000e+000
1.514299799737972e-007	1.001804e+000	0.000000e+000
1.517229487237972e-007	1.001627e+000	0.000000e+000
1.520159174737972e-007	1.001427e+000	0.000000e+000
1.523088862237973e-007	1.001224e+000	0.000000e+000
1.526018549737973e-007	1.001040e+000	0.000000e+000
1.528948237237973e-007	1.000895e+000	0.000000e+000
1.531775126118550e-007	1.000800e+000	0.000000e+000
1.533542549712890e-007	1.000767e+000	0.000000e+000
1.534593008258693e-007	1.000760e+000	0.000000e+000
1.535767769625575e-007	1.000764e+000	0.000000e+000
1.537054168009734e-007	1.000779e+000	0.000000e+000
1.538485829600247e-007	1.000808e+000	0.000000e+000
1.540264610113563e-007	1.000859e+000	0.000000e+000
1.542947210008862e-007	1.000954e+000	0.000000e+000
1.545695298062887e-007	1.001061e+000	0.000000e+000
1.548605585214253e-007	1.001166e+000	0.000000e+000
1.551535272714253e-007	1.001244e+000	0.000000e+000
1.554464960214253e-007	1.001277e+000	0.000000e+000
1.557363340415135e-007	1.001256e+000	0.000000e+000
1.560162906995452e-007	1.001181e+000	0.000000e+000
1.562801752472236e-007	1.001064e+000	0.000000e+000
1.565239626915716e-007	1.000923e+000	0.000000e+000
1.567714743853885e-007	1.000757e+000	0.000000e+000
1.570300309434857e-007	1.000574e+000	0.000000e+000
1.572822349431924e-007	1.000397e+000	0.000000e+000
1.575330617969291e-007	1.000235e+000	0.000000e+000
1.577829848212672e-007	1.000097e+000	0.000000e+000
1.580408900295002e-007	9.999871e-001	0.000000e+000
1.583283063068018e-007	9.999023e-001	0.000000e+000
1.586212750568018e-007	9.998500e-001	0.000000e+000
1.588892879069338e-007	9.998229e-001	0.000000e+000
1.591822566569338e-007	9.997973e-001	0.000000e+000
1.594499720103767e-007	9.997590e-001	0.000000e+000
1.596799204320201e-007	9.996974e-001	0.000000e+000
1.599131489413048e-007	9.995895e-001	0.000000e+000
1.601784628651686e-007	9.993981e-001	0.000000e+000
1.604410021750593e-007	9.991386e-001	0.000000e+000
1.605506367257081e-007	9.990017e-001	0.000000e+000
1.606660812728204e-007	9.988304e-001	0.000000e+000
1.608056057383471e-007	9.985951e-001	0.000000e+000
1.609487653854807e-007	9.983214e-001	0.000000e+000
1.610970199636636e-007	9.979993e-001	0.000000e+000
1.612818228541238e-007	9.975430e-001	0.000000e+000
1.614926410353301e-007	9.969534e-001	0.000000e+000
1.616924219736794e-007	9.963223e-001	0.000000e+000
1.619058620907960e-007	9.955660e-001	0.000000e+000
1.621201319913950e-007	9.947177e-001	0.000000e+000
1.623657296149275e-007	9.936358e-001	0.000000e+000
1.625805109855721e-007	9.925861e-001	0.000000e+000
1.627932723158562e-007	9.914336e-001	0.000000e+000
1.630060663544708e-007	9.901495e-001	0.000000e+000
1.632704012912478e-007	9.883600e-001	0.000000e+000
1.635182210603759e-007	9.864493e-001	0.000000e+000
1.638111898103759e-007	9.838552e-001	0.000000e+000
1.640689455683772e-007	9.812260e-001	0.000000e+000
1.643289272971066e-007	9.781761e-001	0.000000e+000
1.645635731072775e-007	9.750289e-001	0.000000e+000
1.648079322895345e-007	9.712881e-001	0.000000e+000
1.650644179889044e-007	9.668298e-001	0.000000e+000
1.653072958021454e-007	9.620484e-001	0.000000e+000
1.655533810046124e-007	9.566203e-001	0.000000e+000
1.657510229237745e-007	9.517886e-001	0.000000e+000
1.659498073437940e-007	9.464602e-001	0.000000e+000
1.661331330829029e-007	9.411250e-001	0.000000e+000
1.663175180043811e-007	9.353090e-001	0.000000e+000
1.665273931943506e-007	9.281629e-001	0.000000e+000
1.667170509817163e-007	9.211739e-001	0.000000e+000
1.669570075934541e-007	9.116051e-001	0.000000e+000
1.671771759854510e-007	9.020908e-001	0.000000e+000
1.674391112256818e-007	8.898193e-001	0.000000e+000
1.676782814586608e-007	8.777086e-001	0.000000e+000
1.679235566046620e-007	8.643155e-001	0.000000e+000
1.681596434745752e-007	8.505276e-001	0.000000e+000
1.683538662070137e-007	8.384797e-001	0.000000e+000
1.685333831979998e-007	8.267061e-001	0.000000e+000
1.687454442245442e-007	8.120728e-001	0.000000e+000
1.689406091322015e-007	7.979475e-001	0.000000e+000
1.691178736469260e-007	7.845123e-001	0.000000e+000
1.693065451303939e-007	7.695832e-001	0.000000e+000
1.695038486172189e-007	7.532969e-001	0.000000e+000
1.697276376008688e-007	7.340299e-001	0.000000e+000
1.699539795384096e-007	7.137287e-001	0.000000e+000
1.701842112249761e-007	6.922147e-001	0.000000e+000
1.704715611049905e-007	6.643263e-001	0.000000e+000
1.707318784032823e-007	6.382023e-001	0.000000e+000
1.709731167352297e-007	6.132649e-001	0.000000e+000
1.712660854852297e-007	5.822778e-001	0.000000e+000
1.715260057124820e-007	5.543348e-001	0.000000e+000
1.717317380757416e-007	5.319802e-001	0.000000e+000
1.719433961490800e-007	5.088699e-001	0.000000e+000
1.721553065763035e-007	4.857321e-001	0.000000e+000
1.723691127924918e-007	4.624874e-001	0.000000e+000
1.725798389195390e-007	4.397715e-001	0.000000e+000
1.727783376812555e-007	4.186403e-001	0.000000e+000
1.729714702906709e-007	3.984160e-001	0.000000e+000
1.731666293522162e-007	3.783990e-001	0.000000e+000
1.733740706300178e-007	3.576595e-001	0.000000e+000
1.735847345266235e-007	3.372551e-001	0.000000e+000
1.738112251116128e-007	3.161674e-001	0.000000e+000
1.740570230035071e-007	2.943678e-001	0.000000e+000
1.743122701080385e-007	2.729644e-001	0.000000e+000
1.745241016841028e-007	2.562652e-001	0.000000e+000
1.747154651688507e-007	2.421509e-001	0.000000e+000
1.749149164071239e-007	2.284431e-001	0.000000e+000
1.751183873634005e-007	2.155391e-001	0.000000e+000
1.753406781140398e-007	2.027706e-001	0.000000e+000
1.756052309888528e-007	1.892761e-001	0.000000e+000
1.758492091295466e-007	1.785031e-001	0.000000e+000
1.760983114892057e-007	1.692196e-001	0.000000e+000
1.763193666472804e-007	1.624117e-001	0.000000e+000
1.765278059533413e-007	1.572739e-001	0.000000e+000
1.767375760620060e-007	1.532688e-001	0.000000e+000
1.769186227095179e-007	1.507162e-001	0.000000e+000
1.770777207773165e-007	1.491871e-001	0.000000e+000
1.772331444498497e-007	1.483228e-001	0.000000e+000
1.774010766951765e-007	1.480246e-001	0.000000e+000
1.775685232973644e-007	1.483479e-001	0.000000e+000
1.777500446673760e-007	1.493495e-001	0.000000e+000
1.779251717513622e-007	1.509278e-001	0.000000e+000
1.781309646367434e-007	1.535008e-001	0.000000e+000
1.783721145381654e-007	1.573107e-001	0.000000e+000
1.786043251427628e-007	1.616823e-001	0.000000e+000
1.788277760146553e-007	1.664634e-001	0.000000e+000
1.790387180002148e-007	1.714010e-001	0.000000e+000
1.792528091966758e-007	1.767372e-001	0.000000e+000
1.794649900214253e-007	1.822533e-001	0.000000e+000
1.796727947010296e-007	1.877976e-001	0.000000e+000
1.798901349112228e-007	1.936635e-001	0.000000e+000
1.801129999552917e-007	1.996679e-001	0.000000e+000
1.803314645781481e-007	2.054700e-001	0.000000e+000
1.805513141170185e-007	2.111587e-001	0.000000e+000
1.807600506144865e-007	2.163623e-001	0.000000e+000
1.809685902737406e-007	2.213029e-001	0.000000e+000
1.812108514333056e-007	2.266739e-001	0.000000e+000
1.814551619241372e-007	2.316411e-001	0.000000e+000
1.817082344799158e-007	2.362532e-001	0.000000e+000
1.819405725533886e-007	2.399788e-001	0.000000e+000
1.821310652447268e-007	2.426132e-001	0.000000e+000
1.823143008951456e-007	2.447442e-001	0.000000e+000
1.825100333084149e-007	2.465746e-001	0.000000e+000
1.827252219145241e-007	2.480581e-001	0.000000e+000
1.829384369210036e-007	2.489718e-001	0.000000e+000
1.831364472627398e-007	2.492824e-001	0.000000e+000
1.833354337489067e-007	2.490151e-001	0.000000e+000
1.835801285343980e-007	2.479658e-001	0.000000e+000
1.837807151294081e-007	2.464920e-001	0.000000e+000
1.839938764923915e-007	2.442534e-001	0.000000e+000
1.842078919371138e-007	2.413437e-001	0.000000e+000
1.844299726718315e-007	2.376195e-001	0.000000e+000
1.846543753519362e-007	2.331441e-001	0.000000e+000
1.848770225574671e-007	2.280258e-001	0.000000e+000
1.850710928538868e-007	2.230075e-001	0.000000e+000
1.852666798429638e-007	2.174123e-001	0.000000e+000
1.854878083335454e-007	2.105091e-001	0.000000e+000
1.857087889855105e-007	2.030356e-001	0.000000e+000
1.859546337176867e-007	1.941030e-001	0.000000e+000
1.861871042398416e-007	1.851391e-001	0.000000e+000
1.863784715029531e-007	1.773877e-001	0.000000e+000
1.865731696393831e-007	1.691896e-001	0.000000e+000
1.867560801349751e-007	1.612340e-001	0.000000e+000
1.869980806523262e-007	1.504054e-001	0.000000e+000
1.872473541456066e-007	1.390003e-001	0.000000e+000
1.874260590801332e-007	1.306845e-001	0.000000e+000
1.875944525869262e-007	1.227607e-001	0.000000e+000
1.877770520849674e-007	1.141144e-001	0.000000e+000
1.879716745133937e-007	1.048736e-001	0.000000e+000
1.881925172276161e-007	9.440045e-002	0.000000e+000
1.884284857095181e-007	8.327460e-002	0.000000e+000
1.886613577036547e-007	7.241418e-002	0.000000e+000
1.888992480642973e-007	6.149924e-002	0.000000e+000
1.891405341040028e-007	5.066644e-002	0.000000e+000
1.893822469524397e-007	4.010376e-002	0.000000e+000
1.896146974597516e-007	3.026727e-002	0.000000e+000
1.898434873379942e-007	2.094028e-002	0.000000e+000
1.900740494720331e-007	1.193730e-002	0.000000e+000
1.903139092410524e-007	3.012608e-003	0.000000e+000
1.905311283677810e-007	-4.668527e-003	0.000000e+000
1.907028883907856e-007	-1.042805e-002	0.000000e+000
1.908774565194785e-007	-1.597427e-002	0.000000e+000
1.910510728530251e-007	-2.116596e-002	0.000000e+000
1.912787610572524e-007	-2.751362e-002	0.000000e+000
1.914861768974283e-007	-3.282846e-002	0.000000e+000
1.917212728284500e-007	-3.823661e-002	0.000000e+000
1.920031178677381e-007	-4.397798e-002	0.000000e+000
1.922122002527859e-007	-4.769732e-002	0.000000e+000
1.923842211203003e-007	-5.033728e-002	0.000000e+000
1.925589470795737e-007	-5.264331e-002	0.000000e+000
1.927327299898356e-007	-5.454665e-002	0.000000e+000
1.929715826302183e-007	-5.658326e-002	0.000000e+000
1.932058149391749e-007	-5.796076e-002	0.000000e+000
1.934627558367940e-007	-5.874834e-002	0.000000e+000
1.937104556370195e-007	-5.885364e-002	0.000000e+000
1.939126958460056e-007	-5.845261e-002	0.000000e+000
1.940956052274719e-007	-5.770534e-002	0.000000e+000
1.942779002315061e-007	-5.662412e-002	0.000000e+000
1.944724641160867e-007	-5.514315e-002	0.000000e+000
1.946597810450095e-007	-5.342472e-002	0.000000e+000
1.948583916738683e-007	-5.130919e-002	0.000000e+000
1.950993958097063e-007	-4.842549e-002	0.000000e+000
1.953440673744811e-007	-4.523393e-002	0.000000e+000
1.955718337643080e-007	-4.208563e-002	0.000000e+000
1.958181909732537e-007	-3.858337e-002	0.000000e+000
1.960138200319449e-007	-3.579839e-002	0.000000e+000
1.962135904255993e-007	-3.301197e-002	0.000000e+000
1.964006115776605e-007	-3.051448e-002	0.000000e+000
1.966138699894187e-007	-2.784974e-002	0.000000e+000
1.968092474886324e-007	-2.562142e-002	0.000000e+000
1.969932770243318e-007	-2.376676e-002	0.000000e+000
1.971904261726475e-007	-2.208904e-002	0.000000e+000
1.974190251176143e-007	-2.055947e-002	0.000000e+000
1.976515814022816e-007	-1.948526e-002	0.000000e+000
1.978884296947266e-007	-1.892172e-002	0.000000e+000
1.981214909743005e-007	-1.890638e-002	0.000000e+000
1.983737630571459e-007	-1.945961e-002	0.000000e+000
1.986093210842390e-007	-2.047705e-002	0.000000e+000
1.988519000955279e-007	-2.200151e-002	0.000000e+000
1.991179571752367e-007	-2.412265e-002	0.000000e+000
1.993948804048838e-007	-2.667726e-002	0.000000e+000
1.995323038464975e-007	-2.805620e-002	0.000000e+000
1.996096760390019e-007	-2.886938e-002	0.000000e+000
1.997212177646819e-007	-3.006711e-002	0.000000e+000
1.998559087971569e-007	-3.153042e-002	0.000000e+000
2.000236323832827e-007	-3.335455e-002	0.000000e+000
2.002542179834626e-007	-3.581928e-002	0.000000e+000
2.004936221243718e-007	-3.826270e-002	0.000000e+000
2.007693367919696e-007	-4.085912e-002	0.000000e+000
2.010276852899050e-007	-4.302097e-002	0.000000e+000
2.012811006033728e-007	-4.483466e-002	0.000000e+000
2.015160447185095e-007	-4.621737e-002	0.000000e+000
2.017594546535746e-007	-4.732447e-002	0.000000e+000
2.020524234035746e-007	-4.826568e-002	0.000000e+000
2.023453921535746e-007	-4.885057e-002	0.000000e+000
2.025640272195185e-007	-4.905701e-002	0.000000e+000
2.027828264796457e-007	-4.907474e-002	0.000000e+000
2.030581156962662e-007	-4.891424e-002	0.000000e+000
2.033206069904512e-007	-4.862422e-002	0.000000e+000
2.035585347636393e-007	-4.826824e-002	0.000000e+000
2.037964202868701e-007	-4.785136e-002	0.000000e+000
2.040315420440530e-007	-4.740062e-002	0.000000e+000
2.042719668981722e-007	-4.691278e-002	0.000000e+000
2.045077950003565e-007	-4.641253e-002	0.000000e+000
2.048007637503565e-007	-4.576211e-002	0.000000e+000
2.050907288852946e-007	-4.508113e-002	0.000000e+000
2.053831086329453e-007	-4.434821e-002	0.000000e+000
2.056017260021422e-007	-4.375962e-002	0.000000e+000
2.058486757470946e-007	-4.304537e-002	0.000000e+000
2.061055944330880e-007	-4.225327e-002	0.000000e+000
2.063480993429527e-007	-4.146421e-002	0.000000e+000
2.065835459758844e-007	-4.066973e-002	0.000000e+000
2.068014642317359e-007	-3.992341e-002	0.000000e+000
2.070000954030878e-007	-3.924927e-002	0.000000e+000
2.072165599946880e-007	-3.854075e-002	0.000000e+000
2.074339651253309e-007	-3.787993e-002	0.000000e+000
2.076799981695787e-007	-3.722357e-002	0.000000e+000
2.079433753958568e-007	-3.665538e-002	0.000000e+000
2.081906247570488e-007	-3.628153e-002	0.000000e+000
2.084362389467170e-007	-3.609823e-002	0.000000e+000
2.087042871919210e-007	-3.612993e-002	0.000000e+000
2.089972559419211e-007	-3.643701e-002	0.000000e+000
2.092902246919211e-007	-3.700091e-002	0.000000e+000
2.094949346934618e-007	-3.754884e-002	0.000000e+000
2.096821431005277e-007	-3.816026e-002	0.000000e+000
2.098711966515116e-007	-3.885899e-002	0.000000e+000
2.100885785053716e-007	-3.973207e-002	0.000000e+000
2.103108453318284e-007	-4.066815e-002	0.000000e+000
2.105256890259005e-007	-4.157959e-002	0.000000e+000
2.108186577759005e-007	-4.277039e-002	0.000000e+000
2.111116265259005e-007	-4.384654e-002	0.000000e+000
2.113561717782944e-007	-4.459521e-002	0.000000e+000
2.116223753977396e-007	-4.520903e-002	0.000000e+000
2.118728362854447e-007	-4.558136e-002	0.000000e+000
2.120977381180255e-007	-4.572094e-002	0.000000e+000
2.123312408325062e-007	-4.567545e-002	0.000000e+000
2.125271787282283e-007	-4.549188e-002	0.000000e+000
2.127248753037668e-007	-4.517200e-002	0.000000e+000
2.129468571725735e-007	-4.467776e-002	0.000000e+000
2.132162975548882e-007	-4.393551e-002	0.000000e+000
2.135045295688020e-007	-4.302977e-002	0.000000e+000
2.137974983188021e-007	-4.205569e-002	0.000000e+000
2.140904670688021e-007	-4.110067e-002	0.000000e+000
2.143834358188021e-007	-4.023442e-002	0.000000e+000
2.146764045688021e-007	-3.950841e-002	0.000000e+000
2.149310433557223e-007	-3.902937e-002	0.000000e+000
2.151896255559690e-007	-3.870124e-002	0.000000e+000
2.153881147886893e-007	-3.856279e-002	0.000000e+000
2.155805749394594e-007	-3.852995e-002	0.000000e+000
2.157911386615179e-007	-3.858623e-002	0.000000e+000
2.159650084231007e-007	-3.869690e-002	0.000000e+000
2.161299721554331e-007	-3.885563e-002	0.000000e+000
2.164038271081008e-007	-3.918710e-002	0.000000e+000
2.166967958581008e-007	-3.958287e-002	0.000000e+000
2.169897646081008e-007	-3.998205e-002	0.000000e+000
2.172277204792135e-007	-4.027784e-002	0.000000e+000
2.174130921838758e-007	-4.047149e-002	0.000000e+000
2.175809228463216e-007	-4.060994e-002	0.000000e+000
2.177190873965262e-007	-4.069372e-002	0.000000e+000
2.178541344111599e-007	-4.074695e-002	0.000000e+000
2.179828361367766e-007	-4.076752e-002	0.000000e+000
2.181990609540975e-007	-4.074562e-002	0.000000e+000
2.184336091716200e-007	-4.065558e-002	0.000000e+000
2.187265779216200e-007	-4.046426e-002	0.000000e+000
2.190195466716200e-007	-4.022030e-002	0.000000e+000
2.192692089164987e-007	-3.999728e-002	0.000000e+000
2.195409392040738e-007	-3.977514e-002	0.000000e+000
2.198235057456133e-007	-3.959506e-002	0.000000e+000
2.200337868817784e-007	-3.951345e-002	0.000000e+000
2.202230604825313e-007	-3.949494e-002	0.000000e+000
2.204422095132886e-007	-3.953763e-002	0.000000e+000
2.206480685407921e-007	-3.964075e-002	0.000000e+000
2.209018927859464e-007	-3.984522e-002	0.000000e+000
2.211795269711955e-007	-4.013910e-002	0.000000e+000
2.214525997631358e-007	-4.047323e-002	0.000000e+000
2.217317362952911e-007	-4.082362e-002	0.000000e+000
2.220021274644441e-007	-4.112842e-002	0.000000e+000
2.222950962144441e-007	-4.137487e-002	0.000000e+000
2.225880649644441e-007	-4.150001e-002	0.000000e+000
2.228534432400916e-007	-4.147559e-002	0.000000e+000
2.231464119900916e-007	-4.128329e-002	0.000000e+000
2.234393807400916e-007	-4.093024e-002	0.000000e+000
2.237323494900917e-007	-4.043774e-002	0.000000e+000
2.239921382036595e-007	-3.991321e-002	0.000000e+000
2.242007952144627e-007	-3.945241e-002	0.000000e+000
2.243795294865428e-007	-3.904771e-002	0.000000e+000
2.245736403684539e-007	-3.861858e-002	0.000000e+000
2.247763861293752e-007	-3.820414e-002	0.000000e+000
2.250261297382625e-007	-3.776999e-002	0.000000e+000
2.253190984882625e-007	-3.738475e-002	0.000000e+000
2.255619796248695e-007	-3.718935e-002	0.000000e+000
2.257840530127852e-007	-3.713190e-002	0.000000e+000
2.260136827235321e-007	-3.719850e-002	0.000000e+000
2.263066514735321e-007	-3.743835e-002	0.000000e+000
2.265996202235321e-007	-3.781178e-002	0.000000e+000
2.268556684243403e-007	-3.822545e-002	0.000000e+000
2.271343846442060e-007	-3.872413e-002	0.000000e+000
2.273735931061144e-007	-3.915743e-002	0.000000e+000
2.275337397352304e-007	-3.943295e-002	0.000000e+000
2.277192374602065e-007	-3.971880e-002	0.000000e+000
2.279358993694937e-007	-3.999168e-002	0.000000e+000
2.282288681194937e-007	-4.024651e-002	0.000000e+000
2.285218368694937e-007	-4.036219e-002	0.000000e+000
2.288148056194937e-007	-4.032868e-002	0.000000e+000
2.291077743694937e-007	-4.016034e-002	0.000000e+000
2.294007431194937e-007	-3.988542e-002	0.000000e+000
2.296937118694937e-007	-3.954160e-002	0.000000e+000
2.299857216703787e-007	-3.916946e-002	0.000000e+000
2.301752815051596e-007	-3.893070e-002	0.000000e+000
2.303954311232941e-007	-3.867212e-002	0.000000e+000
2.305635869629393e-007	-3.849647e-002	0.000000e+000
2.307494671539768e-007	-3.833111e-002	0.000000e+000
2.309179873257108e-007	-3.820967e-002	0.000000e+000
2.311138355346708e-007	-3.810363e-002	0.000000e+000
2.313074013493759e-007	-3.803304e-002	0.000000e+000
2.315169349503789e-007	-3.799132e-002	0.000000e+000
2.317288830949220e-007	-3.797731e-002	0.000000e+000
2.319245869799185e-007	-3.798260e-002	0.000000e+000
2.321350403196499e-007	-3.799773e-002	0.000000e+000
2.323582253087393e-007	-3.801244e-002	0.000000e+000
2.325762369399728e-007	-3.801415e-002	0.000000e+000
2.328303834833219e-007	-3.798926e-002	0.000000e+000
2.330950249923274e-007	-3.792704e-002	0.000000e+000
2.333408646912475e-007	-3.783218e-002	0.000000e+000
2.336137175465414e-007	-3.769113e-002	0.000000e+000
2.338621624255616e-007	-3.754171e-002	0.000000e+000
2.340580969791144e-007	-3.741876e-002	0.000000e+000
2.343015990688227e-007	-3.727454e-002	0.000000e+000
2.345033266329851e-007	-3.717463e-002	0.000000e+000
2.347134666598828e-007	-3.710732e-002	0.000000e+000
2.350064354098828e-007	-3.708580e-002	0.000000e+000
2.352994041598828e-007	-3.715605e-002	0.000000e+000
2.355923729098828e-007	-3.732353e-002	0.000000e+000
2.358179734408594e-007	-3.751905e-002	0.000000e+000
2.360466966405613e-007	-3.776969e-002	0.000000e+000
2.362785926480713e-007	-3.805644e-002	0.000000e+000
2.364950192892916e-007	-3.833573e-002	0.000000e+000
2.367371907990602e-007	-3.863807e-002	0.000000e+000
2.369565181609614e-007	-3.887883e-002	0.000000e+000
2.371987683705631e-007	-3.908335e-002	0.000000e+000
2.374325955775882e-007	-3.919819e-002	0.000000e+000
2.376841393601867e-007	-3.920632e-002	0.000000e+000
2.379771081101867e-007	-3.906513e-002	0.000000e+000
2.382407515303159e-007	-3.880826e-002	0.000000e+000
2.384143445842982e-007	-3.856545e-002	0.000000e+000
2.385721333217871e-007	-3.829365e-002	0.000000e+000
2.387399259265990e-007	-3.796313e-002	0.000000e+000
2.389909004749531e-007	-3.742211e-002	0.000000e+000
2.392419137410185e-007	-3.686018e-002	0.000000e+000
2.395348824910185e-007	-3.622431e-002	0.000000e+000
2.398278512410185e-007	-3.566284e-002	0.000000e+000
2.400990659810616e-007	-3.526218e-002	0.000000e+000
2.403920347310616e-007	-3.499956e-002	0.000000e+000
2.406850034810616e-007	-3.492686e-002	0.000000e+000
2.409474893221143e-007	-3.502632e-002	0.000000e+000
2.411444927626859e-007	-3.520622e-002	0.000000e+000
2.413157458848365e-007	-3.543598e-002	0.000000e+000
2.415152055896837e-007	-3.577157e-002	0.000000e+000
2.417749702934473e-007	-3.627597e-002	0.000000e+000
2.420679390434473e-007	-3.688451e-002	0.000000e+000
2.423609077934473e-007	-3.747987e-002	0.000000e+000
2.426538765434473e-007	-3.800135e-002	0.000000e+000
2.429468452934473e-007	-3.839456e-002	0.000000e+000
2.432398140434474e-007	-3.862789e-002	0.000000e+000
2.434823632124033e-007	-3.867415e-002	0.000000e+000
2.437474159212710e-007	-3.856375e-002	0.000000e+000
2.440169937188455e-007	-3.829950e-002	0.000000e+000
2.443099624688455e-007	-3.786720e-002	0.000000e+000
2.446029312188455e-007	-3.732793e-002	0.000000e+000
2.448958999688455e-007	-3.673044e-002	0.000000e+000
2.451888687188455e-007	-3.612994e-002	0.000000e+000
2.454818374688455e-007	-3.557885e-002	0.000000e+000
2.457748062188455e-007	-3.512150e-002	0.000000e+000
2.460677749688455e-007	-3.479017e-002	0.000000e+000
2.463607437188455e-007	-3.460268e-002	0.000000e+000
2.466537124688455e-007	-3.456167e-002	0.000000e+000
2.469466812188455e-007	-3.465571e-002	0.000000e+000
2.472396499688455e-007	-3.486170e-002	0.000000e+000
2.475326187188455e-007	-3.514837e-002	0.000000e+000
2.478255874688455e-007	-3.548026e-002	0.000000e+000
2.481185562188456e-007	-3.582174e-002	0.000000e+000
2.484115249688456e-007	-3.614050e-002	0.000000e+000
2.487044937188456e-007	-3.641021e-002	0.000000e+000
2.489974624688456e-007	-3.661217e-002	0.000000e+000
2.492904312188456e-007	-3.673587e-002	0.000000e+000
2.495833999688456e-007	-3.677848e-002	0.000000e+000
2.498763687188456e-007	-3.674362e-002	0.000000e+000
2.501693374688456e-007	-3.663965e-002	0.000000e+000
2.504623062188456e-007	-3.647785e-002	0.000000e+000
2.507552749688456e-007	-3.627067e-002	0.000000e+000
2.510482437188456e-007	-3.603053e-002	0.000000e+000
2.513412124688456e-007	-3.576898e-002	0.000000e+000
2.516341812188456e-007	-3.549656e-002	0.000000e+000
2.519271499688456e-007	-3.522296e-002	0.000000e+000
2.522201187188457e-007	-3.495761e-002	0.000000e+000
2.525130874688457e-007	-3.471014e-002	0.000000e+000
2.528060562188457e-007	-3.449082e-002	0.000000e+000
2.530990249688457e-007	-3.431051e-002	0.000000e+000
2.533919937188457e-007	-3.418022e-002	0.000000e+000
2.536849624688457e-007	-3.411011e-002	0.000000e+000
2.539779312188457e-007	-3.410815e-002	0.000000e+000
2.542708999688457e-007	-3.417856e-002	0.000000e+000
2.545638687188457e-007	-3.432034e-002	0.000000e+000
2.548568374688457e-007	-3.452609e-002	0.000000e+000
2.551498062188457e-007	-3.478154e-002	0.000000e+000
2.554427749688457e-007	-3.506579e-002	0.000000e+000
2.557357437188457e-007	-3.535257e-002	0.000000e+000
2.560287124688457e-007	-3.561466e-002	0.000000e+000
2.562813466178595e-007	-3.579709e-002	0.000000e+000
2.565327620153738e-007	-3.591579e-002	0.000000e+000
2.567987256773042e-007	-3.595658e-002	0.000000e+000
2.570916944273042e-007	-3.589174e-002	0.000000e+000
2.573846631773042e-007	-3.570877e-002	0.000000e+000
2.576776319273042e-007	-3.541148e-002	0.000000e+000
2.579706006773042e-007	-3.501840e-002	0.000000e+000
2.582635694273042e-007	-3.455911e-002	0.000000e+000
2.585565381773042e-007	-3.407173e-002	0.000000e+000
2.588495069273042e-007	-3.359930e-002	0.000000e+000
2.591424756773042e-007	-3.318540e-002	0.000000e+000
2.594354444273042e-007	-3.286947e-002	0.000000e+000
2.597284131773042e-007	-3.268230e-002	0.000000e+000
2.600213819273043e-007	-3.264244e-002	0.000000e+000
2.603143506773043e-007	-3.275365e-002	0.000000e+000
2.606073194273043e-007	-3.300405e-002	0.000000e+000
2.609002881773043e-007	-3.336687e-002	0.000000e+000
2.611932569273043e-007	-3.380298e-002	0.000000e+000
2.614862256773043e-007	-3.426475e-002	0.000000e+000
2.617791944273043e-007	-3.470103e-002	0.000000e+000
2.620721631773043e-007	-3.506250e-002	0.000000e+000
2.623651319273043e-007	-3.530706e-002	0.000000e+000
2.626581006773043e-007	-3.541169e-002	0.000000e+000
2.628997537367372e-007	-3.537231e-002	0.000000e+000
2.631697602344894e-007	-3.519200e-002	0.000000e+000
2.634229018615142e-007	-3.490699e-002	0.000000e+000
2.637158706115142e-007	-3.446266e-002	0.000000e+000
2.640088393615142e-007	-3.394086e-002	0.000000e+000
2.643018081115142e-007	-3.338629e-002	0.000000e+000
2.645947768615142e-007	-3.285162e-002	0.000000e+000
2.648877456115142e-007	-3.238713e-002	0.000000e+000
2.651807143615142e-007	-3.203546e-002	0.000000e+000
2.654736831115142e-007	-3.182709e-002	0.000000e+000
2.657666518615143e-007	-3.177734e-002	0.000000e+000
2.660596206115143e-007	-3.188364e-002	0.000000e+000
2.663410043025313e-007	-3.211634e-002	0.000000e+000
2.665969739611390e-007	-3.242060e-002	0.000000e+000
2.668733885461198e-007	-3.281347e-002	0.000000e+000
2.671663572961198e-007	-3.325462e-002	0.000000e+000
2.674593260461198e-007	-3.367540e-002	0.000000e+000
2.677522947961198e-007	-3.403121e-002	0.000000e+000
2.680452635461198e-007	-3.428478e-002	0.000000e+000
2.683382322961198e-007	-3.441058e-002	0.000000e+000
2.686312010461198e-007	-3.439718e-002	0.000000e+000
2.689241697961199e-007	-3.424799e-002	0.000000e+000
2.692171385461199e-007	-3.398044e-002	0.000000e+000
2.695101072961199e-007	-3.362378e-002	0.000000e+000
2.698024615102894e-007	-3.321642e-002	0.000000e+000
2.700954302602894e-007	-3.279678e-002	0.000000e+000
2.703480016259712e-007	-3.245387e-002	0.000000e+000
2.705345514016984e-007	-3.222907e-002	0.000000e+000
2.707094742426443e-007	-3.205153e-002	0.000000e+000
2.708698016365907e-007	-3.192634e-002	0.000000e+000
2.711036399329821e-007	-3.180936e-002	0.000000e+000
2.713385143112774e-007	-3.177277e-002	0.000000e+000
2.716314830612774e-007	-3.184333e-002	0.000000e+000
2.719244518112774e-007	-3.202417e-002	0.000000e+000
2.721497467258267e-007	-3.224067e-002	0.000000e+000
2.724128634943608e-007	-3.256665e-002	0.000000e+000
2.727058322443608e-007	-3.298672e-002	0.000000e+000
2.729988009943608e-007	-3.344161e-002	0.000000e+000
2.732332354499222e-007	-3.381461e-002	0.000000e+000
2.734556128682823e-007	-3.416136e-002	0.000000e+000
2.737153738820814e-007	-3.454389e-002	0.000000e+000
2.739925543273561e-007	-3.491841e-002	0.000000e+000
2.742302504328456e-007	-3.520792e-002	0.000000e+000
2.744087452918875e-007	-3.540298e-002	0.000000e+000
2.745863778923783e-007	-3.557846e-002	0.000000e+000
2.747798508245577e-007	-3.575319e-002	0.000000e+000
2.750218704227941e-007	-3.595718e-002	0.000000e+000
2.753148391727941e-007	-3.619891e-002	0.000000e+000
2.755532673485111e-007	-3.640581e-002	0.000000e+000
2.757892276629580e-007	-3.663985e-002	0.000000e+000
2.760821964129580e-007	-3.699305e-002	0.000000e+000
2.763751651629580e-007	-3.743918e-002	0.000000e+000
2.766681339129580e-007	-3.800764e-002	0.000000e+000
2.769422039094522e-007	-3.866825e-002	0.000000e+000
2.771634656337746e-007	-3.931655e-002	0.000000e+000
2.774143591971364e-007	-4.018999e-002	0.000000e+000
2.776666595879238e-007	-4.120903e-002	0.000000e+000
2.778848195326251e-007	-4.222111e-002	0.000000e+000
2.781334160721024e-007	-4.353010e-002	0.000000e+000
2.783991080665731e-007	-4.510427e-002	0.000000e+000
2.786920768165731e-007	-4.704587e-002	0.000000e+000
2.789850455665732e-007	-4.917639e-002	0.000000e+000
2.791601854935101e-007	-5.055515e-002	0.000000e+000
2.793837168787987e-007	-5.243733e-002	0.000000e+000
2.796242656186129e-007	-5.458772e-002	0.000000e+000
2.799106818838984e-007	-5.730442e-002	0.000000e+000
2.801692567515812e-007	-5.989432e-002	0.000000e+000
2.803995664487124e-007	-6.231807e-002	0.000000e+000
2.806169996569437e-007	-6.470894e-002	0.000000e+000
2.808380935971212e-007	-6.724199e-002	0.000000e+000
2.810591725854452e-007	-6.987981e-002	0.000000e+000
2.812807580034725e-007	-7.263362e-002	0.000000e+000
2.814877704870594e-007	-7.531639e-002	0.000000e+000
2.817055613969929e-007	-7.827277e-002	0.000000e+000
2.819748504460420e-007	-8.211822e-002	0.000000e+000
2.822351037200455e-007	-8.603399e-002	0.000000e+000
2.824349214172386e-007	-8.920003e-002	0.000000e+000
2.826143294791496e-007	-9.218632e-002	0.000000e+000
2.828159959214661e-007	-9.570818e-002	0.000000e+000
2.830379494388658e-007	-9.978451e-002	0.000000e+000
2.832754410493643e-007	-1.043808e-001	0.000000e+000
2.835032377469009e-007	-1.090308e-001	0.000000e+000
2.837498967402590e-007	-1.143349e-001	0.000000e+000
2.840002313286414e-007	-1.199878e-001	0.000000e+000
2.842523168643418e-007	-1.259388e-001	0.000000e+000
2.844843452497088e-007	-1.316286e-001	0.000000e+000
2.847074975829572e-007	-1.372706e-001	0.000000e+000
2.848994654850898e-007	-1.422391e-001	0.000000e+000
2.850867459122666e-007	-1.471750e-001	0.000000e+000
2.853264700905544e-007	-1.535743e-001	0.000000e+000
2.855349974411321e-007	-1.591837e-001	0.000000e+000
2.857351596697834e-007	-1.645842e-001	0.000000e+000
2.859053982723205e-007	-1.691692e-001	0.000000e+000
2.860733352600875e-007	-1.736645e-001	0.000000e+000
2.862883718882844e-007	-1.793617e-001	0.000000e+000
2.864915990069141e-007	-1.846668e-001	0.000000e+000
2.866958860216478e-007	-1.899036e-001	0.000000e+000
2.868533106586610e-007	-1.938616e-001	0.000000e+000
2.869861939335809e-007	-1.971371e-001	0.000000e+000
2.871159739414590e-007	-2.002740e-001	0.000000e+000
2.872492699108799e-007	-2.034297e-001	0.000000e+000
2.873908410231267e-007	-2.067064e-001	0.000000e+000
2.875295939982702e-007	-2.098386e-001	0.000000e+000
2.876761113232412e-007	-2.130564e-001	0.000000e+000
2.878228440542946e-007	-2.161842e-001	0.000000e+000
2.879719177981145e-007	-2.192621e-001	0.000000e+000
2.881086502822056e-007	-2.219673e-001	0.000000e+000
2.883821152503878e-007	-2.271069e-001	0.000000e+000
2.885966137790719e-007	-2.308991e-001	0.000000e+000
2.887918033675190e-007	-2.340975e-001	0.000000e+000
2.890017991994263e-007	-2.372701e-001	0.000000e+000
2.891971753494740e-007	-2.399498e-001	0.000000e+000
2.894123017930605e-007	-2.425782e-001	0.000000e+000
2.896019818321581e-007	-2.445982e-001	0.000000e+000
2.897811674251395e-007	-2.461810e-001	0.000000e+000
2.900213305294610e-007	-2.478451e-001	0.000000e+000
2.902084551029337e-007	-2.487420e-001	0.000000e+000
2.904220464829925e-007	-2.492349e-001	0.000000e+000
2.906649193999332e-007	-2.491838e-001	0.000000e+000
2.908532396140864e-007	-2.486444e-001	0.000000e+000
2.910340870991443e-007	-2.476361e-001	0.000000e+000
2.912227746518286e-007	-2.461218e-001	0.000000e+000
2.913587991347727e-007	-2.447295e-001	0.000000e+000
2.914617360602103e-007	-2.434611e-001	0.000000e+000
2.915964111741942e-007	-2.415453e-001	0.000000e+000
2.917277653608392e-007	-2.393724e-001	0.000000e+000
2.919680949789556e-007	-2.347135e-001	0.000000e+000
2.922091132660589e-007	-2.292911e-001	0.000000e+000
2.924207415919048e-007	-2.238357e-001	0.000000e+000
2.926113193857357e-007	-2.183535e-001	0.000000e+000
2.927969999820616e-007	-2.125048e-001	0.000000e+000
2.930013055905622e-007	-2.055295e-001	0.000000e+000
2.932326716988345e-007	-1.970456e-001	0.000000e+000
2.934422839800901e-007	-1.888462e-001	0.000000e+000
2.936766732781617e-007	-1.791414e-001	0.000000e+000
2.939157725410418e-007	-1.687551e-001	0.000000e+000
2.941679136619746e-007	-1.573505e-001	0.000000e+000
2.944072001106118e-007	-1.461807e-001	0.000000e+000
2.946233704271070e-007	-1.358488e-001	0.000000e+000
2.948393593099627e-007	-1.253556e-001	0.000000e+000
2.950442917103377e-007	-1.152963e-001	0.000000e+000
2.952369470334417e-007	-1.057868e-001	0.000000e+000
2.954254766097285e-007	-9.646834e-002	0.000000e+000
2.956075622994664e-007	-8.749474e-002	0.000000e+000
2.958408596942339e-007	-7.607957e-002	0.000000e+000
2.960548435481804e-007	-6.573331e-002	0.000000e+000
2.962615993634462e-007	-5.591391e-002	0.000000e+000
2.964977575788216e-007	-4.495510e-002	0.000000e+000
2.967106022229467e-007	-3.535565e-002	0.000000e+000
2.969033812229766e-007	-2.695877e-002	0.000000e+000
2.971078480616309e-007	-1.841190e-002	0.000000e+000
2.973211970493551e-007	-9.917030e-003	0.000000e+000
2.975256049426969e-007	-2.236430e-003	0.000000e+000
2.977250530275084e-007	4.801138e-003	0.000000e+000
2.978717922195352e-007	9.647756e-003	0.000000e+000
2.980130524110150e-007	1.394929e-002	0.000000e+000
2.982523602839748e-007	2.055267e-002	0.000000e+000
2.984765817068972e-007	2.598732e-002	0.000000e+000
2.987018916390888e-007	3.058845e-002	0.000000e+000
2.989114574399461e-007	3.406490e-002	0.000000e+000
2.991122909359744e-007	3.663756e-002	0.000000e+000
2.992961283899958e-007	3.831634e-002	0.000000e+000
2.994809575407555e-007	3.933663e-002	0.000000e+000
2.996667585112881e-007	3.965551e-002	0.000000e+000
2.999059383340703e-007	3.926257e-002	0.000000e+000
3.000000000000000e-007	3.887679e-002	0.000000e+000
