time	V(out)	V(n001)
0.000000000000000e+000	0.000000e+000	0.000000e+000
2.929687488293547e-015	0.000000e+000	3.906250e-007
5.859374976587093e-015	0.000000e+000	7.812500e-007
6.862165151151572e-012	0.000000e+000	9.149554e-004
1.371847092732656e-011	0.000000e+000	1.829129e-003
2.057477670350154e-011	0.000000e+000	2.743304e-003
2.743108247967653e-011	0.000000e+000	3.657478e-003
3.428738825585152e-011	0.000000e+000	4.571652e-003
4.114369403202650e-011	0.000000e+000	5.485826e-003
4.799999980820147e-011	0.000000e+000	6.400000e-003
9.599999961640293e-011	0.000000e+000	1.280000e-002
1.404606014236565e-010	0.000000e+000	1.872808e-002
1.783236865824398e-010	0.000000e+000	2.377649e-002
2.133624804419516e-010	0.000000e+000	2.844833e-002
2.524063542346297e-010	0.000000e+000	3.365418e-002
2.929017788970762e-010	0.000000e+000	3.905357e-002
3.425937548498220e-010	0.000000e+000	4.567917e-002
3.978514655120642e-010	0.000000e+000	5.304686e-002
4.645797710677486e-010	0.000000e+000	6.194397e-002
5.403068812387476e-010	0.000000e+000	7.204092e-002
6.307358062350090e-010	0.000000e+000	8.409811e-002
7.079893803692061e-010	0.000000e+000	9.439858e-002
7.836459236611387e-010	0.000000e+000	1.044861e-001
8.648150319715850e-010	0.000000e+000	1.153087e-001
9.533838991931495e-010	0.000000e+000	1.271179e-001
1.051271808406195e-009	0.000000e+000	1.401696e-001
1.159241009936828e-009	0.000000e+000	1.545655e-001
1.278989387682822e-009	0.000000e+000	1.705319e-001
1.396557812889042e-009	0.000000e+000	1.862077e-001
1.506237046328307e-009	0.000000e+000	2.008316e-001
1.622814105635592e-009	0.000000e+000	2.163752e-001
1.745252821730090e-009	0.000000e+000	2.327004e-001
1.878826092854392e-009	0.000000e+000	2.505102e-001
2.021722797969882e-009	0.000000e+000	2.695630e-001
2.177735489724570e-009	0.000000e+000	2.903647e-001
2.313196995441448e-009	0.000000e+000	3.084263e-001
2.459900481889272e-009	0.000000e+000	3.279867e-001
2.607287994033612e-009	0.000000e+000	3.476384e-001
2.769490394963849e-009	0.000000e+000	3.692654e-001
2.937795246810041e-009	0.000000e+000	3.917060e-001
3.121752783602838e-009	0.000000e+000	4.162337e-001
3.302567426918073e-009	0.000000e+000	4.403423e-001
3.469663158169185e-009	0.000000e+000	4.626217e-001
3.654689521797214e-009	0.000000e+000	4.872919e-001
3.840326689612211e-009	0.000000e+000	5.120435e-001
4.044539681067157e-009	0.000000e+000	5.392720e-001
4.227764994987606e-009	0.000000e+000	5.637020e-001
4.422060863015607e-009	0.000000e+000	5.896081e-001
4.617703286808859e-009	0.000000e+000	6.156937e-001
4.828249794968700e-009	0.000000e+000	6.437666e-001
5.045663481100010e-009	0.000000e+000	6.727551e-001
5.245441075231733e-009	0.000000e+000	6.993921e-001
5.458755053440760e-009	0.000000e+000	7.278340e-001
5.673038340546209e-009	0.000000e+000	7.564051e-001
5.903234374701521e-009	0.000000e+000	7.870979e-001
6.139853745656884e-009	0.000000e+000	8.186471e-001
6.361321752244273e-009	0.000000e+000	8.481762e-001
6.593822328680316e-009	0.000000e+000	8.791763e-001
6.829555108356707e-009	0.000000e+000	9.106073e-001
7.079883430092167e-009	0.000000e+000	9.439844e-001
7.241472718691558e-009	0.000000e+000	9.655297e-001
7.281792218401954e-009	0.000000e+000	9.709056e-001
7.362431217822746e-009	0.000000e+000	9.816575e-001
7.499999999999999e-009	0.000000e+000	1.000000e+000
7.513756878217725e-009	0.000000e+000	1.000000e+000
7.541270634653175e-009	0.000000e+000	1.000000e+000
7.596298147524077e-009	0.000000e+000	1.000000e+000
7.706353173265880e-009	0.000000e+000	1.000000e+000
7.926463224749485e-009	0.000000e+000	1.000000e+000
8.165171580565447e-009	0.000000e+000	1.000000e+000
8.402737421335003e-009	0.000000e+000	1.000000e+000
8.670384792129401e-009	0.000000e+000	1.000000e+000
8.933169998465607e-009	0.000000e+000	1.000000e+000
9.208781481879363e-009	0.000000e+000	1.000000e+000
9.491159325500198e-009	0.000000e+000	1.000000e+000
9.769926750783287e-009	0.000000e+000	1.000000e+000
1.004426433841710e-008	0.000000e+000	1.000000e+000
1.033306080973034e-008	0.000000e+000	1.000000e+000
1.062602955973034e-008	0.000000e+000	1.000000e+000
1.091812713245673e-008	0.000000e+000	1.000000e+000
1.120504552286782e-008	0.000000e+000	1.000000e+000
1.149801427286782e-008	0.000000e+000	1.000000e+000
1.179098302286782e-008	0.000000e+000	1.000000e+000
1.208395177286782e-008	0.000000e+000	1.000000e+000
1.237692052286782e-008	0.000000e+000	1.000000e+000
1.266988927286782e-008	0.000000e+000	1.000000e+000
1.296285802286782e-008	0.000000e+000	1.000000e+000
1.325582677286783e-008	0.000000e+000	1.000000e+000
1.354879552286783e-008	0.000000e+000	1.000000e+000
1.384176427286783e-008	0.000000e+000	1.000000e+000
1.413473302286783e-008	0.000000e+000	1.000000e+000
1.442770177286783e-008	0.000000e+000	1.000000e+000
1.472067052286783e-008	0.000000e+000	1.000000e+000
1.501363927286783e-008	0.000000e+000	1.000000e+000
1.530660802286783e-008	0.000000e+000	1.000000e+000
1.559957677286783e-008	0.000000e+000	1.000000e+000
1.589254552286783e-008	0.000000e+000	1.000000e+000
1.618551427286783e-008	0.000000e+000	1.000000e+000
1.647848302286783e-008	0.000000e+000	1.000000e+000
1.677145177286783e-008	0.000000e+000	1.000000e+000
1.706442052286783e-008	0.000000e+000	1.000000e+000
1.735738927286783e-008	0.000000e+000	1.000000e+000
1.765035802286783e-008	0.000000e+000	1.000000e+000
1.794332677286783e-008	0.000000e+000	1.000000e+000
1.823629552286783e-008	0.000000e+000	1.000000e+000
1.852926427286783e-008	0.000000e+000	1.000000e+000
1.882223302286783e-008	0.000000e+000	1.000000e+000
1.911520177286784e-008	0.000000e+000	1.000000e+000
1.940817052286784e-008	0.000000e+000	1.000000e+000
1.970113927286784e-008	0.000000e+000	1.000000e+000
1.999410802286784e-008	0.000000e+000	1.000000e+000
2.028707677286784e-008	0.000000e+000	1.000000e+000
2.058004552286784e-008	0.000000e+000	1.000000e+000
2.087301427286784e-008	0.000000e+000	1.000000e+000
2.116598302286784e-008	0.000000e+000	1.000000e+000
2.145895177286784e-008	0.000000e+000	1.000000e+000
2.175192052286784e-008	0.000000e+000	1.000000e+000
2.204488927286784e-008	0.000000e+000	1.000000e+000
2.233785802286784e-008	0.000000e+000	1.000000e+000
2.263082677286784e-008	0.000000e+000	1.000000e+000
2.292379552286784e-008	0.000000e+000	1.000000e+000
2.321676427286784e-008	0.000000e+000	1.000000e+000
2.350973302286784e-008	0.000000e+000	1.000000e+000
2.380270177286784e-008	0.000000e+000	1.000000e+000
2.409567052286784e-008	0.000000e+000	1.000000e+000
2.438863927286784e-008	0.000000e+000	1.000000e+000
2.468160802286784e-008	0.000000e+000	1.000000e+000
2.497457677286785e-008	0.000000e+000	1.000000e+000
2.526754552286785e-008	0.000000e+000	1.000000e+000
2.556051427286785e-008	0.000000e+000	1.000000e+000
2.585348302286785e-008	0.000000e+000	1.000000e+000
2.614645177286785e-008	0.000000e+000	1.000000e+000
2.643942052286785e-008	0.000000e+000	1.000000e+000
2.673238927286785e-008	0.000000e+000	1.000000e+000
2.702535802286785e-008	0.000000e+000	1.000000e+000
2.731832677286785e-008	0.000000e+000	1.000000e+000
2.761129552286785e-008	0.000000e+000	1.000000e+000
2.790426427286785e-008	0.000000e+000	1.000000e+000
2.819723302286785e-008	0.000000e+000	1.000000e+000
2.849020177286785e-008	0.000000e+000	1.000000e+000
2.878317052286785e-008	0.000000e+000	1.000000e+000
2.907613927286785e-008	0.000000e+000	1.000000e+000
2.936910802286785e-008	0.000000e+000	1.000000e+000
2.966207677286785e-008	0.000000e+000	1.000000e+000
2.995504552286785e-008	1.401298e-045	1.000000e+000
3.024801427286785e-008	2.802597e-045	1.000000e+000
3.054098302286785e-008	8.407791e-045	1.000000e+000
3.083395177286785e-008	2.242078e-044	1.000000e+000
3.112692052286785e-008	6.025583e-044	1.000000e+000
3.141988927286785e-008	1.583467e-043	1.000000e+000
3.171285802286785e-008	4.189882e-043	1.000000e+000
3.200582677286785e-008	1.098618e-042	1.000000e+000
3.229879552286785e-008	2.847438e-042	1.000000e+000
3.259176427286786e-008	7.321784e-042	1.000000e+000
3.288473302286786e-008	1.867651e-041	1.000000e+000
3.317770177286786e-008	4.725319e-041	1.000000e+000
3.347067052286786e-008	1.186059e-040	1.000000e+000
3.376363927286786e-008	2.953545e-040	1.000000e+000
3.405660802286786e-008	7.297850e-040	1.000000e+000
3.434957677286786e-008	1.789377e-039	1.000000e+000
3.464254552286786e-008	4.354196e-039	1.000000e+000
3.493551427286786e-008	1.051610e-038	1.000000e+000
3.522848302286786e-008	2.521058e-038	1.000000e+000
3.552145177286786e-008	5.999738e-038	1.000000e+000
3.581442052286786e-008	1.417562e-037	1.000000e+000
3.610738927286786e-008	3.325447e-037	1.000000e+000
3.640035802286786e-008	7.746290e-037	1.000000e+000
3.669332677286786e-008	1.791883e-036	1.000000e+000
3.698629552286786e-008	4.116551e-036	1.000000e+000
3.727926427286786e-008	9.392912e-036	1.000000e+000
3.757223302286786e-008	2.128845e-035	1.000000e+000
3.786520177286786e-008	4.792901e-035	1.000000e+000
3.815817052286786e-008	1.072004e-034	1.000000e+000
3.845113927286787e-008	2.382155e-034	1.000000e+000
3.874410802286787e-008	5.259574e-034	1.000000e+000
3.903707677286787e-008	1.153902e-033	1.000000e+000
3.933004552286787e-008	2.515682e-033	1.000000e+000
3.962301427286787e-008	5.450550e-033	1.000000e+000
3.991598302286787e-008	1.173685e-032	1.000000e+000
4.020895177286787e-008	2.511993e-032	1.000000e+000
4.050192052286787e-008	5.344023e-032	1.000000e+000
4.079488927286787e-008	1.130131e-031	1.000000e+000
4.108785802286787e-008	2.375892e-031	1.000000e+000
4.138082677286787e-008	4.965789e-031	1.000000e+000
4.167379552286787e-008	1.031905e-030	1.000000e+000
4.196676427286787e-008	2.132090e-030	1.000000e+000
4.225973302286787e-008	4.380376e-030	1.000000e+000
4.255270177286787e-008	8.949139e-030	1.000000e+000
4.284567052286787e-008	1.818190e-029	1.000000e+000
4.313863927286787e-008	3.673742e-029	1.000000e+000
4.343160802286787e-008	7.382656e-029	1.000000e+000
4.372457677286787e-008	1.475618e-028	1.000000e+000
4.401754552286787e-008	2.933691e-028	1.000000e+000
4.431051427286788e-008	5.801712e-028	1.000000e+000
4.460348302286788e-008	1.141354e-027	1.000000e+000
4.489645177286788e-008	2.233719e-027	1.000000e+000
4.518942052286788e-008	4.349114e-027	1.000000e+000
4.548238927286788e-008	8.424762e-027	1.000000e+000
4.577535802286788e-008	1.623749e-026	1.000000e+000
4.606832677286788e-008	3.113897e-026	1.000000e+000
4.636129552286788e-008	5.942002e-026	1.000000e+000
4.665426427286788e-008	1.128297e-025	1.000000e+000
4.694723302286788e-008	2.132037e-025	1.000000e+000
4.724020177286788e-008	4.009267e-025	1.000000e+000
4.753317052286788e-008	7.503296e-025	1.000000e+000
4.782613927286788e-008	1.397570e-024	1.000000e+000
4.811910802286788e-008	2.590876e-024	1.000000e+000
4.841207677286788e-008	4.780666e-024	1.000000e+000
4.870504552286788e-008	8.780427e-024	1.000000e+000
4.899801427286788e-008	1.605257e-023	1.000000e+000
4.929098302286788e-008	2.921404e-023	1.000000e+000
4.958395177286788e-008	5.292640e-023	1.000000e+000
4.987692052286789e-008	9.545584e-023	1.000000e+000
5.016988927286789e-008	1.713947e-022	1.000000e+000
5.046285802286789e-008	3.063882e-022	1.000000e+000
5.075582677286789e-008	5.453072e-022	1.000000e+000
5.104879552286789e-008	9.663172e-022	1.000000e+000
5.134176427286789e-008	1.704989e-021	1.000000e+000
5.163473302286789e-008	2.995443e-021	1.000000e+000
5.192770177286789e-008	5.240250e-021	1.000000e+000
5.222067052286789e-008	9.128678e-021	1.000000e+000
5.251363927286789e-008	1.583588e-020	1.000000e+000
5.280660802286789e-008	2.735698e-020	1.000000e+000
5.309957677286789e-008	4.706504e-020	1.000000e+000
5.339254552286789e-008	8.063918e-020	1.000000e+000
5.368551427286789e-008	1.376016e-019	1.000000e+000
5.397848302286789e-008	2.338529e-019	1.000000e+000
5.427145177286789e-008	3.958369e-019	1.000000e+000
5.456442052286789e-008	6.673534e-019	1.000000e+000
5.485738927286789e-008	1.120658e-018	1.000000e+000
5.515035802286789e-008	1.874475e-018	1.000000e+000
5.544332677286789e-008	3.123106e-018	1.000000e+000
5.573629552286790e-008	5.183290e-018	1.000000e+000
5.602926427286790e-008	8.569330e-018	1.000000e+000
5.632223302286790e-008	1.411307e-017	1.000000e+000
5.661520177286790e-008	2.315476e-017	1.000000e+000
5.690817052286790e-008	3.784541e-017	1.000000e+000
5.720113927286790e-008	6.162411e-017	1.000000e+000
5.749410802286790e-008	9.996840e-017	1.000000e+000
5.778707677286790e-008	1.615695e-016	1.000000e+000
5.808004552286790e-008	2.601657e-016	1.000000e+000
5.837301427286790e-008	4.173923e-016	1.000000e+000
5.866598302286790e-008	6.671938e-016	1.000000e+000
5.895895177286790e-008	1.062630e-015	1.000000e+000
5.925192052286790e-008	1.686332e-015	1.000000e+000
5.954488927286790e-008	2.666520e-015	1.000000e+000
5.983785802286790e-008	4.201413e-015	1.000000e+000
6.013082677286790e-008	6.596350e-015	1.000000e+000
6.042379552286789e-008	1.031996e-014	1.000000e+000
6.071676427286788e-008	1.608892e-014	1.000000e+000
6.100973302286788e-008	2.499530e-014	1.000000e+000
6.130270177286787e-008	3.869727e-014	1.000000e+000
6.159567052286787e-008	5.970363e-014	1.000000e+000
6.188863927286786e-008	9.179676e-014	1.000000e+000
6.218160802286785e-008	1.406591e-013	1.000000e+000
6.247457677286785e-008	2.147975e-013	1.000000e+000
6.276754552286784e-008	3.269034e-013	1.000000e+000
6.306051427286783e-008	4.958443e-013	1.000000e+000
6.335348302286783e-008	7.495729e-013	1.000000e+000
6.364645177286782e-008	1.129359e-012	1.000000e+000
6.393942052286782e-008	1.695926e-012	1.000000e+000
6.423238927286781e-008	2.538310e-012	1.000000e+000
6.452535802286780e-008	3.786624e-012	1.000000e+000
6.481832677286780e-008	5.630354e-012	1.000000e+000
6.511129552286779e-008	8.344524e-012	1.000000e+000
6.540426427286779e-008	1.232696e-011	1.000000e+000
6.569723302286778e-008	1.815117e-011	1.000000e+000
6.599020177286777e-008	2.664119e-011	1.000000e+000
6.628317052286777e-008	3.897705e-011	1.000000e+000
6.657613927286776e-008	5.684287e-011	1.000000e+000
6.686910802286776e-008	8.263432e-011	1.000000e+000
6.716207677286775e-008	1.197478e-010	1.000000e+000
6.745504552286774e-008	1.729828e-010	1.000000e+000
6.774801427286774e-008	2.490987e-010	1.000000e+000
6.804098302286773e-008	3.575841e-010	1.000000e+000
6.833395177286772e-008	5.117152e-010	1.000000e+000
6.862692052286772e-008	7.300061e-010	1.000000e+000
6.891988927286771e-008	1.038191e-009	1.000000e+000
6.921285802286771e-008	1.471925e-009	1.000000e+000
6.950582677286770e-008	2.080444e-009	1.000000e+000
6.979879552286769e-008	2.931519e-009	1.000000e+000
7.009176427286769e-008	4.118128e-009	1.000000e+000
7.038473302286768e-008	5.767421e-009	1.000000e+000
7.067770177286768e-008	8.052712e-009	1.000000e+000
7.097067052286767e-008	1.120948e-008	1.000000e+000
7.126363927286766e-008	1.555662e-008	1.000000e+000
7.155660802286766e-008	2.152460e-008	1.000000e+000
7.184957677286765e-008	2.969263e-008	1.000000e+000
7.214254552286765e-008	4.083754e-008	1.000000e+000
7.243551427286764e-008	5.599782e-008	1.000000e+000
7.272848302286763e-008	7.655729e-008	1.000000e+000
7.302145177286763e-008	1.043540e-007	1.000000e+000
7.331442052286762e-008	1.418214e-007	1.000000e+000
7.360738927286761e-008	1.921707e-007	1.000000e+000
7.390035802286761e-008	2.596263e-007	1.000000e+000
7.419332677286760e-008	3.497266e-007	1.000000e+000
7.448629552286760e-008	4.697100e-007	1.000000e+000
7.477926427286759e-008	6.290056e-007	1.000000e+000
7.507223302286758e-008	8.398569e-007	1.000000e+000
7.536520177286758e-008	1.118109e-006	1.000000e+000
7.565817052286757e-008	1.484204e-006	1.000000e+000
7.595113927286757e-008	1.964426e-006	1.000000e+000
7.624410802286756e-008	2.592459e-006	1.000000e+000
7.653707677286755e-008	3.411336e-006	1.000000e+000
7.683004552286755e-008	4.475844e-006	1.000000e+000
7.712301427286754e-008	5.855511e-006	1.000000e+000
7.741598302286754e-008	7.638282e-006	1.000000e+000
7.770895177286753e-008	9.935024e-006	1.000000e+000
7.800192052286752e-008	1.288504e-005	1.000000e+000
7.829488927286752e-008	1.666277e-005	1.000000e+000
7.858785802286751e-008	2.148594e-005	1.000000e+000
7.888082677286750e-008	2.762538e-005	1.000000e+000
7.917379552286750e-008	3.541681e-005	1.000000e+000
7.946676427286749e-008	4.527502e-005	1.000000e+000
7.975973302286749e-008	5.771072e-005	1.000000e+000
8.005270177286748e-008	7.335054e-005	1.000000e+000
8.034567052286747e-008	9.296070e-005	1.000000e+000
8.063863927286747e-008	1.174749e-004	1.000000e+000
8.093160802286746e-008	1.480267e-004	1.000000e+000
8.122457677286746e-008	1.859878e-004	1.000000e+000
8.151754552286745e-008	2.330119e-004	1.000000e+000
8.181051427286744e-008	2.910855e-004	1.000000e+000
8.210348302286744e-008	3.625865e-004	1.000000e+000
8.239645177286743e-008	4.503503e-004	1.000000e+000
8.268942052286743e-008	5.577459e-004	1.000000e+000
8.298238927286742e-008	6.887611e-004	1.000000e+000
8.327535802286741e-008	8.480981e-004	1.000000e+000
8.356832677286741e-008	1.041281e-003	1.000000e+000
8.386129552286740e-008	1.274772e-003	1.000000e+000
8.415426427286739e-008	1.556104e-003	1.000000e+000
8.444723302286739e-008	1.894022e-003	1.000000e+000
8.474020177286738e-008	2.298633e-003	1.000000e+000
8.503317052286738e-008	2.781575e-003	1.000000e+000
8.532613927286737e-008	3.356191e-003	1.000000e+000
8.561910802286736e-008	4.037710e-003	1.000000e+000
8.591207677286736e-008	4.843441e-003	1.000000e+000
8.620504552286735e-008	5.792965e-003	1.000000e+000
8.649801427286735e-008	6.908335e-003	1.000000e+000
8.679098302286734e-008	8.214265e-003	1.000000e+000
8.708395177286733e-008	9.738323e-003	1.000000e+000
8.737692052286733e-008	1.151110e-002	1.000000e+000
8.766988927286732e-008	1.356637e-002	1.000000e+000
8.796285802286732e-008	1.594122e-002	1.000000e+000
8.825582677286731e-008	1.867614e-002	1.000000e+000
8.854879552286730e-008	2.181508e-002	1.000000e+000
8.884176427286730e-008	2.540546e-002	1.000000e+000
8.913473302286729e-008	2.949812e-002	1.000000e+000
8.942770177286728e-008	3.414715e-002	1.000000e+000
8.972067052286728e-008	3.940974e-002	1.000000e+000
9.001363927286727e-008	4.534587e-002	1.000000e+000
9.030660802286727e-008	5.201787e-002	1.000000e+000
9.059957677286726e-008	5.948998e-002	1.000000e+000
9.089254552286725e-008	6.782769e-002	1.000000e+000
9.118551427286725e-008	7.709707e-002	1.000000e+000
9.147848302286724e-008	8.736381e-002	1.000000e+000
9.177145177286724e-008	9.869237e-002	1.000000e+000
9.206442052286723e-008	1.111448e-001	1.000000e+000
9.235738927286722e-008	1.247797e-001	1.000000e+000
9.265035802286722e-008	1.396505e-001	1.000000e+000
9.294332677286721e-008	1.558048e-001	1.000000e+000
9.323629552286721e-008	1.732822e-001	1.000000e+000
9.352926427286720e-008	1.921132e-001	1.000000e+000
9.382223302286719e-008	2.123177e-001	1.000000e+000
9.411520177286719e-008	2.339033e-001	1.000000e+000
9.440817052286718e-008	2.568644e-001	1.000000e+000
9.470113927286717e-008	2.811800e-001	1.000000e+000
9.499410802286717e-008	3.068136e-001	1.000000e+000
9.528707677286716e-008	3.337112e-001	1.000000e+000
9.558004552286716e-008	3.618014e-001	1.000000e+000
9.587301427286715e-008	3.909944e-001	1.000000e+000
9.616598302286714e-008	4.211819e-001	1.000000e+000
9.645895177286714e-008	4.522376e-001	1.000000e+000
9.675192052286713e-008	4.840174e-001	1.000000e+000
9.704488927286713e-008	5.163607e-001	1.000000e+000
9.733785802286712e-008	5.490916e-001	1.000000e+000
9.763082677286711e-008	5.820209e-001	1.000000e+000
9.792379552286711e-008	6.149483e-001	1.000000e+000
9.821676427286710e-008	6.476651e-001	1.000000e+000
9.850973302286710e-008	6.799574e-001	1.000000e+000
9.880270177286709e-008	7.116092e-001	1.000000e+000
9.909567052286708e-008	7.424061e-001	1.000000e+000
9.938863927286708e-008	7.721393e-001	1.000000e+000
9.968160802286707e-008	8.006094e-001	1.000000e+000
9.997457677286706e-008	8.276299e-001	1.000000e+000
1.002675455228671e-007	8.530319e-001	1.000000e+000
1.005605142728671e-007	8.766668e-001	1.000000e+000
1.008534830228671e-007	8.984101e-001	1.000000e+000
1.011464517728670e-007	9.181638e-001	1.000000e+000
1.014394205228670e-007	9.358593e-001	1.000000e+000
1.017323892728670e-007	9.514585e-001	1.000000e+000
1.020253580228670e-007	9.649549e-001	1.000000e+000
1.023183267728670e-007	9.763740e-001	1.000000e+000
1.026112955228670e-007	9.857731e-001	1.000000e+000
1.029042642728670e-007	9.932390e-001	1.000000e+000
1.031972330228670e-007	9.988865e-001	1.000000e+000
1.034902017728670e-007	1.002856e+000	1.000000e+000
1.037831705228670e-007	1.005308e+000	1.000000e+000
1.040761392728670e-007	1.006422e+000	1.000000e+000
1.043691080228670e-007	1.006389e+000	1.000000e+000
1.046620767728670e-007	1.005409e+000	1.000000e+000
1.049550455228670e-007	1.003685e+000	1.000000e+000
1.052480142728670e-007	1.001415e+000	1.000000e+000
1.055409830228670e-007	9.987922e-001	1.000000e+000
1.058339517728669e-007	9.959987e-001	1.000000e+000
1.061269205228669e-007	9.931988e-001	1.000000e+000
1.064198892728669e-007	9.905381e-001	1.000000e+000
1.067128580228669e-007	9.881400e-001	1.000000e+000
1.070058267728669e-007	9.860674e-001	1.000000e+000
1.072070312500000e-007	9.849162e-001	1.000000e+000
1.075000000000000e-007	9.835529e-001	1.000000e+000
1.075292968750000e-007	9.834567e-001	9.960938e-001
1.075878906250000e-007	9.832799e-001	9.882813e-001
1.077050781250000e-007	9.830022e-001	9.726563e-001
1.079394531250000e-007	9.826932e-001	9.414063e-001
1.082324218750000e-007	9.827075e-001	9.023438e-001
1.085253906250000e-007	9.831736e-001	8.632813e-001
1.088183593750000e-007	9.840736e-001	8.242188e-001
1.091113281250000e-007	9.853495e-001	7.851563e-001
1.094042968749999e-007	9.869325e-001	7.460938e-001
1.096972656249999e-007	9.887467e-001	7.070313e-001
1.099902343749999e-007	9.907132e-001	6.679688e-001
1.102832031249999e-007	9.927534e-001	6.289063e-001
1.105761718749999e-007	9.947925e-001	5.898438e-001
1.108691406249999e-007	9.967620e-001	5.507813e-001
1.111621093749999e-007	9.986029e-001	5.117188e-001
1.114550781249999e-007	1.000266e+000	4.726563e-001
1.117480468749999e-007	1.001714e+000	4.335938e-001
1.120410156249999e-007	1.002921e+000	3.945313e-001
1.123339843749999e-007	1.003875e+000	3.554688e-001
1.126269531249999e-007	1.004571e+000	3.164063e-001
1.129199218749999e-007	1.005018e+000	2.773438e-001
1.132128906249999e-007	1.005232e+000	2.382813e-001
1.135058593749999e-007	1.005233e+000	1.992188e-001
1.137988281249999e-007	1.005050e+000	1.601563e-001
1.140917968749999e-007	1.004712e+000	1.210938e-001
1.143847656249998e-007	1.004251e+000	8.203125e-002
1.146777343749998e-007	1.003712e+000	4.296875e-002
1.147070312500000e-007	1.003653e+000	3.906250e-002
1.147656250000003e-007	1.003531e+000	3.125000e-002
1.148828125000009e-007	1.003280e+000	1.562500e-002
1.150000000000000e-007	1.003026e+000	0.000000e+000
1.150002578127844e-007	1.003025e+000	0.000000e+000
1.150007734383531e-007	1.003024e+000	0.000000e+000
1.150194832804173e-007	1.002983e+000	0.000000e+000
1.150381931224816e-007	1.002941e+000	0.000000e+000
1.150569029645458e-007	1.002900e+000	0.000000e+000
1.150756128066101e-007	1.002858e+000	0.000000e+000
1.150943226486743e-007	1.002816e+000	0.000000e+000
1.151130324907386e-007	1.002774e+000	0.000000e+000
1.151317423328028e-007	1.002732e+000	0.000000e+000
1.152637424783900e-007	1.002434e+000	0.000000e+000
1.155277427695643e-007	1.001841e+000	0.000000e+000
1.158207115195643e-007	1.001196e+000	0.000000e+000
1.161136802695643e-007	1.000582e+000	0.000000e+000
1.164066490195643e-007	1.000016e+000	0.000000e+000
1.166996177695643e-007	9.995110e-001	0.000000e+000
1.169925865195643e-007	9.990780e-001	0.000000e+000
1.172855552695643e-007	9.987262e-001	0.000000e+000
1.175785240195643e-007	9.984628e-001	0.000000e+000
1.178714927695643e-007	9.982930e-001	0.000000e+000
1.181644615195643e-007	9.982175e-001	0.000000e+000
1.184258751104665e-007	9.982299e-001	0.000000e+000
1.186465312407316e-007	9.983007e-001	0.000000e+000
1.188287734107704e-007	9.984037e-001	0.000000e+000
1.190394320768638e-007	9.985684e-001	0.000000e+000
1.192318026013537e-007	9.987602e-001	0.000000e+000
1.195085778193977e-007	9.990971e-001	0.000000e+000
1.198015465693977e-007	9.995128e-001	0.000000e+000
1.200945153193977e-007	9.999782e-001	0.000000e+000
1.203570202728804e-007	1.000423e+000	0.000000e+000
1.205578469840052e-007	1.000773e+000	0.000000e+000
1.207614036515799e-007	1.001126e+000	0.000000e+000
1.209654670961263e-007	1.001470e+000	0.000000e+000
1.211533190863699e-007	1.001769e+000	0.000000e+000
1.213424071256448e-007	1.002044e+000	0.000000e+000
1.215758287401666e-007	1.002335e+000	0.000000e+000
1.218687974901666e-007	1.002617e+000	0.000000e+000
1.221617662401666e-007	1.002799e+000	0.000000e+000
1.223823374390227e-007	1.002854e+000	0.000000e+000
1.226048847134321e-007	1.002826e+000	0.000000e+000
1.228192443471047e-007	1.002725e+000	0.000000e+000
1.230144677409394e-007	1.002569e+000	0.000000e+000
1.232112787401438e-007	1.002350e+000	0.000000e+000
1.234056739934223e-007	1.002079e+000	0.000000e+000
1.236083567462375e-007	1.001742e+000	0.000000e+000
1.238682953012397e-007	1.001249e+000	0.000000e+000
1.241290547316808e-007	1.000706e+000	0.000000e+000
1.243644720339017e-007	1.000190e+000	0.000000e+000
1.245752350757178e-007	9.997223e-001	0.000000e+000
1.247746206257845e-007	9.992903e-001	0.000000e+000
1.249765787358901e-007	9.988760e-001	0.000000e+000
1.251669151990254e-007	9.985185e-001	0.000000e+000
1.253600512742384e-007	9.981993e-001	0.000000e+000
1.255542347489545e-007	9.979349e-001	0.000000e+000
1.257918415429547e-007	9.976949e-001	0.000000e+000
1.260236313942872e-007	9.975569e-001	0.000000e+000
1.262722299793139e-007	9.975192e-001	0.000000e+000
1.264819847491559e-007	9.975799e-001	0.000000e+000
1.266957464289648e-007	9.977320e-001	0.000000e+000
1.269112367636056e-007	9.979657e-001	0.000000e+000
1.271080652364777e-007	9.982438e-001	0.000000e+000
1.273075789107369e-007	9.985799e-001	0.000000e+000
1.274978285198877e-007	9.989398e-001	0.000000e+000
1.276904725695294e-007	9.993321e-001	0.000000e+000
1.279235039155277e-007	9.998232e-001	0.000000e+000
1.281401776511055e-007	1.000276e+000	0.000000e+000
1.283766453188871e-007	1.000746e+000	0.000000e+000
1.285899802230143e-007	1.001128e+000	0.000000e+000
1.287863071583238e-007	1.001429e+000	0.000000e+000
1.289860786137040e-007	1.001672e+000	0.000000e+000
1.291871196351863e-007	1.001844e+000	0.000000e+000
1.293797943869589e-007	1.001933e+000	0.000000e+000
1.295759655432165e-007	1.001940e+000	0.000000e+000
1.297884156919278e-007	1.001856e+000	0.000000e+000
1.299911809507991e-007	1.001685e+000	0.000000e+000
1.302137750762636e-007	1.001399e+000	0.000000e+000
1.304743462246120e-007	1.000962e+000	0.000000e+000
1.306851851515264e-007	1.000538e+000	0.000000e+000
1.308994506010905e-007	1.000054e+000	0.000000e+000
1.311302291756773e-007	9.995015e-001	0.000000e+000
1.313439069504253e-007	9.989804e-001	0.000000e+000
1.315459005208207e-007	9.984987e-001	0.000000e+000
1.317526593190956e-007	9.980351e-001	0.000000e+000
1.319457670290837e-007	9.976460e-001	0.000000e+000
1.321599736999579e-007	9.972811e-001	0.000000e+000
1.323858374479946e-007	9.969822e-001	0.000000e+000
1.325971167405187e-007	9.967957e-001	0.000000e+000
1.328133633031546e-007	9.967057e-001	0.000000e+000
1.330125361960231e-007	9.967161e-001	0.000000e+000
1.332170194334496e-007	9.968206e-001	0.000000e+000
1.334244385583636e-007	9.970164e-001	0.000000e+000
1.336412790069875e-007	9.973052e-001	0.000000e+000
1.338380551550142e-007	9.976318e-001	0.000000e+000
1.340487656858905e-007	9.980350e-001	0.000000e+000
1.342462987215547e-007	9.984453e-001	0.000000e+000
1.344627322138106e-007	9.989102e-001	0.000000e+000
1.347125327980242e-007	9.994386e-001	0.000000e+000
1.349223043219038e-007	9.998527e-001	0.000000e+000
1.351340550040749e-007	1.000221e+000	0.000000e+000
1.353330588051735e-007	1.000507e+000	0.000000e+000
1.355346159426056e-007	1.000722e+000	0.000000e+000
1.357346267728843e-007	1.000852e+000	0.000000e+000
1.359424383445960e-007	1.000894e+000	0.000000e+000
1.361374314107670e-007	1.000841e+000	0.000000e+000
1.363665012742442e-007	1.000670e+000	0.000000e+000
1.365755371298880e-007	1.000421e+000	0.000000e+000
1.367890405947934e-007	1.000080e+000	0.000000e+000
1.369953028228451e-007	9.996841e-001	0.000000e+000
1.371929099280982e-007	9.992563e-001	0.000000e+000
1.373957786026887e-007	9.987859e-001	0.000000e+000
1.376121553106343e-007	9.982716e-001	0.000000e+000
1.378242308808187e-007	9.977760e-001	0.000000e+000
1.380237469456024e-007	9.973376e-001	0.000000e+000
1.382319592907001e-007	9.969273e-001	0.000000e+000
1.384307796226018e-007	9.965969e-001	0.000000e+000
1.386435156508418e-007	9.963269e-001	0.000000e+000
1.388783622665878e-007	9.961331e-001	0.000000e+000
1.390849350349830e-007	9.960617e-001	0.000000e+000
1.392941929463367e-007	9.960904e-001	0.000000e+000
1.394943349597051e-007	9.962083e-001	0.000000e+000
1.396986360190449e-007	9.964132e-001	0.000000e+000
1.398974565018666e-007	9.966851e-001	0.000000e+000
1.401133668645477e-007	9.970441e-001	0.000000e+000
1.403084881734765e-007	9.974105e-001	0.000000e+000
1.405319427244579e-007	9.978578e-001	0.000000e+000
1.407369608270916e-007	9.982718e-001	0.000000e+000
1.409612860197651e-007	9.987059e-001	0.000000e+000
1.411654302583126e-007	9.990640e-001	0.000000e+000
1.413647419427401e-007	9.993605e-001	0.000000e+000
1.415666763502685e-007	9.995922e-001	0.000000e+000
1.417785068234171e-007	9.997503e-001	0.000000e+000
1.419929707365659e-007	9.998158e-001	0.000000e+000
1.421922884815238e-007	9.997836e-001	0.000000e+000
1.424080654246768e-007	9.996504e-001	0.000000e+000
1.426034008313288e-007	9.994460e-001	0.000000e+000
1.428165258073961e-007	9.991387e-001	0.000000e+000
1.430424785724182e-007	9.987397e-001	0.000000e+000
1.432462594158295e-007	9.983294e-001	0.000000e+000
1.434540142630374e-007	9.978794e-001	0.000000e+000
1.436545990525128e-007	9.974352e-001	0.000000e+000
1.438639562430749e-007	9.969814e-001	0.000000e+000
1.440629117944115e-007	9.965780e-001	0.000000e+000
1.442575873663921e-007	9.962266e-001	0.000000e+000
1.444546864468456e-007	9.959300e-001	0.000000e+000
1.446656291922330e-007	9.956899e-001	0.000000e+000
1.448781214882996e-007	9.955366e-001	0.000000e+000
1.450823142598103e-007	9.954804e-001	0.000000e+000
1.452895676702981e-007	9.955186e-001	0.000000e+000
1.455153213357743e-007	9.956585e-001	0.000000e+000
1.457189360186287e-007	9.958652e-001	0.000000e+000
1.459242067115057e-007	9.961421e-001	0.000000e+000
1.461214997313972e-007	9.964575e-001	0.000000e+000
1.463215416414867e-007	9.968107e-001	0.000000e+000
1.465165731210768e-007	9.971699e-001	0.000000e+000
1.467265125000958e-007	9.975523e-001	0.000000e+000
1.469543835222172e-007	9.979404e-001	0.000000e+000
1.471622120369273e-007	9.982503e-001	0.000000e+000
1.473641772952220e-007	9.984925e-001	0.000000e+000
1.475689048860922e-007	9.986656e-001	0.000000e+000
1.477801054504468e-007	9.987603e-001	0.000000e+000
1.479795156288213e-007	9.987654e-001	0.000000e+000
1.481818794037142e-007	9.986856e-001	0.000000e+000
1.483689069291104e-007	9.985380e-001	0.000000e+000
1.485568353019890e-007	9.983207e-001	0.000000e+000
1.487673807997475e-007	9.980105e-001	0.000000e+000
1.489655410182051e-007	9.976667e-001	0.000000e+000
1.491918735995346e-007	9.972317e-001	0.000000e+000
1.493960250841662e-007	9.968210e-001	0.000000e+000
1.496174782027185e-007	9.963776e-001	0.000000e+000
1.498360602217205e-007	9.959642e-001	0.000000e+000
1.500403302012129e-007	9.956186e-001	0.000000e+000
1.502362496333737e-007	9.953407e-001	0.000000e+000
1.504362859401379e-007	9.951240e-001	0.000000e+000
1.506487147654011e-007	9.949744e-001	0.000000e+000
1.508510883507520e-007	9.949157e-001	0.000000e+000
1.510660365770392e-007	9.949438e-001	0.000000e+000
1.512718604140904e-007	9.950542e-001	0.000000e+000
1.514876725652867e-007	9.952506e-001	0.000000e+000
1.517051869229164e-007	9.955159e-001	0.000000e+000
1.519099208897991e-007	9.958137e-001	0.000000e+000
1.521061594124305e-007	9.961278e-001	0.000000e+000
1.523073761320316e-007	9.964613e-001	0.000000e+000
1.525058801982053e-007	9.967837e-001	0.000000e+000
1.527071988694639e-007	9.970868e-001	0.000000e+000
1.529073860112799e-007	9.973481e-001	0.000000e+000
1.531144167403060e-007	9.975607e-001	0.000000e+000
1.533290004718647e-007	9.977084e-001	0.000000e+000
1.535389152507608e-007	9.977736e-001	0.000000e+000
1.537334799422764e-007	9.977574e-001	0.000000e+000
1.539302875511783e-007	9.976648e-001	0.000000e+000
1.541305962713178e-007	9.974971e-001	0.000000e+000
1.543371881546446e-007	9.972547e-001	0.000000e+000
1.545511331037382e-007	9.969432e-001	0.000000e+000
1.547516116357998e-007	9.966092e-001	0.000000e+000
1.549432088479584e-007	9.962651e-001	0.000000e+000
1.551362447399887e-007	9.959100e-001	0.000000e+000
1.553569504218778e-007	9.955145e-001	0.000000e+000
1.555743365438172e-007	9.951543e-001	0.000000e+000
1.557826593810826e-007	9.948538e-001	0.000000e+000
1.559752376044040e-007	9.946293e-001	0.000000e+000
1.561703388410137e-007	9.944657e-001	0.000000e+000
1.563811918582090e-007	9.943653e-001	0.000000e+000
1.565919978801396e-007	9.943455e-001	0.000000e+000
1.567971788081131e-007	9.944038e-001	0.000000e+000
1.569935334618768e-007	9.945291e-001	0.000000e+000
1.572086988213721e-007	9.947330e-001	0.000000e+000
1.574184261272897e-007	9.949840e-001	0.000000e+000
1.576341288267283e-007	9.952807e-001	0.000000e+000
1.578667059038757e-007	9.956204e-001	0.000000e+000
1.581112487500365e-007	9.959723e-001	0.000000e+000
1.583577860256635e-007	9.962940e-001	0.000000e+000
1.585990668282705e-007	9.965534e-001	0.000000e+000
1.588110810064943e-007	9.967203e-001	0.000000e+000
1.589865135057916e-007	9.968007e-001	0.000000e+000
1.591916209973831e-007	9.968246e-001	0.000000e+000
1.593880273462624e-007	9.967785e-001	0.000000e+000
1.595949038913006e-007	9.966552e-001	0.000000e+000
1.598174419835202e-007	9.964472e-001	0.000000e+000
1.600384764338762e-007	9.961736e-001	0.000000e+000
1.602888182912527e-007	9.958041e-001	0.000000e+000
1.605383160815235e-007	9.954008e-001	0.000000e+000
1.608011387679669e-007	9.949701e-001	0.000000e+000
1.610844015308512e-007	9.945395e-001	0.000000e+000
1.613773702808512e-007	9.941684e-001	0.000000e+000
1.616572387406579e-007	9.939150e-001	0.000000e+000
1.619201270977728e-007	9.937894e-001	0.000000e+000
1.621812103485759e-007	9.937773e-001	0.000000e+000
1.624061632070708e-007	9.938593e-001	0.000000e+000
1.626596053321855e-007	9.940432e-001	0.000000e+000
1.629050273666343e-007	9.942927e-001	0.000000e+000
1.631979961166343e-007	9.946489e-001	0.000000e+000
1.634805908860592e-007	9.950116e-001	0.000000e+000
1.637735596360592e-007	9.953650e-001	0.000000e+000
1.640665283860592e-007	9.956523e-001	0.000000e+000
1.643594971360592e-007	9.958533e-001	0.000000e+000
1.645150912760462e-007	9.959089e-001	0.000000e+000
1.646949804777201e-007	9.959157e-001	0.000000e+000
1.648735168936112e-007	9.958639e-001	0.000000e+000
1.651635097746876e-007	9.956747e-001	0.000000e+000
1.654564785246876e-007	9.953811e-001	0.000000e+000
1.657494472746876e-007	9.950013e-001	0.000000e+000
1.660380603619185e-007	9.945803e-001	0.000000e+000
1.663096104772542e-007	9.941803e-001	0.000000e+000
1.666025792272542e-007	9.937872e-001	0.000000e+000
1.668955479772542e-007	9.934714e-001	0.000000e+000
1.671885167272543e-007	9.932638e-001	0.000000e+000
1.674814854772543e-007	9.931826e-001	0.000000e+000
1.677744542272543e-007	9.932309e-001	0.000000e+000
1.680674229772543e-007	9.933941e-001	0.000000e+000
1.683128626498249e-007	9.936040e-001	0.000000e+000
1.685045443833567e-007	9.938057e-001	0.000000e+000
1.687221330086620e-007	9.940561e-001	0.000000e+000
1.689201259362969e-007	9.942853e-001	0.000000e+000
1.691788449987034e-007	9.945638e-001	0.000000e+000
1.694368813817237e-007	9.947926e-001	0.000000e+000
1.697252424205815e-007	9.949626e-001	0.000000e+000
1.700182111705815e-007	9.950246e-001	0.000000e+000
1.703111799205815e-007	9.949629e-001	0.000000e+000
1.706041486705815e-007	9.947811e-001	0.000000e+000
1.708971174205815e-007	9.944977e-001	0.000000e+000
1.711736190586057e-007	9.941617e-001	0.000000e+000
1.714627018721031e-007	9.937747e-001	0.000000e+000
1.717556706221031e-007	9.933865e-001	0.000000e+000
1.720405404698104e-007	9.930515e-001	0.000000e+000
1.723335092198104e-007	9.927851e-001	0.000000e+000
1.726264779698104e-007	9.926224e-001	0.000000e+000
1.729194467198104e-007	9.925773e-001	0.000000e+000
1.732124154698104e-007	9.926490e-001	0.000000e+000
1.735053842198104e-007	9.928231e-001	0.000000e+000
1.737983529698104e-007	9.930733e-001	0.000000e+000
1.740913217198104e-007	9.933649e-001	0.000000e+000
1.743700913490701e-007	9.936444e-001	0.000000e+000
1.746630600990702e-007	9.939050e-001	0.000000e+000
1.749081503976536e-007	9.940734e-001	0.000000e+000
1.751222235787462e-007	9.941652e-001	0.000000e+000
1.753332226819330e-007	9.941908e-001	0.000000e+000
1.756245221764989e-007	9.941273e-001	0.000000e+000
1.759174909264989e-007	9.939614e-001	0.000000e+000
1.762104596764989e-007	9.937018e-001	0.000000e+000
1.765034284264989e-007	9.933754e-001	0.000000e+000
1.767963971764989e-007	9.930173e-001	0.000000e+000
1.770893659264989e-007	9.926659e-001	0.000000e+000
1.773823346764989e-007	9.923584e-001	0.000000e+000
1.776753034264989e-007	9.921266e-001	0.000000e+000
1.779682721764989e-007	9.919928e-001	0.000000e+000
1.782612409264989e-007	9.919671e-001	0.000000e+000
1.785542096764989e-007	9.920460e-001	0.000000e+000
1.788342216403639e-007	9.922062e-001	0.000000e+000
1.791144906934098e-007	9.924273e-001	0.000000e+000
1.794074594434098e-007	9.926897e-001	0.000000e+000
1.797004281934098e-007	9.929477e-001	0.000000e+000
1.799933969434098e-007	9.931656e-001	0.000000e+000
1.802863656934098e-007	9.933127e-001	0.000000e+000
1.805793344434098e-007	9.933668e-001	0.000000e+000
1.808723031934098e-007	9.933176e-001	0.000000e+000
1.811652719434098e-007	9.931673e-001	0.000000e+000
1.814582406934098e-007	9.929304e-001	0.000000e+000
1.817512094434098e-007	9.926317e-001	0.000000e+000
1.820441781934098e-007	9.923037e-001	0.000000e+000
1.823371469434098e-007	9.919819e-001	0.000000e+000
1.826301156934099e-007	9.917008e-001	0.000000e+000
1.829230844434099e-007	9.914891e-001	0.000000e+000
1.832113357147245e-007	9.913690e-001	0.000000e+000
1.835043044647245e-007	9.913458e-001	0.000000e+000
1.837972732147246e-007	9.914181e-001	0.000000e+000
1.840902419647246e-007	9.915714e-001	0.000000e+000
1.843832107147246e-007	9.917809e-001	0.000000e+000
1.846761794647246e-007	9.920150e-001	0.000000e+000
1.849691482147246e-007	9.922422e-001	0.000000e+000
1.852026099090836e-007	9.923946e-001	0.000000e+000
1.854556901888793e-007	9.925083e-001	0.000000e+000
1.857336905316606e-007	9.925591e-001	0.000000e+000
1.860266592816606e-007	9.925215e-001	0.000000e+000
1.863196280316606e-007	9.923900e-001	0.000000e+000
1.866125967816606e-007	9.921749e-001	0.000000e+000
1.869055655316606e-007	9.918981e-001	0.000000e+000
1.871643517353461e-007	9.916232e-001	0.000000e+000
1.873803770016514e-007	9.913874e-001	0.000000e+000
1.875954781743574e-007	9.911640e-001	0.000000e+000
1.878536451974929e-007	9.909298e-001	0.000000e+000
1.881466139474929e-007	9.907207e-001	0.000000e+000
1.883962666914478e-007	9.906043e-001	0.000000e+000
1.886663347747048e-007	9.905504e-001	0.000000e+000
1.889307783675709e-007	9.905642e-001	0.000000e+000
1.892237471175709e-007	9.906424e-001	0.000000e+000
1.895167158675709e-007	9.907610e-001	0.000000e+000
1.898096846175709e-007	9.908907e-001	0.000000e+000
1.901026533675709e-007	9.909996e-001	0.000000e+000
1.903475539396893e-007	9.910513e-001	0.000000e+000
1.905558132220346e-007	9.910467e-001	0.000000e+000
1.907908997449235e-007	9.909717e-001	0.000000e+000
1.910710186558143e-007	9.907821e-001	0.000000e+000
1.913639874058143e-007	9.904743e-001	0.000000e+000
1.915558425890235e-007	9.901997e-001	0.000000e+000
1.918044237872049e-007	9.897570e-001	0.000000e+000
1.920405880084063e-007	9.892625e-001	0.000000e+000
1.923335567584063e-007	9.885614e-001	0.000000e+000
1.926265255084063e-007	9.877856e-001	0.000000e+000
1.929194942584063e-007	9.869457e-001	0.000000e+000
1.932124630084063e-007	9.860518e-001	0.000000e+000
1.935054317584063e-007	9.851038e-001	0.000000e+000
1.937984005084064e-007	9.840935e-001	0.000000e+000
1.940488393522021e-007	9.831643e-001	0.000000e+000
1.942643236548988e-007	9.822938e-001	0.000000e+000
1.944825579381105e-007	9.813182e-001	0.000000e+000
1.947399857588934e-007	9.800150e-001	0.000000e+000
1.950329545088934e-007	9.782956e-001	0.000000e+000
1.953259232588934e-007	9.762653e-001	0.000000e+000
1.956188920088934e-007	9.738512e-001	0.000000e+000
1.959118607588934e-007	9.709893e-001	0.000000e+000
1.962048295088934e-007	9.676208e-001	0.000000e+000
1.964977982588935e-007	9.636934e-001	0.000000e+000
1.967907670088935e-007	9.591614e-001	0.000000e+000
1.970837357588935e-007	9.540049e-001	0.000000e+000
1.973443734867265e-007	9.488596e-001	0.000000e+000
1.975856098315342e-007	9.435760e-001	0.000000e+000
1.978406786938875e-007	9.374123e-001	0.000000e+000
1.981336474438875e-007	9.296309e-001	0.000000e+000
1.984052348945451e-007	9.216976e-001	0.000000e+000
1.986982036445451e-007	9.122877e-001	0.000000e+000
1.989911723945451e-007	9.019645e-001	0.000000e+000
1.992841411445452e-007	8.906417e-001	0.000000e+000
1.995771098945452e-007	8.782419e-001	0.000000e+000
1.998700786445452e-007	8.646839e-001	0.000000e+000
2.001630473945452e-007	8.498876e-001	0.000000e+000
2.004560161445452e-007	8.337783e-001	0.000000e+000
2.007489848945452e-007	8.162920e-001	0.000000e+000
2.010419536445452e-007	7.973804e-001	0.000000e+000
2.013349223945452e-007	7.770143e-001	0.000000e+000
2.016278911445452e-007	7.551863e-001	0.000000e+000
2.019208598945452e-007	7.319755e-001	0.000000e+000
2.021605930131778e-007	7.119313e-001	0.000000e+000
2.023987613281752e-007	6.910632e-001	0.000000e+000
2.026365683794069e-007	6.693917e-001	0.000000e+000
2.028476082210911e-007	6.494805e-001	0.000000e+000
2.030586672657762e-007	6.289546e-001	0.000000e+000
2.032639833642742e-007	6.084083e-001	0.000000e+000
2.035569521142742e-007	5.782784e-001	0.000000e+000
2.038499208642742e-007	5.473812e-001	0.000000e+000
2.041428896142742e-007	5.157804e-001	0.000000e+000
2.044358583642742e-007	4.836248e-001	0.000000e+000
2.047288271142742e-007	4.510790e-001	0.000000e+000
2.049613284397596e-007	4.250641e-001	0.000000e+000
2.052189286139836e-007	3.961563e-001	0.000000e+000
2.054148086061387e-007	3.741902e-001	0.000000e+000
2.055921208042050e-007	3.543802e-001	0.000000e+000
2.058060316370240e-007	3.306417e-001	0.000000e+000
2.060275195874112e-007	3.063225e-001	0.000000e+000
2.062726042331342e-007	2.798545e-001	0.000000e+000
2.065655729831342e-007	2.489518e-001	0.000000e+000
2.068585417331342e-007	2.190240e-001	0.000000e+000
2.071515104831342e-007	1.902773e-001	0.000000e+000
2.074159690588370e-007	1.655364e-001	0.000000e+000
2.076776551981603e-007	1.423700e-001	0.000000e+000
2.079405802952498e-007	1.204939e-001	0.000000e+000
2.081908694480562e-007	1.010425e-001	0.000000e+000
2.084121227651284e-007	8.507836e-002	0.000000e+000
2.086325777084651e-007	7.037392e-002	0.000000e+000
2.088400667333991e-007	5.775342e-002	0.000000e+000
2.091330354833991e-007	4.180876e-002	0.000000e+000
2.094260042333991e-007	2.787020e-002	0.000000e+000
2.097189729833991e-007	1.606012e-002	0.000000e+000
2.100119417333992e-007	6.306505e-003	0.000000e+000
2.103049104833992e-007	-1.495854e-003	0.000000e+000
2.105978792333992e-007	-7.480203e-003	0.000000e+000
2.108908479833992e-007	-1.185451e-002	0.000000e+000
2.111403149953235e-007	-1.442111e-002	0.000000e+000
2.113537313194146e-007	-1.579476e-002	0.000000e+000
2.115667134738757e-007	-1.650529e-002	0.000000e+000
2.117681978567340e-007	-1.661431e-002	0.000000e+000
2.120552545178074e-007	-1.602472e-002	0.000000e+000
2.123482232678074e-007	-1.475150e-002	0.000000e+000
2.126411920178074e-007	-1.290664e-002	0.000000e+000
2.129341607678074e-007	-1.065720e-002	0.000000e+000
2.132271295178074e-007	-8.165313e-003	0.000000e+000
2.135200982678074e-007	-5.577462e-003	0.000000e+000
2.137568653964303e-007	-3.496624e-003	0.000000e+000
2.139032279991831e-007	-2.251408e-003	0.000000e+000
2.140508404441397e-007	-1.060444e-003	0.000000e+000
2.142456538254051e-007	4.000445e-004	0.000000e+000
2.144483365474198e-007	1.764044e-003	0.000000e+000
2.146679987018890e-007	3.030339e-003	0.000000e+000
2.148839466774424e-007	4.030874e-003	0.000000e+000
2.151122679714880e-007	4.801976e-003	0.000000e+000
2.153338671735668e-007	5.263083e-003	0.000000e+000
2.155345359597374e-007	5.416065e-003	0.000000e+000
2.157431857859993e-007	5.281022e-003	0.000000e+000
2.160361545359993e-007	4.663827e-003	0.000000e+000
2.163291232859993e-007	3.615896e-003	0.000000e+000
2.166220920359993e-007	2.161790e-003	0.000000e+000
2.169081445478406e-007	4.251944e-004	0.000000e+000
2.171746042823214e-007	-1.402121e-003	0.000000e+000
2.173947634997644e-007	-3.017500e-003	0.000000e+000
2.175711902601906e-007	-4.353422e-003	0.000000e+000
2.177187011934584e-007	-5.480630e-003	0.000000e+000
2.178274784682427e-007	-6.307998e-003	0.000000e+000
2.179743284801359e-007	-7.408452e-003	0.000000e+000
2.181343981438473e-007	-8.569699e-003	0.000000e+000
2.183927625296148e-007	-1.033602e-002	0.000000e+000
2.186857312796148e-007	-1.215680e-002	0.000000e+000
2.189787000296148e-007	-1.373672e-002	0.000000e+000
2.192716687796148e-007	-1.504273e-002	0.000000e+000
2.195646375296148e-007	-1.606576e-002	0.000000e+000
2.198576062796148e-007	-1.681350e-002	0.000000e+000
2.201505750296148e-007	-1.730711e-002	0.000000e+000
2.204435437796148e-007	-1.758689e-002	0.000000e+000
2.206710116372546e-007	-1.767007e-002	0.000000e+000
2.209008289522814e-007	-1.764579e-002	0.000000e+000
2.211579248261757e-007	-1.752279e-002	0.000000e+000
2.214508935761757e-007	-1.729134e-002	0.000000e+000
2.217438623261757e-007	-1.698571e-002	0.000000e+000
2.220368310761757e-007	-1.662179e-002	0.000000e+000
2.223297998261757e-007	-1.621284e-002	0.000000e+000
2.226227685761757e-007	-1.576732e-002	0.000000e+000
2.229139862282350e-007	-1.529377e-002	0.000000e+000
2.232069549782350e-007	-1.479180e-002	0.000000e+000
2.234999237282350e-007	-1.427143e-002	0.000000e+000
2.237928924782350e-007	-1.374251e-002	0.000000e+000
2.240086283818608e-007	-1.335557e-002	0.000000e+000
2.242318495992705e-007	-1.296768e-002	0.000000e+000
2.244623223048585e-007	-1.259395e-002	0.000000e+000
2.247552910548585e-007	-1.217469e-002	0.000000e+000
2.250482598048585e-007	-1.183721e-002	0.000000e+000
2.253412285548585e-007	-1.160828e-002	0.000000e+000
2.256341973048585e-007	-1.150794e-002	0.000000e+000
2.259271660548585e-007	-1.154950e-002	0.000000e+000
2.262201348048585e-007	-1.172897e-002	0.000000e+000
2.264406330896652e-007	-1.196171e-002	0.000000e+000
2.266952011643125e-007	-1.233291e-002	0.000000e+000
2.269881699143125e-007	-1.285616e-002	0.000000e+000
2.272523428819909e-007	-1.339622e-002	0.000000e+000
2.275205322658505e-007	-1.398704e-002	0.000000e+000
2.278135010158505e-007	-1.464269e-002	0.000000e+000
2.280999568730900e-007	-1.526132e-002	0.000000e+000
2.283403282450438e-007	-1.573786e-002	0.000000e+000
2.285701094534894e-007	-1.613468e-002	0.000000e+000
2.288137080394396e-007	-1.647865e-002	0.000000e+000
2.290659764730349e-007	-1.674519e-002	0.000000e+000
2.292935943055052e-007	-1.689878e-002	0.000000e+000
2.295200567421813e-007	-1.695823e-002	0.000000e+000
2.298130254921813e-007	-1.691765e-002	0.000000e+000
2.300555637945005e-007	-1.679517e-002	0.000000e+000
2.302492696648668e-007	-1.663261e-002	0.000000e+000
2.304789239282612e-007	-1.637806e-002	0.000000e+000
2.307037570435558e-007	-1.607855e-002	0.000000e+000
2.309657833242856e-007	-1.568243e-002	0.000000e+000
2.311715401158964e-007	-1.534629e-002	0.000000e+000
2.313661415113491e-007	-1.501453e-002	0.000000e+000
2.315144076915535e-007	-1.475788e-002	0.000000e+000
2.316128056228147e-007	-1.458751e-002	0.000000e+000
2.317296058446849e-007	-1.438739e-002	0.000000e+000
2.318718370772124e-007	-1.414882e-002	0.000000e+000
2.320293861139112e-007	-1.389420e-002	0.000000e+000
2.322156421532920e-007	-1.361042e-002	0.000000e+000
2.324127305585639e-007	-1.333587e-002	0.000000e+000
2.326299478919604e-007	-1.307238e-002	0.000000e+000
2.328843353957939e-007	-1.282068e-002	0.000000e+000
2.331201862886039e-007	-1.264824e-002	0.000000e+000
2.333330370663589e-007	-1.255302e-002	0.000000e+000
2.335460719857380e-007	-1.251976e-002	0.000000e+000
2.337565670761835e-007	-1.254918e-002	0.000000e+000
2.339658595428155e-007	-1.264036e-002	0.000000e+000
2.341613641338978e-007	-1.278294e-002	0.000000e+000
2.343721357366115e-007	-1.299627e-002	0.000000e+000
2.345787997194267e-007	-1.326120e-002	0.000000e+000
2.348099055268499e-007	-1.361557e-002	0.000000e+000
2.350522635707674e-007	-1.403752e-002	0.000000e+000
2.352651556145961e-007	-1.444098e-002	0.000000e+000
2.355077756992566e-007	-1.492036e-002	0.000000e+000
2.357614964153468e-007	-1.542022e-002	0.000000e+000
2.359820155258233e-007	-1.583614e-002	0.000000e+000
2.361599610944226e-007	-1.614514e-002	0.000000e+000
2.363248427576831e-007	-1.639074e-002	0.000000e+000
2.366178115076831e-007	-1.672861e-002	0.000000e+000
2.368836317626663e-007	-1.691981e-002	0.000000e+000
2.371308011276387e-007	-1.697496e-002	0.000000e+000
2.373224733475217e-007	-1.692222e-002	0.000000e+000
2.375443087669055e-007	-1.675213e-002	0.000000e+000
2.377856126677613e-007	-1.645241e-002	0.000000e+000
2.380471884892157e-007	-1.601027e-002	0.000000e+000
2.382864091645032e-007	-1.551775e-002	0.000000e+000
2.385064440193091e-007	-1.500795e-002	0.000000e+000
2.387104607022984e-007	-1.450789e-002	0.000000e+000
2.389074346773056e-007	-1.402397e-002	0.000000e+000
2.391857210463479e-007	-1.337118e-002	0.000000e+000
2.393921560161437e-007	-1.293262e-002	0.000000e+000
2.395715663514393e-007	-1.260908e-002	0.000000e+000
2.397687655651903e-007	-1.233094e-002	0.000000e+000
2.399855373480901e-007	-1.213221e-002	0.000000e+000
2.402452953715906e-007	-1.204591e-002	0.000000e+000
2.404947990244551e-007	-1.211083e-002	0.000000e+000
2.406673972798666e-007	-1.225565e-002	0.000000e+000
2.408714622297317e-007	-1.253551e-002	0.000000e+000
2.411190662637583e-007	-1.298656e-002	0.000000e+000
2.413455797404132e-007	-1.348468e-002	0.000000e+000
2.415411252041059e-007	-1.396741e-002	0.000000e+000
2.417391440490753e-007	-1.448346e-002	0.000000e+000
2.419390952786647e-007	-1.500750e-002	0.000000e+000
2.421412007167305e-007	-1.551785e-002	0.000000e+000
2.423307448315214e-007	-1.595770e-002	0.000000e+000
2.425286625561315e-007	-1.635532e-002	0.000000e+000
2.427427746790265e-007	-1.669479e-002	0.000000e+000
2.429827496863798e-007	-1.694712e-002	0.000000e+000
2.432325604133076e-007	-1.706514e-002	0.000000e+000
2.434212616485945e-007	-1.705346e-002	0.000000e+000
2.435328306462425e-007	-1.699363e-002	0.000000e+000
2.436837351107801e-007	-1.685032e-002	0.000000e+000
2.438703274443851e-007	-1.660181e-002	0.000000e+000
2.440645341694329e-007	-1.627097e-002	0.000000e+000
2.442339650885543e-007	-1.592694e-002	0.000000e+000
2.444274650174128e-007	-1.548634e-002	0.000000e+000
2.446086584332204e-007	-1.504603e-002	0.000000e+000
2.448365320356135e-007	-1.447943e-002	0.000000e+000
2.450442897651946e-007	-1.397694e-002	0.000000e+000
2.452758586010693e-007	-1.346057e-002	0.000000e+000
2.454934094114115e-007	-1.304479e-002	0.000000e+000
2.457388439707069e-007	-1.267045e-002	0.000000e+000
2.458985019035655e-007	-1.249847e-002	0.000000e+000
2.461056447154864e-007	-1.237633e-002	0.000000e+000
2.463186958079248e-007	-1.236005e-002	0.000000e+000
2.465735249249811e-007	-1.247993e-002	0.000000e+000
2.468069452651394e-007	-1.271039e-002	0.000000e+000
2.470323082095194e-007	-1.303369e-002	0.000000e+000
2.472348200206384e-007	-1.339151e-002	0.000000e+000
2.474174300976159e-007	-1.375483e-002	0.000000e+000
2.475622338206535e-007	-1.406145e-002	0.000000e+000
2.477029930475803e-007	-1.436649e-002	0.000000e+000
2.479294353801574e-007	-1.484953e-002	0.000000e+000
2.481724018132761e-007	-1.534073e-002	0.000000e+000
2.483348678134893e-007	-1.563684e-002	0.000000e+000
2.485227146909565e-007	-1.592745e-002	0.000000e+000
2.487400835085350e-007	-1.618969e-002	0.000000e+000
2.489726431962828e-007	-1.637371e-002	0.000000e+000
2.492032694240720e-007	-1.644727e-002	0.000000e+000
2.494489095681466e-007	-1.640587e-002	0.000000e+000
2.496867834232163e-007	-1.626087e-002	0.000000e+000
2.498630582941437e-007	-1.608683e-002	0.000000e+000
2.500378955574986e-007	-1.586108e-002	0.000000e+000
2.502258926532062e-007	-1.557520e-002	0.000000e+000
2.504204822238654e-007	-1.524539e-002	0.000000e+000
2.506223652231032e-007	-1.488115e-002	0.000000e+000
2.508370656711580e-007	-1.448687e-002	0.000000e+000
2.510442968141700e-007	-1.411701e-002	0.000000e+000
2.512601177950943e-007	-1.375746e-002	0.000000e+000
2.514205892258544e-007	-1.351889e-002	0.000000e+000
2.516010617114228e-007	-1.329301e-002	0.000000e+000
2.518117619508194e-007	-1.308832e-002	0.000000e+000
2.520234674552862e-007	-1.295661e-002	0.000000e+000
2.522758500475286e-007	-1.289559e-002	0.000000e+000
2.524819974509027e-007	-1.292647e-002	0.000000e+000
2.527081684534402e-007	-1.304774e-002	0.000000e+000
2.529442074330269e-007	-1.325377e-002	0.000000e+000
2.531600908278699e-007	-1.350650e-002	0.000000e+000
2.534120255006097e-007	-1.385875e-002	0.000000e+000
2.536218997622120e-007	-1.418191e-002	0.000000e+000
2.537795137202904e-007	-1.443566e-002	0.000000e+000
2.539338695407005e-007	-1.468510e-002	0.000000e+000
2.540824704134417e-007	-1.491683e-002	0.000000e+000
2.543215678963037e-007	-1.525861e-002	0.000000e+000
2.545877808377393e-007	-1.558499e-002	0.000000e+000
2.548011214643183e-007	-1.578698e-002	0.000000e+000
2.550117713639465e-007	-1.591993e-002	0.000000e+000
2.552032235539561e-007	-1.597863e-002	0.000000e+000
2.553964828172224e-007	-1.597076e-002	0.000000e+000
2.556258198889704e-007	-1.588501e-002	0.000000e+000
2.557997065747921e-007	-1.576320e-002	0.000000e+000
2.560090177448762e-007	-1.555183e-002	0.000000e+000
2.562304003227336e-007	-1.526995e-002	0.000000e+000
2.564675970754287e-007	-1.491549e-002	0.000000e+000
2.567165038111101e-007	-1.450757e-002	0.000000e+000
2.569577454535395e-007	-1.410015e-002	0.000000e+000
2.571961205628199e-007	-1.371012e-002	0.000000e+000
2.574360061066769e-007	-1.335056e-002	0.000000e+000
2.576224063636604e-007	-1.311141e-002	0.000000e+000
2.578408640364129e-007	-1.288942e-002	0.000000e+000
2.580388361807918e-007	-1.275222e-002	0.000000e+000
2.582900033056852e-007	-1.267305e-002	0.000000e+000
2.585419784057869e-007	-1.269681e-002	0.000000e+000
2.588145438530612e-007	-1.283309e-002	0.000000e+000
2.590469129495342e-007	-1.303087e-002	0.000000e+000
2.592833311173929e-007	-1.329210e-002	0.000000e+000
2.593989426338258e-007	-1.343749e-002	0.000000e+000
2.595001286964669e-007	-1.357346e-002	0.000000e+000
2.595953645461519e-007	-1.370456e-002	0.000000e+000
2.597608265359748e-007	-1.393216e-002	0.000000e+000
2.599426330500098e-007	-1.417070e-002	0.000000e+000
2.601856197909491e-007	-1.445329e-002	0.000000e+000
2.604201483844540e-007	-1.466566e-002	0.000000e+000
2.606637451692186e-007	-1.479797e-002	0.000000e+000
2.609011719578556e-007	-1.481900e-002	0.000000e+000
2.611663372668116e-007	-1.470747e-002	0.000000e+000
2.614065968038414e-007	-1.447713e-002	0.000000e+000
2.616653933019507e-007	-1.410022e-002	0.000000e+000
2.618452072194775e-007	-1.376071e-002	0.000000e+000
2.620606786535538e-007	-1.327280e-002	0.000000e+000
2.623293732277759e-007	-1.258917e-002	0.000000e+000
2.625825758400683e-007	-1.189679e-002	0.000000e+000
2.628639838516617e-007	-1.110982e-002	0.000000e+000
2.631465011946863e-007	-1.034455e-002	0.000000e+000
2.634217704349095e-007	-9.659971e-003	0.000000e+000
2.637024675361992e-007	-9.052571e-003	0.000000e+000
2.639844679192607e-007	-8.540270e-003	0.000000e+000
2.641793571697901e-007	-8.245768e-003	0.000000e+000
2.642987639145960e-007	-8.094228e-003	0.000000e+000
2.644336556801275e-007	-7.945990e-003	0.000000e+000
2.645704252098180e-007	-7.813820e-003	0.000000e+000
2.647736270445688e-007	-7.638171e-003	0.000000e+000
2.649716553420860e-007	-7.474406e-003	0.000000e+000
2.652035934894204e-007	-7.270260e-003	0.000000e+000
2.654202963960324e-007	-7.041659e-003	0.000000e+000
2.656387042159236e-007	-6.736560e-003	0.000000e+000
2.659288347923371e-007	-6.186429e-003	0.000000e+000
2.661914233478418e-007	-5.515259e-003	0.000000e+000
2.664509384055067e-007	-4.643480e-003	0.000000e+000
2.667185311350037e-007	-3.507297e-003	0.000000e+000
2.670114998850037e-007	-1.989502e-003	0.000000e+000
2.673044686350037e-007	-2.146823e-004	0.000000e+000
2.675245554829601e-007	1.282615e-003	0.000000e+000
2.676973478815999e-007	2.560628e-003	0.000000e+000
2.678876879942120e-007	4.054163e-003	0.000000e+000
2.680905925817942e-007	5.720783e-003	0.000000e+000
2.683158830670529e-007	7.641415e-003	0.000000e+000
2.685704362690642e-007	9.871212e-003	0.000000e+000
2.688125146913626e-007	1.202923e-002	0.000000e+000
2.690340353105894e-007	1.402404e-002	0.000000e+000
2.692584220104996e-007	1.605686e-002	0.000000e+000
2.695156696582087e-007	1.840224e-002	0.000000e+000
2.697776557039136e-007	2.081695e-002	0.000000e+000
2.700194660912778e-007	2.308794e-002	0.000000e+000
2.702450656418499e-007	2.526685e-002	0.000000e+000
2.704569517858540e-007	2.739215e-002	0.000000e+000
2.706754444273784e-007	2.970239e-002	0.000000e+000
2.709684131773784e-007	3.301715e-002	0.000000e+000
2.712613819273784e-007	3.661548e-002	0.000000e+000
2.715543506773784e-007	4.056093e-002	0.000000e+000
2.718473194273784e-007	4.488835e-002	0.000000e+000
2.721402881773784e-007	4.960611e-002	0.000000e+000
2.724106681306772e-007	5.428907e-002	0.000000e+000
2.726069767389826e-007	5.790018e-002	0.000000e+000
2.728205361917091e-007	6.202169e-002	0.000000e+000
2.730261042981910e-007	6.614707e-002	0.000000e+000
2.732662648848467e-007	7.113459e-002	0.000000e+000
2.735156176488932e-007	7.646352e-002	0.000000e+000
2.738085863988932e-007	8.286728e-002	0.000000e+000
2.741015551488932e-007	8.936768e-002	0.000000e+000
2.743945238988932e-007	9.592111e-002	0.000000e+000
2.746874926488932e-007	1.024903e-001	0.000000e+000
2.749374723422222e-007	1.080898e-001	0.000000e+000
2.751935026154765e-007	1.138114e-001	0.000000e+000
2.754476960291641e-007	1.194802e-001	0.000000e+000
2.757133252733277e-007	1.253990e-001	0.000000e+000
2.759837650322037e-007	1.314308e-001	0.000000e+000
2.762307823762764e-007	1.369554e-001	0.000000e+000
2.764847164049346e-007	1.426581e-001	0.000000e+000
2.767750968107711e-007	1.492067e-001	0.000000e+000
2.770680655607711e-007	1.558298e-001	0.000000e+000
2.773610343107711e-007	1.624405e-001	0.000000e+000
2.776540030607711e-007	1.689907e-001	0.000000e+000
2.779469718107711e-007	1.754144e-001	0.000000e+000
2.782399405607712e-007	1.816306e-001	0.000000e+000
2.785329093107712e-007	1.875533e-001	0.000000e+000
2.788098418429603e-007	1.928083e-001	0.000000e+000
2.790444085985418e-007	1.969073e-001	0.000000e+000
2.793107067991156e-007	2.010877e-001	0.000000e+000
2.796036755491156e-007	2.050847e-001	0.000000e+000
2.798966442991156e-007	2.083845e-001	0.000000e+000
2.801896130491156e-007	2.109179e-001	0.000000e+000
2.804825817991156e-007	2.126468e-001	0.000000e+000
2.807755505491156e-007	2.135486e-001	0.000000e+000
2.810685192991156e-007	2.136450e-001	0.000000e+000
2.813187342309877e-007	2.130512e-001	0.000000e+000
2.815937680210021e-007	2.116617e-001	0.000000e+000
2.818867367710021e-007	2.094337e-001	0.000000e+000
2.821397633945938e-007	2.068950e-001	0.000000e+000
2.823485068532230e-007	2.043148e-001	0.000000e+000
2.825889266044973e-007	2.008279e-001	0.000000e+000
2.828065356098261e-007	1.971850e-001	0.000000e+000
2.830995043598261e-007	1.915640e-001	0.000000e+000
2.833924731098261e-007	1.851852e-001	0.000000e+000
2.836854418598261e-007	1.779914e-001	0.000000e+000
2.839784106098261e-007	1.699810e-001	0.000000e+000
2.842713793598261e-007	1.611603e-001	0.000000e+000
2.845643481098261e-007	1.515478e-001	0.000000e+000
2.848573168598261e-007	1.411775e-001	0.000000e+000
2.851502856098262e-007	1.301235e-001	0.000000e+000
2.854002179834417e-007	1.201848e-001	0.000000e+000
2.856469215321432e-007	1.099655e-001	0.000000e+000
2.858512568316807e-007	1.012505e-001	0.000000e+000
2.860013210924908e-007	9.470795e-002	0.000000e+000
2.861908792155476e-007	8.630870e-002	0.000000e+000
2.864022369345584e-007	7.683596e-002	0.000000e+000
2.865940755707856e-007	6.817202e-002	0.000000e+000
2.868262977706150e-007	5.765973e-002	0.000000e+000
2.870845513230821e-007	4.601438e-002	0.000000e+000
2.873160390838711e-007	3.568069e-002	0.000000e+000
2.875259356333385e-007	2.645524e-002	0.000000e+000
2.877179296772270e-007	1.818791e-002	0.000000e+000
2.879281938533604e-007	9.358288e-003	0.000000e+000
2.881342120339915e-007	9.965047e-004	0.000000e+000
2.884271807839916e-007	-1.041508e-002	0.000000e+000
2.886496044132945e-007	-1.865124e-002	0.000000e+000
2.889070894599885e-007	-2.759863e-002	0.000000e+000
2.892000582099885e-007	-3.706429e-002	0.000000e+000
2.894820906127101e-007	-4.539971e-002	0.000000e+000
2.897750593627101e-007	-5.318620e-002	0.000000e+000
2.900680281127101e-007	-6.006595e-002	0.000000e+000
2.903609968627101e-007	-6.600253e-002	0.000000e+000
2.906539656127101e-007	-7.098939e-002	0.000000e+000
2.909277605031713e-007	-7.474639e-002	0.000000e+000
2.912207292531713e-007	-7.784048e-002	0.000000e+000
2.914530234825820e-007	-7.959549e-002	0.000000e+000
2.916873748764576e-007	-8.068108e-002	0.000000e+000
2.919348934638857e-007	-8.115266e-002	0.000000e+000
2.921703199318471e-007	-8.093332e-002	0.000000e+000
2.924632886818472e-007	-7.981156e-002	0.000000e+000
2.927562574318472e-007	-7.785271e-002	0.000000e+000
2.930492261818472e-007	-7.511320e-002	0.000000e+000
2.932840165959516e-007	-7.236754e-002	0.000000e+000
2.935517558721492e-007	-6.869169e-002	0.000000e+000
2.938447246221492e-007	-6.418031e-002	0.000000e+000
2.941376933721492e-007	-5.927827e-002	0.000000e+000
2.943958137413910e-007	-5.472491e-002	0.000000e+000
2.946404404096816e-007	-5.029394e-002	0.000000e+000
2.948895123870788e-007	-4.576958e-002	0.000000e+000
2.951824811370788e-007	-4.055038e-002	0.000000e+000
2.954754498870788e-007	-3.553144e-002	0.000000e+000
2.956929477872591e-007	-3.201501e-002	0.000000e+000
2.959065508351208e-007	-2.880791e-002	0.000000e+000
2.961317564320857e-007	-2.573913e-002	0.000000e+000
2.964247251820857e-007	-2.222937e-002	0.000000e+000
2.967016797226833e-007	-1.944458e-002	0.000000e+000
2.969946484726833e-007	-1.712781e-002	0.000000e+000
2.972876172226833e-007	-1.543918e-002	0.000000e+000
2.975500665942436e-007	-1.444475e-002	0.000000e+000
2.977361425296524e-007	-1.407518e-002	0.000000e+000
2.979546494582159e-007	-1.399928e-002	0.000000e+000
2.981873917345797e-007	-1.428452e-002	0.000000e+000
2.984548214320338e-007	-1.505130e-002	0.000000e+000
2.987332990016144e-007	-1.630693e-002	0.000000e+000
2.990262677516144e-007	-1.809326e-002	0.000000e+000
2.993192365016144e-007	-2.030583e-002	0.000000e+000
2.996122052516144e-007	-2.289557e-002	0.000000e+000
2.999051740016145e-007	-2.576177e-002	0.000000e+000
3.000000000000000e-007	-2.674503e-002	0.000000e+000
