time	V(out)	V(n001)
0.000000000000000e+000	0.000000e+000	0.000000e+000
2.929687488293547e-015	0.000000e+000	3.906250e-007
5.859374976587093e-015	0.000000e+000	7.812500e-007
6.862165151151572e-012	0.000000e+000	9.149554e-004
1.371847092732656e-011	0.000000e+000	1.829129e-003
2.057477670350154e-011	0.000000e+000	2.743304e-003
2.743108247967653e-011	0.000000e+000	3.657478e-003
3.428738825585152e-011	0.000000e+000	4.571652e-003
4.114369403202650e-011	0.000000e+000	5.485826e-003
4.799999980820147e-011	0.000000e+000	6.400000e-003
9.599999961640293e-011	0.000000e+000	1.280000e-002
1.410731006471519e-010	0.000000e+000	1.880975e-002
1.800360484699701e-010	0.000000e+000	2.400481e-002
2.163501570313949e-010	0.000000e+000	2.884669e-002
2.557089429210023e-010	0.000000e+000	3.409453e-002
2.969943986102463e-010	0.000000e+000	3.959925e-002
3.470930070944919e-010	0.000000e+000	4.627907e-002
4.032572126221141e-010	0.000000e+000	5.376763e-002
4.706226872507808e-010	0.000000e+000	6.274969e-002
5.474284788203255e-010	0.000000e+000	7.299046e-002
6.387325747219689e-010	0.000000e+000	8.516435e-002
7.218928646574491e-010	0.000000e+000	9.625238e-002
7.986966359274605e-010	0.000000e+000	1.064929e-001
8.831181213339970e-010	0.000000e+000	1.177491e-001
9.724007427536876e-010	0.000000e+000	1.296534e-001
1.073084174266352e-009	0.000000e+000	1.430779e-001
1.182204533962823e-009	0.000000e+000	1.576273e-001
1.304728466736237e-009	0.000000e+000	1.739638e-001
1.438988760422154e-009	0.000000e+000	1.918652e-001
1.553610844007864e-009	0.000000e+000	2.071481e-001
1.677156280410468e-009	0.000000e+000	2.236208e-001
1.802244199196261e-009	0.000000e+000	2.402992e-001
1.941395076561270e-009	0.000000e+000	2.588527e-001
2.087498883171345e-009	0.000000e+000	2.783332e-001
2.249028145586674e-009	0.000000e+000	2.998704e-001
2.393473443052887e-009	0.000000e+000	3.191298e-001
2.557607730782452e-009	0.000000e+000	3.410144e-001
2.705920629801728e-009	0.000000e+000	3.607894e-001
2.879542706824670e-009	0.000000e+000	3.839390e-001
3.050004811663141e-009	0.000000e+000	4.066673e-001
3.243884494999620e-009	0.000000e+000	4.325179e-001
3.413873002615502e-009	0.000000e+000	4.551831e-001
3.595522273086035e-009	0.000000e+000	4.794030e-001
3.777246855753268e-009	0.000000e+000	5.036329e-001
3.974935598602505e-009	0.000000e+000	5.299914e-001
4.178901439527921e-009	0.000000e+000	5.571868e-001
4.399584584231137e-009	0.000000e+000	5.866113e-001
4.598923817806871e-009	0.000000e+000	6.131898e-001
4.810263740450750e-009	0.000000e+000	6.413685e-001
5.023594239050839e-009	0.000000e+000	6.698126e-001
5.253088382775351e-009	0.000000e+000	7.004118e-001
5.490449317296449e-009	0.000000e+000	7.320599e-001
5.711348991717422e-009	0.000000e+000	7.615132e-001
5.942815853243385e-009	0.000000e+000	7.923754e-001
6.178325802656296e-009	0.000000e+000	8.237768e-001
6.428869668486390e-009	0.000000e+000	8.571826e-001
6.659885873727126e-009	0.000000e+000	8.879848e-001
6.902877270052340e-009	0.000000e+000	9.203836e-001
7.147864594894452e-009	0.000000e+000	9.530486e-001
7.239389682463406e-009	0.000000e+000	9.652520e-001
7.316949824862092e-009	0.000000e+000	9.755933e-001
7.344879715202627e-009	0.000000e+000	9.793173e-001
7.400739495883697e-009	0.000000e+000	9.867653e-001
7.499999999999999e-009	0.000000e+000	1.000000e+000
7.509926050411629e-009	0.000000e+000	1.000000e+000
7.529778151234890e-009	0.000000e+000	1.000000e+000
7.569482352881410e-009	0.000000e+000	1.000000e+000
7.648890756174452e-009	0.000000e+000	1.000000e+000
7.807707562760536e-009	0.000000e+000	1.000000e+000
8.063324941794527e-009	0.000000e+000	1.000000e+000
8.299945837939229e-009	0.000000e+000	1.000000e+000
8.589209301274252e-009	0.000000e+000	1.000000e+000
8.859868091956582e-009	0.000000e+000	1.000000e+000
9.152836841956583e-009	0.000000e+000	1.000000e+000
9.418426852785977e-009	0.000000e+000	1.000000e+000
9.711395602785978e-009	0.000000e+000	1.000000e+000
1.000288658825360e-008	0.000000e+000	1.000000e+000
1.029585533825361e-008	0.000000e+000	1.000000e+000
1.058171604331684e-008	0.000000e+000	1.000000e+000
1.087468479331684e-008	0.000000e+000	1.000000e+000
1.116765354331684e-008	0.000000e+000	1.000000e+000
1.146062229331684e-008	0.000000e+000	1.000000e+000
1.175359104331684e-008	0.000000e+000	1.000000e+000
1.204655979331684e-008	0.000000e+000	1.000000e+000
1.233952854331684e-008	0.000000e+000	1.000000e+000
1.263249729331684e-008	0.000000e+000	1.000000e+000
1.292546604331684e-008	0.000000e+000	1.000000e+000
1.321843479331685e-008	0.000000e+000	1.000000e+000
1.351140354331685e-008	0.000000e+000	1.000000e+000
1.380437229331685e-008	0.000000e+000	1.000000e+000
1.409734104331685e-008	0.000000e+000	1.000000e+000
1.439030979331685e-008	0.000000e+000	1.000000e+000
1.468327854331685e-008	0.000000e+000	1.000000e+000
1.497624729331685e-008	0.000000e+000	1.000000e+000
1.526921604331685e-008	0.000000e+000	1.000000e+000
1.556218479331685e-008	0.000000e+000	1.000000e+000
1.585515354331685e-008	0.000000e+000	1.000000e+000
1.614812229331685e-008	0.000000e+000	1.000000e+000
1.644109104331685e-008	0.000000e+000	1.000000e+000
1.673405979331685e-008	0.000000e+000	1.000000e+000
1.702702854331685e-008	0.000000e+000	1.000000e+000
1.731999729331685e-008	0.000000e+000	1.000000e+000
1.761296604331685e-008	0.000000e+000	1.000000e+000
1.790593479331685e-008	0.000000e+000	1.000000e+000
1.819890354331685e-008	0.000000e+000	1.000000e+000
1.849187229331685e-008	0.000000e+000	1.000000e+000
1.878484104331685e-008	0.000000e+000	1.000000e+000
1.907780979331685e-008	0.000000e+000	1.000000e+000
1.937077854331685e-008	0.000000e+000	1.000000e+000
1.966374729331685e-008	0.000000e+000	1.000000e+000
1.995671604331686e-008	0.000000e+000	1.000000e+000
2.024968479331686e-008	0.000000e+000	1.000000e+000
2.054265354331686e-008	0.000000e+000	1.000000e+000
2.083562229331686e-008	0.000000e+000	1.000000e+000
2.112859104331686e-008	0.000000e+000	1.000000e+000
2.142155979331686e-008	0.000000e+000	1.000000e+000
2.171452854331686e-008	0.000000e+000	1.000000e+000
2.200749729331686e-008	0.000000e+000	1.000000e+000
2.230046604331686e-008	0.000000e+000	1.000000e+000
2.259343479331686e-008	0.000000e+000	1.000000e+000
2.288640354331686e-008	0.000000e+000	1.000000e+000
2.317937229331686e-008	0.000000e+000	1.000000e+000
2.347234104331686e-008	0.000000e+000	1.000000e+000
2.376530979331686e-008	0.000000e+000	1.000000e+000
2.405827854331686e-008	0.000000e+000	1.000000e+000
2.435124729331686e-008	0.000000e+000	1.000000e+000
2.464421604331686e-008	0.000000e+000	1.000000e+000
2.493718479331686e-008	0.000000e+000	1.000000e+000
2.523015354331686e-008	0.000000e+000	1.000000e+000
2.552312229331686e-008	0.000000e+000	1.000000e+000
2.581609104331687e-008	0.000000e+000	1.000000e+000
2.610905979331687e-008	0.000000e+000	1.000000e+000
2.640202854331687e-008	0.000000e+000	1.000000e+000
2.669499729331687e-008	0.000000e+000	1.000000e+000
2.698796604331687e-008	0.000000e+000	1.000000e+000
2.728093479331687e-008	0.000000e+000	1.000000e+000
2.757390354331687e-008	0.000000e+000	1.000000e+000
2.786687229331687e-008	0.000000e+000	1.000000e+000
2.815984104331687e-008	0.000000e+000	1.000000e+000
2.845280979331687e-008	0.000000e+000	1.000000e+000
2.874577854331687e-008	0.000000e+000	1.000000e+000
2.903874729331687e-008	0.000000e+000	1.000000e+000
2.933171604331687e-008	0.000000e+000	1.000000e+000
2.962468479331687e-008	0.000000e+000	1.000000e+000
2.991765354331687e-008	0.000000e+000	1.000000e+000
3.021062229331687e-008	0.000000e+000	1.000000e+000
3.050359104331687e-008	0.000000e+000	1.000000e+000
3.079655979331687e-008	0.000000e+000	1.000000e+000
3.108952854331687e-008	0.000000e+000	1.000000e+000
3.138249729331687e-008	0.000000e+000	1.000000e+000
3.167546604331688e-008	0.000000e+000	1.000000e+000
3.196843479331688e-008	0.000000e+000	1.000000e+000
3.226140354331688e-008	1.401298e-045	1.000000e+000
3.255437229331688e-008	2.802597e-045	1.000000e+000
3.284734104331688e-008	7.006492e-045	1.000000e+000
3.314030979331688e-008	1.681558e-044	1.000000e+000
3.343327854331688e-008	4.344025e-044	1.000000e+000
3.372624729331688e-008	1.093013e-043	1.000000e+000
3.401921604331688e-008	2.718519e-043	1.000000e+000
3.431218479331688e-008	6.726233e-043	1.000000e+000
3.460515354331688e-008	1.650730e-042	1.000000e+000
3.489812229331688e-008	4.027332e-042	1.000000e+000
3.519109104331688e-008	9.755840e-042	1.000000e+000
3.548405979331688e-008	2.345633e-041	1.000000e+000
3.577702854331688e-008	5.600009e-041	1.000000e+000
3.606999729331688e-008	1.327618e-040	1.000000e+000
3.636296604331688e-008	3.125694e-040	1.000000e+000
3.665593479331688e-008	7.308738e-040	1.000000e+000
3.694890354331688e-008	1.697453e-039	1.000000e+000
3.724187229331688e-008	3.916032e-039	1.000000e+000
3.753484104331689e-008	8.974748e-039	1.000000e+000
3.782780979331689e-008	2.043426e-038	1.000000e+000
3.812077854331689e-008	4.622629e-038	1.000000e+000
3.841374729331689e-008	1.039070e-037	1.000000e+000
3.870671604331689e-008	2.320903e-037	1.000000e+000
3.899968479331689e-008	5.151774e-037	1.000000e+000
3.929265354331689e-008	1.136513e-036	1.000000e+000
3.958562229331689e-008	2.491948e-036	1.000000e+000
3.987859104331689e-008	5.431001e-036	1.000000e+000
4.017155979331689e-008	1.176590e-035	1.000000e+000
4.046452854331689e-008	2.533980e-035	1.000000e+000
4.075749729331689e-008	5.425514e-035	1.000000e+000
4.105046604331689e-008	1.154955e-034	1.000000e+000
4.134343479331689e-008	2.444570e-034	1.000000e+000
4.163640354331689e-008	5.144917e-034	1.000000e+000
4.192937229331689e-008	1.076759e-033	1.000000e+000
4.222234104331689e-008	2.241028e-033	1.000000e+000
4.251530979331689e-008	4.638628e-033	1.000000e+000
4.280827854331689e-008	9.549248e-033	1.000000e+000
4.310124729331690e-008	1.955283e-032	1.000000e+000
4.339421604331690e-008	3.982300e-032	1.000000e+000
4.368718479331690e-008	8.067985e-032	1.000000e+000
4.398015354331690e-008	1.626017e-031	1.000000e+000
4.427312229331690e-008	3.260137e-031	1.000000e+000
4.456609104331690e-008	6.503079e-031	1.000000e+000
4.485905979331690e-008	1.290612e-030	1.000000e+000
4.515202854331690e-008	2.548511e-030	1.000000e+000
4.544499729331690e-008	5.007396e-030	1.000000e+000
4.573796604331690e-008	9.790211e-030	1.000000e+000
4.603093479331690e-008	1.904787e-029	1.000000e+000
4.632390354331690e-008	3.688032e-029	1.000000e+000
4.661687229331690e-008	7.106496e-029	1.000000e+000
4.690984104331690e-008	1.362849e-028	1.000000e+000
4.720280979331690e-008	2.601297e-028	1.000000e+000
4.749577854331690e-008	4.941969e-028	1.000000e+000
4.778874729331690e-008	9.345353e-028	1.000000e+000
4.808171604331690e-008	1.759116e-027	1.000000e+000
4.837468479331690e-008	3.296201e-027	1.000000e+000
4.866765354331690e-008	6.148514e-027	1.000000e+000
4.896062229331691e-008	1.141775e-026	1.000000e+000
4.925359104331691e-008	2.110867e-026	1.000000e+000
4.954655979331691e-008	3.885328e-026	1.000000e+000
4.983952854331691e-008	7.120271e-026	1.000000e+000
5.013249729331691e-008	1.299221e-025	1.000000e+000
5.042546604331691e-008	2.360491e-025	1.000000e+000
5.071843479331691e-008	4.270413e-025	1.000000e+000
5.101140354331691e-008	7.693078e-025	1.000000e+000
5.130437229331691e-008	1.380091e-024	1.000000e+000
5.159734104331691e-008	2.465512e-024	1.000000e+000
5.189030979331691e-008	4.386442e-024	1.000000e+000
5.218327854331691e-008	7.772081e-024	1.000000e+000
5.247624729331691e-008	1.371500e-023	1.000000e+000
5.276921604331691e-008	2.410465e-023	1.000000e+000
5.306218479331691e-008	4.219549e-023	1.000000e+000
5.335515354331691e-008	7.357061e-023	1.000000e+000
5.364812229331691e-008	1.277699e-022	1.000000e+000
5.394109104331691e-008	2.210300e-022	1.000000e+000
5.423405979331691e-008	3.808771e-022	1.000000e+000
5.452702854331691e-008	6.537952e-022	1.000000e+000
5.481999729331692e-008	1.117979e-021	1.000000e+000
5.511296604331692e-008	1.904464e-021	1.000000e+000
5.540593479331692e-008	3.231993e-021	1.000000e+000
5.569890354331692e-008	5.464346e-021	1.000000e+000
5.599187229331692e-008	9.204231e-021	1.000000e+000
5.628484104331692e-008	1.544648e-020	1.000000e+000
5.657780979331692e-008	2.582704e-020	1.000000e+000
5.687077854331692e-008	4.302633e-020	1.000000e+000
5.716374729331692e-008	7.141983e-020	1.000000e+000
5.745671604331692e-008	1.181241e-019	1.000000e+000
5.774968479331692e-008	1.946723e-019	1.000000e+000
5.804265354331692e-008	3.196872e-019	1.000000e+000
5.833562229331692e-008	5.231330e-019	1.000000e+000
5.862859104331692e-008	8.530500e-019	1.000000e+000
5.892155979331692e-008	1.386187e-018	1.000000e+000
5.921452854331692e-008	2.244730e-018	1.000000e+000
5.950749729331692e-008	3.622515e-018	1.000000e+000
5.980046604331692e-008	5.825986e-018	1.000000e+000
6.009343479331692e-008	9.337939e-018	1.000000e+000
6.038640354331691e-008	1.491639e-017	1.000000e+000
6.067937229331691e-008	2.374743e-017	1.000000e+000
6.097234104331690e-008	3.768061e-017	1.000000e+000
6.126530979331689e-008	5.959042e-017	1.000000e+000
6.155827854331689e-008	9.392916e-017	1.000000e+000
6.185124729331688e-008	1.475700e-016	1.000000e+000
6.214421604331687e-008	2.310882e-016	1.000000e+000
6.243718479331687e-008	3.607009e-016	1.000000e+000
6.273015354331686e-008	5.611957e-016	1.000000e+000
6.302312229331686e-008	8.703360e-016	1.000000e+000
6.331609104331685e-008	1.345465e-015	1.000000e+000
6.360905979331684e-008	2.073379e-015	1.000000e+000
6.390202854331684e-008	3.185024e-015	1.000000e+000
6.419499729331683e-008	4.877326e-015	1.000000e+000
6.448796604331683e-008	7.445488e-015	1.000000e+000
6.478093479331682e-008	1.133062e-014	1.000000e+000
6.507390354331681e-008	1.718979e-014	1.000000e+000
6.536687229331681e-008	2.599862e-014	1.000000e+000
6.565984104331680e-008	3.920123e-014	1.000000e+000
6.595280979331680e-008	5.892849e-014	1.000000e+000
6.624577854331679e-008	8.831479e-014	1.000000e+000
6.653874729331678e-008	1.319564e-013	1.000000e+000
6.683171604331678e-008	1.965725e-013	1.000000e+000
6.712468479331677e-008	2.919554e-013	1.000000e+000
6.741765354331676e-008	4.323320e-013	1.000000e+000
6.771062229331676e-008	6.383100e-013	1.000000e+000
6.800359104331675e-008	9.396473e-013	1.000000e+000
6.829655979331675e-008	1.379186e-012	1.000000e+000
6.858952854331674e-008	2.018419e-012	1.000000e+000
6.888249729331673e-008	2.945341e-012	1.000000e+000
6.917546604331673e-008	4.285497e-012	1.000000e+000
6.946843479331672e-008	6.217466e-012	1.000000e+000
6.976140354331672e-008	8.994508e-012	1.000000e+000
7.005437229331671e-008	1.297473e-011	1.000000e+000
7.034734104331670e-008	1.866299e-011	1.000000e+000
7.064030979331670e-008	2.676893e-011	1.000000e+000
7.093327854331669e-008	3.828710e-011	1.000000e+000
7.122624729331669e-008	5.460725e-011	1.000000e+000
7.151921604331668e-008	7.766569e-011	1.000000e+000
7.181218479331667e-008	1.101523e-010	1.000000e+000
7.210515354331667e-008	1.557931e-010	1.000000e+000
7.239812229331666e-008	2.197340e-010	1.000000e+000
7.269109104331665e-008	3.090616e-010	1.000000e+000
7.298405979331665e-008	4.335064e-010	1.000000e+000
7.327702854331664e-008	6.063914e-010	1.000000e+000
7.356999729331664e-008	8.459048e-010	1.000000e+000
7.386296604331663e-008	1.176806e-009	1.000000e+000
7.415593479331662e-008	1.632702e-009	1.000000e+000
7.444890354331662e-008	2.259078e-009	1.000000e+000
7.474187229331661e-008	3.117323e-009	1.000000e+000
7.503484104331661e-008	4.290045e-009	1.000000e+000
7.532780979331660e-008	5.888098e-009	1.000000e+000
7.562077854331659e-008	8.059807e-009	1.000000e+000
7.591374729331659e-008	1.100307e-008	1.000000e+000
7.620671604331658e-008	1.498119e-008	1.000000e+000
7.649968479331658e-008	2.034345e-008	1.000000e+000
7.679265354331657e-008	2.755194e-008	1.000000e+000
7.708562229331656e-008	3.721617e-008	1.000000e+000
7.737859104331656e-008	5.013790e-008	1.000000e+000
7.767155979331655e-008	6.736872e-008	1.000000e+000
7.796452854331654e-008	9.028398e-008	1.000000e+000
7.825749729331654e-008	1.206774e-007	1.000000e+000
7.855046604331653e-008	1.608818e-007	1.000000e+000
7.884343479331653e-008	2.139221e-007	1.000000e+000
7.913640354331652e-008	2.837101e-007	1.000000e+000
7.942937229331651e-008	3.752893e-007	1.000000e+000
7.972234104331651e-008	4.951449e-007	1.000000e+000
8.001530979331650e-008	6.515912e-007	1.000000e+000
8.030827854331650e-008	8.552573e-007	1.000000e+000
8.060124729331649e-008	1.119693e-006	1.000000e+000
8.089421604331648e-008	1.462122e-006	1.000000e+000
8.118718479331648e-008	1.904375e-006	1.000000e+000
8.148015354331647e-008	2.474041e-006	1.000000e+000
8.177312229331647e-008	3.205892e-006	1.000000e+000
8.206609104331646e-008	4.143617e-006	1.000000e+000
8.235905979331645e-008	5.341959e-006	1.000000e+000
8.265202854331645e-008	6.869308e-006	1.000000e+000
8.294499729331644e-008	8.810855e-006	1.000000e+000
8.323796604331643e-008	1.127241e-005	1.000000e+000
8.353093479331643e-008	1.438502e-005	1.000000e+000
8.382390354331642e-008	1.831048e-005	1.000000e+000
8.411687229331642e-008	2.324799e-005	1.000000e+000
8.440984104331641e-008	2.944208e-005	1.000000e+000
8.470280979331640e-008	3.719199e-005	1.000000e+000
8.499577854331640e-008	4.686286e-005	1.000000e+000
8.528874729331639e-008	5.889887e-005	1.000000e+000
8.558171604331639e-008	7.383875e-005	1.000000e+000
8.587468479331638e-008	9.233392e-005	1.000000e+000
8.616765354331637e-008	1.151696e-004	1.000000e+000
8.646062229331637e-008	1.432894e-004	1.000000e+000
8.675359104331636e-008	1.778238e-004	1.000000e+000
8.704655979331636e-008	2.201229e-004	1.000000e+000
8.733952854331635e-008	2.717940e-004	1.000000e+000
8.763249729331634e-008	3.347446e-004	1.000000e+000
8.792546604331634e-008	4.112308e-004	1.000000e+000
8.821843479331633e-008	5.039130e-004	1.000000e+000
8.851140354331632e-008	6.159178e-004	1.000000e+000
8.880437229331632e-008	7.509076e-004	1.000000e+000
8.909734104331631e-008	9.131578e-004	1.000000e+000
8.939030979331631e-008	1.107643e-003	1.000000e+000
8.968327854331630e-008	1.340131e-003	1.000000e+000
8.997624729331629e-008	1.617288e-003	1.000000e+000
9.026921604331629e-008	1.946786e-003	1.000000e+000
9.056218479331628e-008	2.337431e-003	1.000000e+000
9.085515354331628e-008	2.799287e-003	1.000000e+000
9.114812229331627e-008	3.343816e-003	1.000000e+000
9.144109104331626e-008	3.984025e-003	1.000000e+000
9.173405979331626e-008	4.734613e-003	1.000000e+000
9.202702854331625e-008	5.612129e-003	1.000000e+000
9.231999729331625e-008	6.635130e-003	1.000000e+000
9.261296604331624e-008	7.824339e-003	1.000000e+000
9.290593479331623e-008	9.202797e-003	1.000000e+000
9.319890354331623e-008	1.079602e-002	1.000000e+000
9.349187229331622e-008	1.263212e-002	1.000000e+000
9.378484104331621e-008	1.474195e-002	1.000000e+000
9.407780979331621e-008	1.715921e-002	1.000000e+000
9.437077854331620e-008	1.992048e-002	1.000000e+000
9.466374729331620e-008	2.306532e-002	1.000000e+000
9.495671604331619e-008	2.663627e-002	1.000000e+000
9.524968479331618e-008	3.067877e-002	1.000000e+000
9.554265354331618e-008	3.524112e-002	1.000000e+000
9.583562229331617e-008	4.037431e-002	1.000000e+000
9.612859104331617e-008	4.613182e-002	1.000000e+000
9.642155979331616e-008	5.256930e-002	1.000000e+000
9.671452854331615e-008	5.974425e-002	1.000000e+000
9.700749729331615e-008	6.771553e-002	1.000000e+000
9.730046604331614e-008	7.654282e-002	1.000000e+000
9.759343479331614e-008	8.628606e-002	1.000000e+000
9.788640354331613e-008	9.700462e-002	1.000000e+000
9.817937229331612e-008	1.087565e-001	1.000000e+000
9.847234104331612e-008	1.215976e-001	1.000000e+000
9.876530979331611e-008	1.355805e-001	1.000000e+000
9.905827854331610e-008	1.507533e-001	1.000000e+000
9.935124729331610e-008	1.671589e-001	1.000000e+000
9.964421604331609e-008	1.848335e-001	1.000000e+000
9.993718479331609e-008	2.038054e-001	1.000000e+000
1.002301535433161e-007	2.240938e-001	1.000000e+000
1.005231222933161e-007	2.457076e-001	1.000000e+000
1.008160910433161e-007	2.686442e-001	1.000000e+000
1.011090597933161e-007	2.928885e-001	1.000000e+000
1.014020285433161e-007	3.184113e-001	1.000000e+000
1.016949972933161e-007	3.451692e-001	1.000000e+000
1.019879660433160e-007	3.731033e-001	1.000000e+000
1.022809347933160e-007	4.021390e-001	1.000000e+000
1.025739035433160e-007	4.321854e-001	1.000000e+000
1.028668722933160e-007	4.631352e-001	1.000000e+000
1.031598410433160e-007	4.948653e-001	1.000000e+000
1.034528097933160e-007	5.272369e-001	1.000000e+000
1.037457785433160e-007	5.600969e-001	1.000000e+000
1.040387472933160e-007	5.932783e-001	1.000000e+000
1.043317160433160e-007	6.266026e-001	1.000000e+000
1.046246847933160e-007	6.598814e-001	1.000000e+000
1.049176535433160e-007	6.929181e-001	1.000000e+000
1.052106222933160e-007	7.255112e-001	1.000000e+000
1.055035910433160e-007	7.574570e-001	1.000000e+000
1.057965597933160e-007	7.885519e-001	1.000000e+000
1.060895285433160e-007	8.185967e-001	1.000000e+000
1.063824972933160e-007	8.473989e-001	1.000000e+000
1.066754660433160e-007	8.747769e-001	1.000000e+000
1.069684347933159e-007	9.006465e-001	1.000000e+000
1.072070312500000e-007	9.203686e-001	1.000000e+000
1.075000000000000e-007	9.433035e-001	1.000000e+000
1.075292968750000e-007	9.454366e-001	9.960938e-001
1.075878906250000e-007	9.496425e-001	9.882813e-001
1.077050781250000e-007	9.577560e-001	9.726563e-001
1.079394531250000e-007	9.729908e-001	9.414063e-001
1.082324218750000e-007	9.903516e-001	9.023438e-001
1.085253906250000e-007	1.005687e+000	8.632813e-001
1.088183593750000e-007	1.018879e+000	8.242188e-001
1.091113281250000e-007	1.029939e+000	7.851563e-001
1.094042968749999e-007	1.038912e+000	7.460938e-001
1.096972656249999e-007	1.045869e+000	7.070313e-001
1.099902343749999e-007	1.050912e+000	6.679688e-001
1.102832031249999e-007	1.054166e+000	6.289063e-001
1.105761718749999e-007	1.055783e+000	5.898438e-001
1.108691406249999e-007	1.055931e+000	5.507813e-001
1.111621093749999e-007	1.054798e+000	5.117188e-001
1.114550781249999e-007	1.052582e+000	4.726563e-001
1.117480468749999e-007	1.049491e+000	4.335938e-001
1.120410156249999e-007	1.045733e+000	3.945313e-001
1.123339843749999e-007	1.041519e+000	3.554688e-001
1.126269531249999e-007	1.037049e+000	3.164063e-001
1.129199218749999e-007	1.032515e+000	2.773438e-001
1.132128906249999e-007	1.028094e+000	2.382813e-001
1.135058593749999e-007	1.023943e+000	1.992188e-001
1.137988281249999e-007	1.020198e+000	1.601563e-001
1.140917968749999e-007	1.016971e+000	1.210938e-001
1.143847656249998e-007	1.014346e+000	8.203125e-002
1.146777343749998e-007	1.012225e+000	4.296875e-002
1.147070312500000e-007	1.012052e+000	3.906250e-002
1.147656250000003e-007	1.011766e+000	3.125000e-002
1.148828125000009e-007	1.011271e+000	1.562500e-002
1.150000000000000e-007	1.010848e+000	0.000000e+000
1.150002578127844e-007	1.010847e+000	0.000000e+000
1.150007734383531e-007	1.010846e+000	0.000000e+000
1.150194832804173e-007	1.010794e+000	0.000000e+000
1.150381931224816e-007	1.010745e+000	0.000000e+000
1.150569029645458e-007	1.010700e+000	0.000000e+000
1.150756128066101e-007	1.010659e+000	0.000000e+000
1.150943226486743e-007	1.010621e+000	0.000000e+000
1.151130324907386e-007	1.010587e+000	0.000000e+000
1.151317423328028e-007	1.010556e+000	0.000000e+000
1.152637424783900e-007	1.010440e+000	0.000000e+000
1.155277427695643e-007	1.010592e+000	0.000000e+000
1.158207115195643e-007	1.011286e+000	0.000000e+000
1.161136802695643e-007	1.012542e+000	0.000000e+000
1.164066490195643e-007	1.014295e+000	0.000000e+000
1.166996177695643e-007	1.016456e+000	0.000000e+000
1.169925865195643e-007	1.018924e+000	0.000000e+000
1.172855552695643e-007	1.021594e+000	0.000000e+000
1.175785240195643e-007	1.024361e+000	0.000000e+000
1.178714927695643e-007	1.027120e+000	0.000000e+000
1.181644615195643e-007	1.029778e+000	0.000000e+000
1.184574302695643e-007	1.032249e+000	0.000000e+000
1.187503990195643e-007	1.034474e+000	0.000000e+000
1.189926787482878e-007	1.036089e+000	0.000000e+000
1.191915337556013e-007	1.037223e+000	0.000000e+000
1.194056777957534e-007	1.038239e+000	0.000000e+000
1.196148156731382e-007	1.039013e+000	0.000000e+000
1.199077844231382e-007	1.039757e+000	0.000000e+000
1.202007531731382e-007	1.040143e+000	0.000000e+000
1.204937219231382e-007	1.040164e+000	0.000000e+000
1.207866906731382e-007	1.039866e+000	0.000000e+000
1.210187908227207e-007	1.039423e+000	0.000000e+000
1.212378506629060e-007	1.038848e+000	0.000000e+000
1.214580841521419e-007	1.038153e+000	0.000000e+000
1.216607397897394e-007	1.037432e+000	0.000000e+000
1.218650935228214e-007	1.036643e+000	0.000000e+000
1.221104441593456e-007	1.035649e+000	0.000000e+000
1.224034129093456e-007	1.034442e+000	0.000000e+000
1.226963816593456e-007	1.033255e+000	0.000000e+000
1.229328454571511e-007	1.032345e+000	0.000000e+000
1.231862259092206e-007	1.031445e+000	0.000000e+000
1.234196142624299e-007	1.030698e+000	0.000000e+000
1.236271972955648e-007	1.030117e+000	0.000000e+000
1.238383314490822e-007	1.029616e+000	0.000000e+000
1.240615910257391e-007	1.029183e+000	0.000000e+000
1.242640824177631e-007	1.028887e+000	0.000000e+000
1.245333344430171e-007	1.028627e+000	0.000000e+000
1.247868784756814e-007	1.028508e+000	0.000000e+000
1.250435101465001e-007	1.028513e+000	0.000000e+000
1.252923208308657e-007	1.028623e+000	0.000000e+000
1.255084162748201e-007	1.028797e+000	0.000000e+000
1.257474779555654e-007	1.029063e+000	0.000000e+000
1.259635940740704e-007	1.029354e+000	0.000000e+000
1.261691752597027e-007	1.029669e+000	0.000000e+000
1.263762896179197e-007	1.030014e+000	0.000000e+000
1.266022141893570e-007	1.030410e+000	0.000000e+000
1.268410784969179e-007	1.030838e+000	0.000000e+000
1.271309867673961e-007	1.031355e+000	0.000000e+000
1.273744586285846e-007	1.031774e+000	0.000000e+000
1.275972314889070e-007	1.032136e+000	0.000000e+000
1.278224091343866e-007	1.032474e+000	0.000000e+000
1.280320452357480e-007	1.032757e+000	0.000000e+000
1.282528302519629e-007	1.033020e+000	0.000000e+000
1.284643595248307e-007	1.033235e+000	0.000000e+000
1.286725265406724e-007	1.033408e+000	0.000000e+000
1.288916713015503e-007	1.033545e+000	0.000000e+000
1.291435527467448e-007	1.033651e+000	0.000000e+000
1.293783088032401e-007	1.033700e+000	0.000000e+000
1.296167877854621e-007	1.033697e+000	0.000000e+000
1.298705077716675e-007	1.033641e+000	0.000000e+000
1.300894005552083e-007	1.033551e+000	0.000000e+000
1.303126296887106e-007	1.033419e+000	0.000000e+000
1.305224636860729e-007	1.033263e+000	0.000000e+000
1.307347179719664e-007	1.033074e+000	0.000000e+000
1.309462955895787e-007	1.032860e+000	0.000000e+000
1.311525314207456e-007	1.032629e+000	0.000000e+000
1.313935545421113e-007	1.032335e+000	0.000000e+000
1.316308603797988e-007	1.032028e+000	0.000000e+000
1.318635630935000e-007	1.031715e+000	0.000000e+000
1.320851969062551e-007	1.031412e+000	0.000000e+000
1.323097375489076e-007	1.031106e+000	0.000000e+000
1.325213529282621e-007	1.030824e+000	0.000000e+000
1.327453014871449e-007	1.030539e+000	0.000000e+000
1.329577132774657e-007	1.030286e+000	0.000000e+000
1.331692265348234e-007	1.030057e+000	0.000000e+000
1.333804794038376e-007	1.029857e+000	0.000000e+000
1.335997436561831e-007	1.029684e+000	0.000000e+000
1.338260408316587e-007	1.029547e+000	0.000000e+000
1.340626698489724e-007	1.029452e+000	0.000000e+000
1.342912227805975e-007	1.029411e+000	0.000000e+000
1.345058181636844e-007	1.029419e+000	0.000000e+000
1.347323517308917e-007	1.029479e+000	0.000000e+000
1.349486167506186e-007	1.029581e+000	0.000000e+000
1.351581428534291e-007	1.029721e+000	0.000000e+000
1.353699899109857e-007	1.029900e+000	0.000000e+000
1.355791443411072e-007	1.030109e+000	0.000000e+000
1.357871759390338e-007	1.030342e+000	0.000000e+000
1.360206038393522e-007	1.030626e+000	0.000000e+000
1.362851702826565e-007	1.030961e+000	0.000000e+000
1.365096785355889e-007	1.031246e+000	0.000000e+000
1.367396704576747e-007	1.031527e+000	0.000000e+000
1.369769658673638e-007	1.031793e+000	0.000000e+000
1.371929632006876e-007	1.032004e+000	0.000000e+000
1.374108594237556e-007	1.032177e+000	0.000000e+000
1.376201291156089e-007	1.032299e+000	0.000000e+000
1.378315325179323e-007	1.032372e+000	0.000000e+000
1.380404843835150e-007	1.032389e+000	0.000000e+000
1.382674734966005e-007	1.032344e+000	0.000000e+000
1.385132594270040e-007	1.032222e+000	0.000000e+000
1.387400337505194e-007	1.032045e+000	0.000000e+000
1.389571348441391e-007	1.031819e+000	0.000000e+000
1.391728979748091e-007	1.031544e+000	0.000000e+000
1.393908577396069e-007	1.031226e+000	0.000000e+000
1.396030410238559e-007	1.030886e+000	0.000000e+000
1.398174690491439e-007	1.030523e+000	0.000000e+000
1.400252808027517e-007	1.030163e+000	0.000000e+000
1.402357418909537e-007	1.029802e+000	0.000000e+000
1.404600037810314e-007	1.029434e+000	0.000000e+000
1.406792857585106e-007	1.029104e+000	0.000000e+000
1.409011114986511e-007	1.028813e+000	0.000000e+000
1.411213634811313e-007	1.028575e+000	0.000000e+000
1.413437172976096e-007	1.028396e+000	0.000000e+000
1.415584584052189e-007	1.028289e+000	0.000000e+000
1.417770848973089e-007	1.028251e+000	0.000000e+000
1.419974937645007e-007	1.028283e+000	0.000000e+000
1.422121299213300e-007	1.028382e+000	0.000000e+000
1.424278052080325e-007	1.028546e+000	0.000000e+000
1.426368029221347e-007	1.028760e+000	0.000000e+000
1.428780526321033e-007	1.029061e+000	0.000000e+000
1.430968422634145e-007	1.029372e+000	0.000000e+000
1.433339706330010e-007	1.029735e+000	0.000000e+000
1.435515404994693e-007	1.030076e+000	0.000000e+000
1.437752253672600e-007	1.030418e+000	0.000000e+000
1.440038516106040e-007	1.030743e+000	0.000000e+000
1.442322174403777e-007	1.031028e+000	0.000000e+000
1.444467935103850e-007	1.031245e+000	0.000000e+000
1.446624253078906e-007	1.031404e+000	0.000000e+000
1.448715020886899e-007	1.031492e+000	0.000000e+000
1.450906199359177e-007	1.031509e+000	0.000000e+000
1.453360418121686e-007	1.031438e+000	0.000000e+000
1.455708863612357e-007	1.031283e+000	0.000000e+000
1.457967831211154e-007	1.031055e+000	0.000000e+000
1.460345216689735e-007	1.030743e+000	0.000000e+000
1.462546041298001e-007	1.030399e+000	0.000000e+000
1.464734151371695e-007	1.030016e+000	0.000000e+000
1.467079923803880e-007	1.029581e+000	0.000000e+000
1.469194208182317e-007	1.029181e+000	0.000000e+000
1.471349543856117e-007	1.028782e+000	0.000000e+000
1.473585984455415e-007	1.028394e+000	0.000000e+000
1.475799438417965e-007	1.028052e+000	0.000000e+000
1.478050064008203e-007	1.027760e+000	0.000000e+000
1.480229971993242e-007	1.027544e+000	0.000000e+000
1.482463886531472e-007	1.027400e+000	0.000000e+000
1.484691867403120e-007	1.027339e+000	0.000000e+000
1.487025209849205e-007	1.027363e+000	0.000000e+000
1.489170113587585e-007	1.027462e+000	0.000000e+000
1.491255603087715e-007	1.027628e+000	0.000000e+000
1.493364702605995e-007	1.027856e+000	0.000000e+000
1.495540649874194e-007	1.028143e+000	0.000000e+000
1.497678321239372e-007	1.028463e+000	0.000000e+000
1.500065230473221e-007	1.028845e+000	0.000000e+000
1.502270255175643e-007	1.029203e+000	0.000000e+000
1.504693368408696e-007	1.029582e+000	0.000000e+000
1.506993840024820e-007	1.029907e+000	0.000000e+000
1.509200263583328e-007	1.030172e+000	0.000000e+000
1.511304824816507e-007	1.030367e+000	0.000000e+000
1.513451447474303e-007	1.030497e+000	0.000000e+000
1.515546377030276e-007	1.030553e+000	0.000000e+000
1.517664721638946e-007	1.030531e+000	0.000000e+000
1.519935838565450e-007	1.030422e+000	0.000000e+000
1.522125479415303e-007	1.030238e+000	0.000000e+000
1.524489070366242e-007	1.029959e+000	0.000000e+000
1.526691496031232e-007	1.029637e+000	0.000000e+000
1.528918444521047e-007	1.029263e+000	0.000000e+000
1.531065476474969e-007	1.028872e+000	0.000000e+000
1.533246487979685e-007	1.028461e+000	0.000000e+000
1.535374032515656e-007	1.028064e+000	0.000000e+000
1.537529401213210e-007	1.027683e+000	0.000000e+000
1.539773117801344e-007	1.027325e+000	0.000000e+000
1.541876918469970e-007	1.027039e+000	0.000000e+000
1.544033358051870e-007	1.026811e+000	0.000000e+000
1.546330225573072e-007	1.026647e+000	0.000000e+000
1.548538546091730e-007	1.026573e+000	0.000000e+000
1.550870513958946e-007	1.026585e+000	0.000000e+000
1.553059167176392e-007	1.026679e+000	0.000000e+000
1.555230486807670e-007	1.026847e+000	0.000000e+000
1.557525282440299e-007	1.027094e+000	0.000000e+000
1.559654520218158e-007	1.027372e+000	0.000000e+000
1.561840449434302e-007	1.027696e+000	0.000000e+000
1.563993419051774e-007	1.028033e+000	0.000000e+000
1.566234203702334e-007	1.028384e+000	0.000000e+000
1.568599856102815e-007	1.028736e+000	0.000000e+000
1.570896859741374e-007	1.029039e+000	0.000000e+000
1.573126622502118e-007	1.029280e+000	0.000000e+000
1.575313118553914e-007	1.029450e+000	0.000000e+000
1.577595580127064e-007	1.029550e+000	0.000000e+000
1.579745217249780e-007	1.029565e+000	0.000000e+000
1.581851828255786e-007	1.029502e+000	0.000000e+000
1.583978457378856e-007	1.029361e+000	0.000000e+000
1.586197192462690e-007	1.029141e+000	0.000000e+000
1.588313322820967e-007	1.028868e+000	0.000000e+000
1.590666341675454e-007	1.028507e+000	0.000000e+000
1.592860003294384e-007	1.028134e+000	0.000000e+000
1.595083082906650e-007	1.027735e+000	0.000000e+000
1.597336371315927e-007	1.027331e+000	0.000000e+000
1.599517892730753e-007	1.026956e+000	0.000000e+000
1.601634503285553e-007	1.026626e+000	0.000000e+000
1.603792806266317e-007	1.026337e+000	0.000000e+000
1.605905643669341e-007	1.026114e+000	0.000000e+000
1.608072538123541e-007	1.025956e+000	0.000000e+000
1.610363517877110e-007	1.025871e+000	0.000000e+000
1.612521199249896e-007	1.025873e+000	0.000000e+000
1.614887183392017e-007	1.025962e+000	0.000000e+000
1.617067161758960e-007	1.026119e+000	0.000000e+000
1.619306123758658e-007	1.026346e+000	0.000000e+000
1.621650719532927e-007	1.026638e+000	0.000000e+000
1.623822687175422e-007	1.026942e+000	0.000000e+000
1.625934174114941e-007	1.027254e+000	0.000000e+000
1.628099393961560e-007	1.027572e+000	0.000000e+000
1.630287176170667e-007	1.027873e+000	0.000000e+000
1.632485857497355e-007	1.028139e+000	0.000000e+000
1.634847202951306e-007	1.028367e+000	0.000000e+000
1.637036542826830e-007	1.028517e+000	0.000000e+000
1.638788347864881e-007	1.028583e+000	0.000000e+000
1.640795135345592e-007	1.028592e+000	0.000000e+000
1.642879557219219e-007	1.028531e+000	0.000000e+000
1.645139387068793e-007	1.028387e+000	0.000000e+000
1.647481989929142e-007	1.028161e+000	0.000000e+000
1.649663619446600e-007	1.027889e+000	0.000000e+000
1.651539557548996e-007	1.027615e+000	0.000000e+000
1.653623636247330e-007	1.027279e+000	0.000000e+000
1.655720533008511e-007	1.026925e+000	0.000000e+000
1.658021943502103e-007	1.026537e+000	0.000000e+000
1.660323175200176e-007	1.026167e+000	0.000000e+000
1.662350426738413e-007	1.025872e+000	0.000000e+000
1.664519184826070e-007	1.025604e+000	0.000000e+000
1.666605291603122e-007	1.025405e+000	0.000000e+000
1.669142852871345e-007	1.025246e+000	0.000000e+000
1.671249632476292e-007	1.025187e+000	0.000000e+000
1.673303790008098e-007	1.025203e+000	0.000000e+000
1.675497877597398e-007	1.025292e+000	0.000000e+000
1.677726858263298e-007	1.025452e+000	0.000000e+000
1.679858261992725e-007	1.025660e+000	0.000000e+000
1.682207583392572e-007	1.025939e+000	0.000000e+000
1.684554958124429e-007	1.026248e+000	0.000000e+000
1.687044179519713e-007	1.026587e+000	0.000000e+000
1.689465993675633e-007	1.026902e+000	0.000000e+000
1.692180439679411e-007	1.027211e+000	0.000000e+000
1.694886766105531e-007	1.027450e+000	0.000000e+000
1.697456786367780e-007	1.027592e+000	0.000000e+000
1.699932584297863e-007	1.027637e+000	0.000000e+000
1.702291925186491e-007	1.027592e+000	0.000000e+000
1.704475367904214e-007	1.027472e+000	0.000000e+000
1.706789099447420e-007	1.027269e+000	0.000000e+000
1.709205127476291e-007	1.026989e+000	0.000000e+000
1.711577230706827e-007	1.026662e+000	0.000000e+000
1.714285110408643e-007	1.026249e+000	0.000000e+000
1.716885066954934e-007	1.025842e+000	0.000000e+000
1.719814754454934e-007	1.025408e+000	0.000000e+000
1.722744441954934e-007	1.025033e+000	0.000000e+000
1.725674129454934e-007	1.024745e+000	0.000000e+000
1.728237098924751e-007	1.024589e+000	0.000000e+000
1.730999429811871e-007	1.024530e+000	0.000000e+000
1.733577290166858e-007	1.024573e+000	0.000000e+000
1.735912329449415e-007	1.024696e+000	0.000000e+000
1.738567390584169e-007	1.024917e+000	0.000000e+000
1.741111669947348e-007	1.025187e+000	0.000000e+000
1.744041357447348e-007	1.025539e+000	0.000000e+000
1.746971044947348e-007	1.025897e+000	0.000000e+000
1.749900732447348e-007	1.026225e+000	0.000000e+000
1.752830419947348e-007	1.026486e+000	0.000000e+000
1.755760107447348e-007	1.026651e+000	0.000000e+000
1.758689794947348e-007	1.026701e+000	0.000000e+000
1.761619482447348e-007	1.026630e+000	0.000000e+000
1.764268444287444e-007	1.026462e+000	0.000000e+000
1.767138606513359e-007	1.026179e+000	0.000000e+000
1.770068294013359e-007	1.025815e+000	0.000000e+000
1.772997981513359e-007	1.025403e+000	0.000000e+000
1.775927669013359e-007	1.024981e+000	0.000000e+000
1.778857356513359e-007	1.024587e+000	0.000000e+000
1.781787044013359e-007	1.024257e+000	0.000000e+000
1.784716731513359e-007	1.024018e+000	0.000000e+000
1.787646419013359e-007	1.023890e+000	0.000000e+000
1.790576106513359e-007	1.023882e+000	0.000000e+000
1.793505794013360e-007	1.023985e+000	0.000000e+000
1.796023396479613e-007	1.024154e+000	0.000000e+000
1.798429661119137e-007	1.024376e+000	0.000000e+000
1.801359348619137e-007	1.024690e+000	0.000000e+000
1.804289036119137e-007	1.025018e+000	0.000000e+000
1.807218723619137e-007	1.025325e+000	0.000000e+000
1.810148411119137e-007	1.025576e+000	0.000000e+000
1.813078098619138e-007	1.025742e+000	0.000000e+000
1.816007786119138e-007	1.025803e+000	0.000000e+000
1.818937473619138e-007	1.025749e+000	0.000000e+000
1.821867161119138e-007	1.025584e+000	0.000000e+000
1.824796848619138e-007	1.025319e+000	0.000000e+000
1.827726536119138e-007	1.024981e+000	0.000000e+000
1.830656223619138e-007	1.024599e+000	0.000000e+000
1.833585911119138e-007	1.024208e+000	0.000000e+000
1.836361600396384e-007	1.023862e+000	0.000000e+000
1.839180923509828e-007	1.023567e+000	0.000000e+000
1.842110611009828e-007	1.023345e+000	0.000000e+000
1.845040298509828e-007	1.023226e+000	0.000000e+000
1.847969986009829e-007	1.023217e+000	0.000000e+000
1.850899673509829e-007	1.023315e+000	0.000000e+000
1.853829361009829e-007	1.023505e+000	0.000000e+000
1.856759048509829e-007	1.023762e+000	0.000000e+000
1.859688736009829e-007	1.024055e+000	0.000000e+000
1.862618423509829e-007	1.024349e+000	0.000000e+000
1.865548111009829e-007	1.024609e+000	0.000000e+000
1.868477798509829e-007	1.024805e+000	0.000000e+000
1.871407486009829e-007	1.024913e+000	0.000000e+000
1.874337173509829e-007	1.024917e+000	0.000000e+000
1.877266861009829e-007	1.024815e+000	0.000000e+000
1.880196548509829e-007	1.024613e+000	0.000000e+000
1.883126236009829e-007	1.024329e+000	0.000000e+000
1.886055923509829e-007	1.023990e+000	0.000000e+000
1.888985611009830e-007	1.023627e+000	0.000000e+000
1.891915298509830e-007	1.023275e+000	0.000000e+000
1.894844986009830e-007	1.022965e+000	0.000000e+000
1.897774673509830e-007	1.022727e+000	0.000000e+000
1.900704361009830e-007	1.022580e+000	0.000000e+000
1.903634048509830e-007	1.022535e+000	0.000000e+000
1.906563736009830e-007	1.022590e+000	0.000000e+000
1.909493423509830e-007	1.022736e+000	0.000000e+000
1.912423111009830e-007	1.022950e+000	0.000000e+000
1.915352798509830e-007	1.023206e+000	0.000000e+000
1.918282486009830e-007	1.023471e+000	0.000000e+000
1.921212173509830e-007	1.023710e+000	0.000000e+000
1.924141861009830e-007	1.023895e+000	0.000000e+000
1.927071548509830e-007	1.024000e+000	0.000000e+000
1.930001236009831e-007	1.024008e+000	0.000000e+000
1.932930923509831e-007	1.023914e+000	0.000000e+000
1.935860611009831e-007	1.023721e+000	0.000000e+000
1.938790298509831e-007	1.023443e+000	0.000000e+000
1.941719986009831e-007	1.023103e+000	0.000000e+000
1.944649673509831e-007	1.022730e+000	0.000000e+000
1.947579361009831e-007	1.022353e+000	0.000000e+000
1.950509048509831e-007	1.022001e+000	0.000000e+000
1.953438736009831e-007	1.021700e+000	0.000000e+000
1.956368423509831e-007	1.021468e+000	0.000000e+000
1.959298111009831e-007	1.021311e+000	0.000000e+000
1.962227798509831e-007	1.021228e+000	0.000000e+000
1.965157486009831e-007	1.021205e+000	0.000000e+000
1.968087173509831e-007	1.021218e+000	0.000000e+000
1.971016861009832e-007	1.021236e+000	0.000000e+000
1.973946548509832e-007	1.021223e+000	0.000000e+000
1.976876236009832e-007	1.021139e+000	0.000000e+000
1.979805923509832e-007	1.020949e+000	0.000000e+000
1.982735611009832e-007	1.020619e+000	0.000000e+000
1.985665298509832e-007	1.020124e+000	0.000000e+000
1.988594986009832e-007	1.019445e+000	0.000000e+000
1.991524673509832e-007	1.018573e+000	0.000000e+000
1.994454361009832e-007	1.017506e+000	0.000000e+000
1.997384048509832e-007	1.016248e+000	0.000000e+000
2.000313736009832e-007	1.014807e+000	0.000000e+000
2.003243423509832e-007	1.013190e+000	0.000000e+000
2.006173111009832e-007	1.011402e+000	0.000000e+000
2.009102798509832e-007	1.009440e+000	0.000000e+000
2.012032486009833e-007	1.007293e+000	0.000000e+000
2.014962173509833e-007	1.004935e+000	0.000000e+000
2.017891861009833e-007	1.002333e+000	0.000000e+000
2.020821548509833e-007	9.994354e-001	0.000000e+000
2.023751236009833e-007	9.961832e-001	0.000000e+000
2.026680923509833e-007	9.925063e-001	0.000000e+000
2.029610611009833e-007	9.883282e-001	0.000000e+000
2.032540298509833e-007	9.835694e-001	0.000000e+000
2.035469986009833e-007	9.781506e-001	0.000000e+000
2.038399673509833e-007	9.719958e-001	0.000000e+000
2.041329361009833e-007	9.650347e-001	0.000000e+000
2.044259048509833e-007	9.572051e-001	0.000000e+000
2.047188736009833e-007	9.484529e-001	0.000000e+000
2.050118423509833e-007	9.387329e-001	0.000000e+000
2.053048111009834e-007	9.280071e-001	0.000000e+000
2.055977798509834e-007	9.162431e-001	0.000000e+000
2.058907486009834e-007	9.034122e-001	0.000000e+000
2.061837173509834e-007	8.894873e-001	0.000000e+000
2.064766861009834e-007	8.744404e-001	0.000000e+000
2.067696548509834e-007	8.582422e-001	0.000000e+000
2.070626236009834e-007	8.408608e-001	0.000000e+000
2.073555923509834e-007	8.222628e-001	0.000000e+000
2.076485611009834e-007	8.024147e-001	0.000000e+000
2.079415298509834e-007	7.812854e-001	0.000000e+000
2.082344986009834e-007	7.588501e-001	0.000000e+000
2.085274673509834e-007	7.350936e-001	0.000000e+000
2.088204361009834e-007	7.100149e-001	0.000000e+000
2.091134048509834e-007	6.836313e-001	0.000000e+000
2.094063736009835e-007	6.559812e-001	0.000000e+000
2.096993423509835e-007	6.271271e-001	0.000000e+000
2.099923111009835e-007	5.971566e-001	0.000000e+000
2.102852798509835e-007	5.661826e-001	0.000000e+000
2.105782486009835e-007	5.343423e-001	0.000000e+000
2.108712173509835e-007	5.017946e-001	0.000000e+000
2.111641861009835e-007	4.687163e-001	0.000000e+000
2.114571548509835e-007	4.352987e-001	0.000000e+000
2.117501236009835e-007	4.017428e-001	0.000000e+000
2.120430923509835e-007	3.682545e-001	0.000000e+000
2.123360611009835e-007	3.350411e-001	0.000000e+000
2.126290298509835e-007	3.023068e-001	0.000000e+000
2.129219986009835e-007	2.702499e-001	0.000000e+000
2.132149673509835e-007	2.390609e-001	0.000000e+000
2.135079361009836e-007	2.089207e-001	0.000000e+000
2.138009048509836e-007	1.799994e-001	0.000000e+000
2.140938736009836e-007	1.524563e-001	0.000000e+000
2.143868423509836e-007	1.264389e-001	0.000000e+000
2.146798111009836e-007	1.020825e-001	0.000000e+000
2.149727798509836e-007	7.950928e-002	0.000000e+000
2.152657486009836e-007	5.882690e-002	0.000000e+000
2.155587173509836e-007	4.012636e-002	0.000000e+000
2.158516861009836e-007	2.347943e-002	0.000000e+000
2.161446548509836e-007	8.935731e-003	0.000000e+000
2.164376236009836e-007	-3.480515e-003	0.000000e+000
2.167305923509836e-007	-1.377347e-002	0.000000e+000
2.170235611009836e-007	-2.197824e-002	0.000000e+000
2.173165298509836e-007	-2.816263e-002	0.000000e+000
2.176094986009837e-007	-3.242771e-002	0.000000e+000
2.179024673509837e-007	-3.490699e-002	0.000000e+000
2.181954361009837e-007	-3.576416e-002	0.000000e+000
2.184884048509837e-007	-3.518925e-002	0.000000e+000
2.187813736009837e-007	-3.339336e-002	0.000000e+000
2.190743423509837e-007	-3.060233e-002	0.000000e+000
2.193673111009837e-007	-2.704953e-002	0.000000e+000
2.196602798509837e-007	-2.296831e-002	0.000000e+000
2.199532486009837e-007	-1.858452e-002	0.000000e+000
2.202462173509837e-007	-1.410954e-002	0.000000e+000
2.205391861009837e-007	-9.734318e-003	0.000000e+000
2.208321548509837e-007	-5.624559e-003	0.000000e+000
2.211251236009837e-007	-1.917471e-003	0.000000e+000
2.214180923509837e-007	1.279992e-003	0.000000e+000
2.217110611009838e-007	3.891359e-003	0.000000e+000
2.220040298509838e-007	5.869524e-003	0.000000e+000
2.222969986009838e-007	7.194516e-003	0.000000e+000
2.225899673509838e-007	7.870477e-003	0.000000e+000
2.228829361009838e-007	7.922156e-003	0.000000e+000
2.231759048509838e-007	7.391275e-003	0.000000e+000
2.234688736009838e-007	6.332996e-003	0.000000e+000
2.237618423509838e-007	4.812726e-003	0.000000e+000
2.240548111009838e-007	2.903356e-003	0.000000e+000
2.243477798509838e-007	6.829795e-004	0.000000e+000
2.246407486009838e-007	-1.766983e-003	0.000000e+000
2.249337173509838e-007	-4.363354e-003	0.000000e+000
2.252266861009838e-007	-7.022629e-003	0.000000e+000
2.255196548509838e-007	-9.662416e-003	0.000000e+000
2.258126236009839e-007	-1.220303e-002	0.000000e+000
2.261055923509839e-007	-1.456934e-002	0.000000e+000
2.263985611009839e-007	-1.669287e-002	0.000000e+000
2.266915298509839e-007	-1.851411e-002	0.000000e+000
2.269844986009839e-007	-1.998493e-002	0.000000e+000
2.272774673509839e-007	-2.107083e-002	0.000000e+000
2.275704361009839e-007	-2.175294e-002	0.000000e+000
2.278634048509839e-007	-2.202928e-002	0.000000e+000
2.281563736009839e-007	-2.191540e-002	0.000000e+000
2.284493423509839e-007	-2.144389e-002	0.000000e+000
2.287423111009839e-007	-2.066439e-002	0.000000e+000
2.290273482425411e-007	-1.966540e-002	0.000000e+000
2.293203169925411e-007	-1.846106e-002	0.000000e+000
2.296132857425411e-007	-1.715478e-002	0.000000e+000
2.299062544925412e-007	-1.582208e-002	0.000000e+000
2.301992232425412e-007	-1.453614e-002	0.000000e+000
2.304921919925412e-007	-1.336202e-002	0.000000e+000
2.307851607425412e-007	-1.235294e-002	0.000000e+000
2.310781294925412e-007	-1.154751e-002	0.000000e+000
2.313710982425412e-007	-1.094375e-002	0.000000e+000
2.315414051217922e-007	-1.070449e-002	0.000000e+000
2.317451444261781e-007	-1.054267e-002	0.000000e+000
2.319828527742013e-007	-1.048926e-002	0.000000e+000
2.322758215242013e-007	-1.059324e-002	0.000000e+000
2.325687902742013e-007	-1.085225e-002	0.000000e+000
2.328617590242013e-007	-1.123717e-002	0.000000e+000
2.331547277742013e-007	-1.170662e-002	0.000000e+000
2.334386052730074e-007	-1.220541e-002	0.000000e+000
2.336504188142431e-007	-1.258735e-002	0.000000e+000
2.338991490004898e-007	-1.302658e-002	0.000000e+000
2.341921177504898e-007	-1.351424e-002	0.000000e+000
2.344850865004898e-007	-1.395826e-002	0.000000e+000
2.347780552504899e-007	-1.435098e-002	0.000000e+000
2.350710240004899e-007	-1.469251e-002	0.000000e+000
2.353639927504899e-007	-1.498799e-002	0.000000e+000
2.356569615004899e-007	-1.524522e-002	0.000000e+000
2.359499302504899e-007	-1.547256e-002	0.000000e+000
2.362273392820243e-007	-1.566566e-002	0.000000e+000
2.365027367808634e-007	-1.583877e-002	0.000000e+000
2.367521920391262e-007	-1.597997e-002	0.000000e+000
2.369423412695619e-007	-1.607391e-002	0.000000e+000
2.371802969643116e-007	-1.617110e-002	0.000000e+000
2.373998335580062e-007	-1.623529e-002	0.000000e+000
2.376773785870044e-007	-1.627353e-002	0.000000e+000
2.379393057860001e-007	-1.625717e-002	0.000000e+000
2.382322745360001e-007	-1.616650e-002	0.000000e+000
2.385252432860001e-007	-1.599506e-002	0.000000e+000
2.388182120360001e-007	-1.573991e-002	0.000000e+000
2.390908475287539e-007	-1.542860e-002	0.000000e+000
2.393838162787539e-007	-1.502626e-002	0.000000e+000
2.396767850287539e-007	-1.457513e-002	0.000000e+000
2.399697537787539e-007	-1.409947e-002	0.000000e+000
2.402627225287540e-007	-1.362939e-002	0.000000e+000
2.405556912787540e-007	-1.319711e-002	0.000000e+000
2.408486600287540e-007	-1.283410e-002	0.000000e+000
2.411416287787540e-007	-1.256815e-002	0.000000e+000
2.414345975287540e-007	-1.242074e-002	0.000000e+000
2.417275662787540e-007	-1.240492e-002	0.000000e+000
2.420205350287540e-007	-1.252386e-002	0.000000e+000
2.423135037787540e-007	-1.277043e-002	0.000000e+000
2.426064725287540e-007	-1.312768e-002	0.000000e+000
2.428994412787540e-007	-1.356832e-002	0.000000e+000
2.431375573298843e-007	-1.396976e-002	0.000000e+000
2.434086959703460e-007	-1.444796e-002	0.000000e+000
2.436603168148064e-007	-1.488365e-002	0.000000e+000
2.439532855648064e-007	-1.535157e-002	0.000000e+000
2.442462543148064e-007	-1.575041e-002	0.000000e+000
2.445392230648064e-007	-1.606216e-002	0.000000e+000
2.447540594801521e-007	-1.622391e-002	0.000000e+000
2.449263852440194e-007	-1.630321e-002	0.000000e+000
2.450873889373489e-007	-1.633556e-002	0.000000e+000
2.452582072255515e-007	-1.632677e-002	0.000000e+000
2.454603701182115e-007	-1.626249e-002	0.000000e+000
2.457069462626804e-007	-1.611540e-002	0.000000e+000
2.459780934906621e-007	-1.588268e-002	0.000000e+000
2.462103050343267e-007	-1.563212e-002	0.000000e+000
2.464367302018145e-007	-1.535008e-002	0.000000e+000
2.467296989518145e-007	-1.495630e-002	0.000000e+000
2.469793811384655e-007	-1.461134e-002	0.000000e+000
2.471585425753711e-007	-1.436555e-002	0.000000e+000
2.473055004107160e-007	-1.417065e-002	0.000000e+000
2.474662988432194e-007	-1.396815e-002	0.000000e+000
2.476293093815799e-007	-1.378062e-002	0.000000e+000
2.479222781315799e-007	-1.348881e-002	0.000000e+000
2.482025160826423e-007	-1.326733e-002	0.000000e+000
2.484954848326423e-007	-1.310736e-002	0.000000e+000
2.487465155857277e-007	-1.303128e-002	0.000000e+000
2.489665385084949e-007	-1.301596e-002	0.000000e+000
2.491870818231546e-007	-1.304824e-002	0.000000e+000
2.494181722089592e-007	-1.313172e-002	0.000000e+000
2.497102492197549e-007	-1.329857e-002	0.000000e+000
2.499810649100441e-007	-1.350288e-002	0.000000e+000
2.501621515162076e-007	-1.366691e-002	0.000000e+000
2.503330220161574e-007	-1.384161e-002	0.000000e+000
2.505678440455049e-007	-1.410191e-002	0.000000e+000
2.508251539902644e-007	-1.440267e-002	0.000000e+000
2.510155642505663e-007	-1.463131e-002	0.000000e+000
2.511992214689161e-007	-1.485197e-002	0.000000e+000
2.513650253085171e-007	-1.504570e-002	0.000000e+000
2.515883762359923e-007	-1.529230e-002	0.000000e+000
2.518007182939019e-007	-1.550427e-002	0.000000e+000
2.520416589870394e-007	-1.570535e-002	0.000000e+000
2.523292720887085e-007	-1.588114e-002	0.000000e+000
2.526222408387085e-007	-1.597645e-002	0.000000e+000
2.529152095887086e-007	-1.597915e-002	0.000000e+000
2.531451039726188e-007	-1.591336e-002	0.000000e+000
2.532963188071579e-007	-1.583022e-002	0.000000e+000
2.534681308753630e-007	-1.569401e-002	0.000000e+000
2.537194427728603e-007	-1.543485e-002	0.000000e+000
2.540124115228603e-007	-1.506502e-002	0.000000e+000
2.542783141073796e-007	-1.467928e-002	0.000000e+000
2.544900785236863e-007	-1.434786e-002	0.000000e+000
2.547044467420612e-007	-1.400543e-002	0.000000e+000
2.549257754287017e-007	-1.366181e-002	0.000000e+000
2.551561819527426e-007	-1.333117e-002	0.000000e+000
2.553788306381133e-007	-1.305418e-002	0.000000e+000
2.556030104891288e-007	-1.283300e-002	0.000000e+000
2.558246951764897e-007	-1.268262e-002	0.000000e+000
2.560370692584782e-007	-1.261975e-002	0.000000e+000
2.563300380084782e-007	-1.265251e-002	0.000000e+000
2.565513801520479e-007	-1.276307e-002	0.000000e+000
2.567065202622858e-007	-1.289681e-002	0.000000e+000
2.568809236404962e-007	-1.309820e-002	0.000000e+000
2.570608287885248e-007	-1.335071e-002	0.000000e+000
2.572575475676271e-007	-1.367165e-002	0.000000e+000
2.574942295426174e-007	-1.409796e-002	0.000000e+000
2.576363485876365e-007	-1.436902e-002	0.000000e+000
2.578263072928434e-007	-1.473895e-002	0.000000e+000
2.580209071025882e-007	-1.510921e-002	0.000000e+000
2.582525989724247e-007	-1.551918e-002	0.000000e+000
2.584964550794412e-007	-1.589646e-002	0.000000e+000
2.587053316101335e-007	-1.615541e-002	0.000000e+000
2.589161866977198e-007	-1.633945e-002	0.000000e+000
2.591242076023882e-007	-1.643259e-002	0.000000e+000
2.593771219682050e-007	-1.643421e-002	0.000000e+000
2.595651982882718e-007	-1.635679e-002	0.000000e+000
2.597152375863115e-007	-1.623660e-002	0.000000e+000
2.598854536215339e-007	-1.604135e-002	0.000000e+000
2.601084541137307e-007	-1.571093e-002	0.000000e+000
2.603885374952781e-007	-1.521653e-002	0.000000e+000
2.605521618765625e-007	-1.489341e-002	0.000000e+000
2.607360675374872e-007	-1.450819e-002	0.000000e+000
2.609248336619300e-007	-1.411042e-002	0.000000e+000
2.611449741247383e-007	-1.366169e-002	0.000000e+000
2.613426999663226e-007	-1.329078e-002	0.000000e+000
2.615541573464704e-007	-1.294870e-002	0.000000e+000
2.617790124885955e-007	-1.266279e-002	0.000000e+000
2.620117759129347e-007	-1.246080e-002	0.000000e+000
2.622021269657663e-007	-1.237886e-002	0.000000e+000
2.623939398001061e-007	-1.238112e-002	0.000000e+000
2.625875933136136e-007	-1.246654e-002	0.000000e+000
2.627965659001995e-007	-1.264642e-002	0.000000e+000
2.630081796739203e-007	-1.290820e-002	0.000000e+000
2.631863915509042e-007	-1.318771e-002	0.000000e+000
2.634144295614812e-007	-1.360449e-002	0.000000e+000
2.636280338347891e-007	-1.403079e-002	0.000000e+000
2.638406485791961e-007	-1.446979e-002	0.000000e+000
2.641336173291961e-007	-1.505480e-002	0.000000e+000
2.644265860791961e-007	-1.558050e-002	0.000000e+000
2.646554976725883e-007	-1.591703e-002	0.000000e+000
2.648781283315796e-007	-1.615684e-002	0.000000e+000
2.650859379711753e-007	-1.629315e-002	0.000000e+000
2.652941867802567e-007	-1.633439e-002	0.000000e+000
2.655339117414533e-007	-1.627563e-002	0.000000e+000
2.657159333781361e-007	-1.615609e-002	0.000000e+000
2.658899631451695e-007	-1.597604e-002	0.000000e+000
2.660959716100904e-007	-1.569617e-002	0.000000e+000
2.663432682994689e-007	-1.529255e-002	0.000000e+000
2.665895463576768e-007	-1.484283e-002	0.000000e+000
2.667633434913987e-007	-1.450817e-002	0.000000e+000
2.669218502697158e-007	-1.420139e-002	0.000000e+000
2.670965000929132e-007	-1.387741e-002	0.000000e+000
2.673428930120682e-007	-1.346573e-002	0.000000e+000
2.676312637400909e-007	-1.306434e-002	0.000000e+000
2.678517678766788e-007	-1.283818e-002	0.000000e+000
2.680682674296584e-007	-1.270921e-002	0.000000e+000
2.683249065529672e-007	-1.266667e-002	0.000000e+000
2.685433558940107e-007	-1.272488e-002	0.000000e+000
2.687684151355693e-007	-1.287869e-002	0.000000e+000
2.690060478675067e-007	-1.312632e-002	0.000000e+000
2.692456574203947e-007	-1.344602e-002	0.000000e+000
2.694670068984151e-007	-1.378742e-002	0.000000e+000
2.696887900793642e-007	-1.415481e-002	0.000000e+000
2.698688811916393e-007	-1.445787e-002	0.000000e+000
2.700501439719335e-007	-1.475405e-002	0.000000e+000
2.702521632361036e-007	-1.506134e-002	0.000000e+000
2.704385170626292e-007	-1.531437e-002	0.000000e+000
2.706003225708650e-007	-1.549991e-002	0.000000e+000
2.707840008600986e-007	-1.566586e-002	0.000000e+000
2.709653370674020e-007	-1.577938e-002	0.000000e+000
2.711670050916640e-007	-1.583829e-002	0.000000e+000
2.714268780591966e-007	-1.581730e-002	0.000000e+000
2.716985109516943e-007	-1.568911e-002	0.000000e+000
2.719726003282776e-007	-1.546119e-002	0.000000e+000
2.721947824976300e-007	-1.521424e-002	0.000000e+000
2.723858457534922e-007	-1.496461e-002	0.000000e+000
2.725870755986038e-007	-1.467903e-002	0.000000e+000
2.727813856289912e-007	-1.439485e-002	0.000000e+000
2.730271950555438e-007	-1.404077e-002	0.000000e+000
2.732453323811303e-007	-1.374582e-002	0.000000e+000
2.734425997959840e-007	-1.350954e-002	0.000000e+000
2.736688087093432e-007	-1.328501e-002	0.000000e+000
2.738902751898106e-007	-1.312217e-002	0.000000e+000
2.741409429885531e-007	-1.301252e-002	0.000000e+000
2.743815640423717e-007	-1.298299e-002	0.000000e+000
2.746202835023445e-007	-1.302333e-002	0.000000e+000
2.747808471943831e-007	-1.308990e-002	0.000000e+000
2.749344610278211e-007	-1.318653e-002	0.000000e+000
2.751613634262699e-007	-1.336967e-002	0.000000e+000
2.754076600632135e-007	-1.360373e-002	0.000000e+000
2.755924534460966e-007	-1.379809e-002	0.000000e+000
2.757755284336112e-007	-1.399888e-002	0.000000e+000
2.759843178162088e-007	-1.422530e-002	0.000000e+000
2.761950399628397e-007	-1.444096e-002	0.000000e+000
2.763861706702978e-007	-1.461589e-002	0.000000e+000
2.765794170950391e-007	-1.476251e-002	0.000000e+000
2.768044424941282e-007	-1.488613e-002	0.000000e+000
2.770658343151910e-007	-1.496464e-002	0.000000e+000
2.772879078173625e-007	-1.497132e-002	0.000000e+000
2.774803699223470e-007	-1.492489e-002	0.000000e+000
2.776744074042468e-007	-1.482900e-002	0.000000e+000
2.778800721142111e-007	-1.467757e-002	0.000000e+000
2.781086222224766e-007	-1.445569e-002	0.000000e+000
2.783598125479182e-007	-1.415865e-002	0.000000e+000
2.786076192414368e-007	-1.382257e-002	0.000000e+000
2.788766833095685e-007	-1.342619e-002	0.000000e+000
2.791190382613901e-007	-1.305634e-002	0.000000e+000
2.792962698608718e-007	-1.278585e-002	0.000000e+000
2.794610772319270e-007	-1.254132e-002	0.000000e+000
2.796543938784867e-007	-1.226861e-002	0.000000e+000
2.798422881471257e-007	-1.202332e-002	0.000000e+000
2.800540106389942e-007	-1.177569e-002	0.000000e+000
2.802708034150504e-007	-1.155666e-002	0.000000e+000
2.804921031350530e-007	-1.137481e-002	0.000000e+000
2.807850718850530e-007	-1.119237e-002	0.000000e+000
2.810780406350530e-007	-1.106383e-002	0.000000e+000
2.813445127204781e-007	-1.098569e-002	0.000000e+000
2.815894407778493e-007	-1.093288e-002	0.000000e+000
2.818798231528100e-007	-1.086878e-002	0.000000e+000
2.821727919028100e-007	-1.077444e-002	0.000000e+000
2.824657606528100e-007	-1.061947e-002	0.000000e+000
2.827587294028100e-007	-1.037328e-002	0.000000e+000
2.830516981528100e-007	-1.000876e-002	0.000000e+000
2.833446669028101e-007	-9.504398e-003	0.000000e+000
2.836376356528101e-007	-8.846031e-003	0.000000e+000
2.839306044028101e-007	-8.027885e-003	0.000000e+000
2.842235731528101e-007	-7.052911e-003	0.000000e+000
2.845165419028101e-007	-5.932636e-003	0.000000e+000
2.848057431125624e-007	-4.701042e-003	0.000000e+000
2.850987118625624e-007	-3.348712e-003	0.000000e+000
2.853916806125624e-007	-1.918570e-003	0.000000e+000
2.856352326978762e-007	-6.847635e-004	0.000000e+000
2.859004513426207e-007	6.903794e-004	0.000000e+000
2.861934200926207e-007	2.229200e-003	0.000000e+000
2.864033292558930e-007	3.340095e-003	0.000000e+000
2.865254536130282e-007	3.989868e-003	0.000000e+000
2.866740739198086e-007	4.784810e-003	0.000000e+000
2.868472258422688e-007	5.718271e-003	0.000000e+000
2.870471830120737e-007	6.810816e-003	0.000000e+000
2.872657648953294e-007	8.035085e-003	0.000000e+000
2.875587336453294e-007	9.743268e-003	0.000000e+000
2.878517023953294e-007	1.155580e-002	0.000000e+000
2.881446711453294e-007	1.351462e-002	0.000000e+000
2.884262678960268e-007	1.557732e-002	0.000000e+000
2.887192366460268e-007	1.794842e-002	0.000000e+000
2.890122053960268e-007	2.057691e-002	0.000000e+000
2.893051741460268e-007	2.348844e-002	0.000000e+000
2.895981428960269e-007	2.668565e-002	0.000000e+000
2.898523024870850e-007	2.970358e-002	0.000000e+000
2.901254922138430e-007	3.320031e-002	0.000000e+000
2.904184609638430e-007	3.720054e-002	0.000000e+000
2.907114297138430e-007	4.143069e-002	0.000000e+000
2.910043984638430e-007	4.585903e-002	0.000000e+000
2.912973672138431e-007	5.044694e-002	0.000000e+000
2.915903359638431e-007	5.515749e-002	0.000000e+000
2.918833047138431e-007	5.995911e-002	0.000000e+000
2.921762734638431e-007	6.482860e-002	0.000000e+000
2.924692422138431e-007	6.975311e-002	0.000000e+000
2.927622109638431e-007	7.473086e-002	0.000000e+000
2.930551797138431e-007	7.977047e-002	0.000000e+000
2.933481484638431e-007	8.488889e-002	0.000000e+000
2.936411172138431e-007	9.010831e-002	0.000000e+000
2.939340859638431e-007	9.545206e-002	0.000000e+000
2.942270547138431e-007	1.009402e-001	0.000000e+000
2.945200234638431e-007	1.065854e-001	0.000000e+000
2.948129922138431e-007	1.123886e-001	0.000000e+000
2.951059609638431e-007	1.183368e-001	0.000000e+000
2.953989297138432e-007	1.244013e-001	0.000000e+000
2.956918984638432e-007	1.305373e-001	0.000000e+000
2.959848672138432e-007	1.366861e-001	0.000000e+000
2.962778359638432e-007	1.427775e-001	0.000000e+000
2.965708047138432e-007	1.487339e-001	0.000000e+000
2.968637734638432e-007	1.544747e-001	0.000000e+000
2.971567422138432e-007	1.599216e-001	0.000000e+000
2.974497109638432e-007	1.650026e-001	0.000000e+000
2.977426797138432e-007	1.696557e-001	0.000000e+000
2.980356484638432e-007	1.738594e-001	0.000000e+000
2.982662237106563e-007	1.767992e-001	0.000000e+000
2.985251194633004e-007	1.796671e-001	0.000000e+000
2.988180882133004e-007	1.824105e-001	0.000000e+000
2.991110569633004e-007	1.846182e-001	0.000000e+000
2.994040257133004e-007	1.862735e-001	0.000000e+000
2.996969944633004e-007	1.873762e-001	0.000000e+000
2.999899632133004e-007	1.880593e-001	0.000000e+000
3.000000000000000e-007	1.880731e-001	0.000000e+000
