time	V(out)	V(n118)
0.000000000000000e+000	0.000000e+000	0.000000e+000
2.929687488293547e-015	0.000000e+000	3.906250e-007
5.859374976587093e-015	0.000000e+000	7.812500e-007
6.862165151151572e-012	-2.980880e-022	9.149554e-004
1.371847092732656e-011	-2.643914e-022	1.829129e-003
2.057477670350154e-011	1.010899e-022	2.743304e-003
2.743108247967653e-011	7.983558e-022	3.657478e-003
3.428738825585152e-011	1.827406e-021	4.571652e-003
4.114369403202650e-011	3.188241e-021	5.485826e-003
4.799999980820147e-011	4.880861e-021	6.400000e-003
9.599999961640293e-011	1.079095e-019	1.280000e-002
1.404606014236564e-010	6.966946e-019	1.872808e-002
1.783236865824396e-010	2.950091e-018	2.377649e-002
2.133624804419512e-010	1.141924e-017	2.844833e-002
2.524063542346291e-010	4.558202e-017	3.365418e-002
2.929017788970751e-010	1.846438e-016	3.905357e-002
3.425937548498207e-010	8.489673e-016	4.567917e-002
3.978514655120629e-010	3.975050e-015	5.304686e-002
4.645797710677467e-010	1.992570e-014	6.194397e-002
5.403068812387455e-010	1.004517e-013	7.204092e-002
6.307358062350067e-010	4.259718e-013	8.409811e-002
7.079893803691623e-010	1.251168e-012	9.439858e-002
7.836459236609927e-010	3.439989e-012	1.044861e-001
8.648150319713865e-010	9.485999e-012	1.153087e-001
9.533838991927018e-010	2.634084e-011	1.271179e-001
1.051271808405182e-009	7.407496e-011	1.401696e-001
1.159241009934154e-009	2.099790e-010	1.545655e-001
1.278989387675510e-009	5.787947e-010	1.705319e-001
1.396557688753919e-009	1.395664e-009	1.862077e-001
1.506236762230611e-009	3.032935e-009	2.008316e-001
1.622813716182645e-009	6.610797e-009	2.163752e-001
1.745252185299451e-009	1.423748e-008	2.327003e-001
1.878825116510960e-009	3.104728e-008	2.505100e-001
2.021721192602527e-009	6.750315e-008	2.695628e-001
2.177732863256457e-009	1.434250e-007	2.903644e-001
2.313157269757365e-009	2.657555e-007	3.084210e-001
2.458950933586760e-009	5.004859e-007	3.278601e-001
2.605827732090887e-009	9.153854e-007	3.474437e-001
2.766818725022723e-009	1.706524e-006	3.689092e-001
2.934054616542614e-009	3.137556e-006	3.912073e-001
3.116262312335975e-009	5.817770e-006	4.155017e-001
3.298993569556954e-009	1.026218e-005	4.398658e-001
3.464528592478393e-009	1.682771e-005	4.619372e-001
3.650521320322920e-009	2.852291e-005	4.867362e-001
3.834974378901316e-009	4.682052e-005	5.113299e-001
4.039694696763324e-009	7.803935e-005	5.386260e-001
4.223078365802316e-009	1.202777e-004	5.630771e-001
4.417107942339849e-009	1.864162e-004	5.889477e-001
4.612599989700354e-009	2.836783e-004	6.150134e-001
4.822795206767129e-009	4.352925e-004	6.430393e-001
5.039960568853124e-009	6.575413e-004	6.719947e-001
5.239489314574379e-009	9.436533e-004	6.985986e-001
5.452502116031265e-009	1.363904e-003	7.270003e-001
5.666484322086065e-009	1.938528e-003	7.555313e-001
5.896334310959018e-009	2.773287e-003	7.861779e-001
6.132595295100248e-009	3.913894e-003	8.176793e-001
6.352836809578699e-009	5.310620e-003	8.470449e-001
6.585388303976070e-009	7.217826e-003	8.780518e-001
6.820281976651093e-009	9.681343e-003	9.093710e-001
7.070499239385775e-009	1.293575e-002	9.427332e-001
7.242228921309817e-009	1.554601e-002	9.656305e-001
7.278964945693385e-009	1.617247e-002	9.705287e-001
7.310541382022901e-009	1.673376e-002	9.747388e-001
7.342117818352417e-009	1.731186e-002	9.789490e-001
7.373694254681934e-009	1.790677e-002	9.831592e-001
7.405270691011450e-009	1.851850e-002	9.873694e-001
7.436847127340967e-009	1.914704e-002	9.915796e-001
7.468423563670483e-009	1.979240e-002	9.957898e-001
7.499999999999999e-009	2.045456e-002	1.000000e+000
7.506896168887829e-009	2.060214e-002	1.000000e+000
7.520688506663486e-009	2.089978e-002	1.000000e+000
7.603442533317430e-009	2.277356e-002	1.000000e+000
7.713781235522689e-009	2.552107e-002	1.000000e+000
7.934458639933207e-009	3.169980e-002	1.000000e+000
8.173249096141981e-009	3.940115e-002	1.000000e+000
8.410084221138391e-009	4.832321e-002	1.000000e+000
8.676536700044732e-009	5.995054e-002	1.000000e+000
8.929110797263480e-009	7.262511e-002	1.000000e+000
9.209507802023298e-009	8.866443e-002	1.000000e+000
9.486666510424817e-009	1.065246e-001	1.000000e+000
9.770542508705264e-009	1.268923e-001	1.000000e+000
1.004107506850594e-008	1.482406e-001	1.000000e+000
1.033288602112581e-008	1.732746e-001	1.000000e+000
1.062497233489297e-008	2.001972e-001	1.000000e+000
1.091794108489297e-008	2.289033e-001	1.000000e+000
1.120411316219823e-008	2.583854e-001	1.000000e+000
1.149708191219823e-008	2.898031e-001	1.000000e+000
1.179005066219823e-008	3.222090e-001	1.000000e+000
1.208301941219823e-008	3.553697e-001	1.000000e+000
1.237598816219823e-008	3.890595e-001	1.000000e+000
1.266895691219823e-008	4.230738e-001	1.000000e+000
1.296192566219823e-008	4.572310e-001	1.000000e+000
1.325489441219823e-008	4.913709e-001	1.000000e+000
1.354786316219823e-008	5.253499e-001	1.000000e+000
1.384083191219824e-008	5.590338e-001	1.000000e+000
1.413380066219824e-008	5.922900e-001	1.000000e+000
1.442676941219824e-008	6.249793e-001	1.000000e+000
1.471973816219824e-008	6.569499e-001	1.000000e+000
1.501270691219824e-008	6.880336e-001	1.000000e+000
1.530567566219824e-008	7.180464e-001	1.000000e+000
1.559864441219824e-008	7.467922e-001	1.000000e+000
1.589161316219824e-008	7.740707e-001	1.000000e+000
1.618458191219824e-008	7.996894e-001	1.000000e+000
1.647755066219824e-008	8.234760e-001	1.000000e+000
1.677051941219824e-008	8.452932e-001	1.000000e+000
1.706348816219824e-008	8.650514e-001	1.000000e+000
1.735645691219824e-008	8.827193e-001	1.000000e+000
1.764942566219824e-008	8.983309e-001	1.000000e+000
1.794239441219824e-008	9.119865e-001	1.000000e+000
1.823536316219824e-008	9.238498e-001	1.000000e+000
1.852833191219824e-008	9.341391e-001	1.000000e+000
1.882130066219824e-008	9.431142e-001	1.000000e+000
1.911426941219824e-008	9.510603e-001	1.000000e+000
1.940723816219824e-008	9.582704e-001	1.000000e+000
1.970020691219824e-008	9.650277e-001	1.000000e+000
1.999317566219824e-008	9.715905e-001	1.000000e+000
2.028614441219824e-008	9.781801e-001	1.000000e+000
2.057911316219825e-008	9.849732e-001	1.000000e+000
2.087208191219825e-008	9.920999e-001	1.000000e+000
2.116505066219825e-008	9.996456e-001	1.000000e+000
2.145801941219825e-008	1.007658e+000	1.000000e+000
2.175098816219825e-008	1.016156e+000	1.000000e+000
2.204395691219825e-008	1.025141e+000	1.000000e+000
2.233692566219825e-008	1.034608e+000	1.000000e+000
2.262989441219825e-008	1.044555e+000	1.000000e+000
2.292286316219825e-008	1.054989e+000	1.000000e+000
2.321583191219825e-008	1.065927e+000	1.000000e+000
2.350880066219825e-008	1.077397e+000	1.000000e+000
2.380176941219825e-008	1.089429e+000	1.000000e+000
2.409473816219825e-008	1.102052e+000	1.000000e+000
2.438770691219825e-008	1.115278e+000	1.000000e+000
2.468067566219825e-008	1.129094e+000	1.000000e+000
2.497364441219825e-008	1.143454e+000	1.000000e+000
2.526661316219825e-008	1.158270e+000	1.000000e+000
2.555958191219825e-008	1.173410e+000	1.000000e+000
2.585255066219825e-008	1.188698e+000	1.000000e+000
2.614551941219825e-008	1.203922e+000	1.000000e+000
2.643848816219826e-008	1.218841e+000	1.000000e+000
2.673145691219826e-008	1.233196e+000	1.000000e+000
2.702442566219826e-008	1.246730e+000	1.000000e+000
2.731739441219826e-008	1.259196e+000	1.000000e+000
2.761036316219826e-008	1.270375e+000	1.000000e+000
2.790333191219826e-008	1.280087e+000	1.000000e+000
2.819630066219826e-008	1.288196e+000	1.000000e+000
2.848926941219826e-008	1.294616e+000	1.000000e+000
2.878223816219826e-008	1.299312e+000	1.000000e+000
2.907520691219826e-008	1.302293e+000	1.000000e+000
2.936817566219826e-008	1.303609e+000	1.000000e+000
2.966114441219826e-008	1.303340e+000	1.000000e+000
2.995411316219826e-008	1.301584e+000	1.000000e+000
3.024708191219826e-008	1.298451e+000	1.000000e+000
3.054005066219826e-008	1.294055e+000	1.000000e+000
3.083301941219826e-008	1.288504e+000	1.000000e+000
3.112598816219826e-008	1.281901e+000	1.000000e+000
3.141895691219826e-008	1.274340e+000	1.000000e+000
3.171192566219826e-008	1.265907e+000	1.000000e+000
3.200489441219826e-008	1.256690e+000	1.000000e+000
3.229786316219826e-008	1.246775e+000	1.000000e+000
3.259083191219826e-008	1.236259e+000	1.000000e+000
3.288380066219826e-008	1.225249e+000	1.000000e+000
3.317676941219826e-008	1.213870e+000	1.000000e+000
3.346973816219826e-008	1.202265e+000	1.000000e+000
3.376270691219826e-008	1.190596e+000	1.000000e+000
3.405567566219826e-008	1.179038e+000	1.000000e+000
3.434864441219827e-008	1.167780e+000	1.000000e+000
3.464161316219827e-008	1.157012e+000	1.000000e+000
3.493458191219827e-008	1.146922e+000	1.000000e+000
3.522755066219827e-008	1.137685e+000	1.000000e+000
3.552051941219827e-008	1.129455e+000	1.000000e+000
3.581348816219827e-008	1.122357e+000	1.000000e+000
3.610645691219827e-008	1.116479e+000	1.000000e+000
3.639942566219827e-008	1.111869e+000	1.000000e+000
3.669239441219827e-008	1.108530e+000	1.000000e+000
3.698536316219827e-008	1.106423e+000	1.000000e+000
3.727833191219827e-008	1.105464e+000	1.000000e+000
3.757130066219827e-008	1.105532e+000	1.000000e+000
3.786426941219827e-008	1.106474e+000	1.000000e+000
3.815723816219827e-008	1.108113e+000	1.000000e+000
3.845020691219827e-008	1.110257e+000	1.000000e+000
3.874317566219827e-008	1.112706e+000	1.000000e+000
3.903614441219827e-008	1.115267e+000	1.000000e+000
3.932911316219827e-008	1.117755e+000	1.000000e+000
3.962208191219827e-008	1.120007e+000	1.000000e+000
3.991505066219828e-008	1.121881e+000	1.000000e+000
4.020801941219828e-008	1.123264e+000	1.000000e+000
4.050098816219828e-008	1.124068e+000	1.000000e+000
4.079395691219828e-008	1.124232e+000	1.000000e+000
4.108692566219828e-008	1.123716e+000	1.000000e+000
4.137989441219828e-008	1.122495e+000	1.000000e+000
4.167286316219828e-008	1.120557e+000	1.000000e+000
4.196583191219828e-008	1.117893e+000	1.000000e+000
4.225880066219828e-008	1.114493e+000	1.000000e+000
4.255176941219828e-008	1.110346e+000	1.000000e+000
4.284473816219828e-008	1.105433e+000	1.000000e+000
4.313770691219828e-008	1.099732e+000	1.000000e+000
4.343067566219828e-008	1.093221e+000	1.000000e+000
4.372364441219828e-008	1.085880e+000	1.000000e+000
4.401661316219828e-008	1.077706e+000	1.000000e+000
4.430958191219828e-008	1.068711e+000	1.000000e+000
4.460255066219828e-008	1.058938e+000	1.000000e+000
4.489551941219828e-008	1.048458e+000	1.000000e+000
4.518848816219828e-008	1.037382e+000	1.000000e+000
4.548145691219828e-008	1.025857e+000	1.000000e+000
4.577442566219829e-008	1.014061e+000	1.000000e+000
4.606739441219829e-008	1.002200e+000	1.000000e+000
4.636036316219829e-008	9.904982e-001	1.000000e+000
4.665333191219829e-008	9.791813e-001	1.000000e+000
4.694630066219829e-008	9.684687e-001	1.000000e+000
4.723926941219829e-008	9.585577e-001	1.000000e+000
4.753223816219829e-008	9.496132e-001	1.000000e+000
4.782520691219829e-008	9.417583e-001	1.000000e+000
4.811817566219829e-008	9.350699e-001	1.000000e+000
4.841114441219829e-008	9.295777e-001	1.000000e+000
4.870411316219829e-008	9.252676e-001	1.000000e+000
4.899708191219829e-008	9.220884e-001	1.000000e+000
4.929005066219829e-008	9.199628e-001	1.000000e+000
4.958301941219829e-008	9.187974e-001	1.000000e+000
4.987598816219829e-008	9.184956e-001	1.000000e+000
5.016895691219829e-008	9.189674e-001	1.000000e+000
5.046192566219829e-008	9.201366e-001	1.000000e+000
5.075489441219829e-008	9.219458e-001	1.000000e+000
5.104786316219829e-008	9.243560e-001	1.000000e+000
5.134083191219829e-008	9.273428e-001	1.000000e+000
5.163380066219830e-008	9.308894e-001	1.000000e+000
5.192676941219830e-008	9.349774e-001	1.000000e+000
5.221973816219830e-008	9.395761e-001	1.000000e+000
5.251270691219830e-008	9.446331e-001	1.000000e+000
5.280567566219830e-008	9.500664e-001	1.000000e+000
5.309864441219830e-008	9.557605e-001	1.000000e+000
5.339161316219830e-008	9.615661e-001	1.000000e+000
5.368458191219830e-008	9.673043e-001	1.000000e+000
5.397755066219830e-008	9.727757e-001	1.000000e+000
5.427051941219830e-008	9.777720e-001	1.000000e+000
5.456348816219830e-008	9.820907e-001	1.000000e+000
5.485645691219830e-008	9.855495e-001	1.000000e+000
5.514942566219830e-008	9.880011e-001	1.000000e+000
5.544239441219830e-008	9.893438e-001	1.000000e+000
5.573536316219830e-008	9.895298e-001	1.000000e+000
5.602833191219830e-008	9.885679e-001	1.000000e+000
5.632130066219830e-008	9.865215e-001	1.000000e+000
5.661426941219830e-008	9.835021e-001	1.000000e+000
5.690723816219830e-008	9.796589e-001	1.000000e+000
5.720020691219830e-008	9.751652e-001	1.000000e+000
5.749317566219831e-008	9.702048e-001	1.000000e+000
5.778614441219831e-008	9.649575e-001	1.000000e+000
5.807911316219831e-008	9.595872e-001	1.000000e+000
5.837208191219831e-008	9.542333e-001	1.000000e+000
5.866505066219831e-008	9.490056e-001	1.000000e+000
5.895801941219831e-008	9.439830e-001	1.000000e+000
5.925098816219831e-008	9.392167e-001	1.000000e+000
5.954395691219831e-008	9.347367e-001	1.000000e+000
5.983692566219830e-008	9.305600e-001	1.000000e+000
6.012989441219830e-008	9.266995e-001	1.000000e+000
6.042286316219829e-008	9.231729e-001	1.000000e+000
6.071583191219828e-008	9.200101e-001	1.000000e+000
6.100880066219828e-008	9.172574e-001	1.000000e+000
6.130176941219827e-008	9.149787e-001	1.000000e+000
6.159473816219827e-008	9.132536e-001	1.000000e+000
6.188770691219826e-008	9.121721e-001	1.000000e+000
6.218067566219825e-008	9.118270e-001	1.000000e+000
6.247364441219825e-008	9.123052e-001	1.000000e+000
6.276661316219824e-008	9.136776e-001	1.000000e+000
6.305958191219824e-008	9.159907e-001	1.000000e+000
6.335255066219823e-008	9.192597e-001	1.000000e+000
6.364551941219822e-008	9.234634e-001	1.000000e+000
6.393848816219822e-008	9.285431e-001	1.000000e+000
6.423145691219821e-008	9.344037e-001	1.000000e+000
6.452442566219820e-008	9.409181e-001	1.000000e+000
6.481739441219820e-008	9.479343e-001	1.000000e+000
6.511036316219819e-008	9.552832e-001	1.000000e+000
6.540333191219819e-008	9.627885e-001	1.000000e+000
6.569630066219818e-008	9.702757e-001	1.000000e+000
6.598926941219817e-008	9.775805e-001	1.000000e+000
6.628223816219817e-008	9.845560e-001	1.000000e+000
6.657520691219816e-008	9.910775e-001	1.000000e+000
6.686817566219816e-008	9.970458e-001	1.000000e+000
6.716114441219815e-008	1.002388e+000	1.000000e+000
6.745411316219814e-008	1.007055e+000	1.000000e+000
6.774708191219814e-008	1.011021e+000	1.000000e+000
6.804005066219813e-008	1.014278e+000	1.000000e+000
6.833301941219813e-008	1.016831e+000	1.000000e+000
6.862598816219812e-008	1.018697e+000	1.000000e+000
6.891895691219811e-008	1.019894e+000	1.000000e+000
6.921192566219811e-008	1.020445e+000	1.000000e+000
6.950489441219810e-008	1.020371e+000	1.000000e+000
6.979786316219809e-008	1.019691e+000	1.000000e+000
7.009083191219809e-008	1.018423e+000	1.000000e+000
7.038380066219808e-008	1.016588e+000	1.000000e+000
7.067676941219808e-008	1.014205e+000	1.000000e+000
7.096973816219807e-008	1.011303e+000	1.000000e+000
7.126270691219806e-008	1.007919e+000	1.000000e+000
7.155567566219806e-008	1.004104e+000	1.000000e+000
7.184864441219805e-008	9.999228e-001	1.000000e+000
7.214161316219805e-008	9.954606e-001	1.000000e+000
7.243458191219804e-008	9.908199e-001	1.000000e+000
7.272755066219803e-008	9.861211e-001	1.000000e+000
7.302051941219803e-008	9.814987e-001	1.000000e+000
7.331348816219802e-008	9.770975e-001	1.000000e+000
7.360645691219802e-008	9.730658e-001	1.000000e+000
7.389942566219801e-008	9.695480e-001	1.000000e+000
7.419239441219800e-008	9.666767e-001	1.000000e+000
7.448536316219800e-008	9.645643e-001	1.000000e+000
7.477833191219799e-008	9.632958e-001	1.000000e+000
7.507130066219798e-008	9.629226e-001	1.000000e+000
7.536426941219798e-008	9.634594e-001	1.000000e+000
7.565723816219797e-008	9.648823e-001	1.000000e+000
7.595020691219797e-008	9.671313e-001	1.000000e+000
7.624317566219796e-008	9.701145e-001	1.000000e+000
7.653614441219795e-008	9.737157e-001	1.000000e+000
7.682911316219795e-008	9.778029e-001	1.000000e+000
7.712208191219794e-008	9.822385e-001	1.000000e+000
7.741505066219794e-008	9.868896e-001	1.000000e+000
7.770801941219793e-008	9.916368e-001	1.000000e+000
7.800098816219792e-008	9.963808e-001	1.000000e+000
7.829395691219792e-008	1.001047e+000	1.000000e+000
7.858692566219791e-008	1.005587e+000	1.000000e+000
7.887989441219791e-008	1.009974e+000	1.000000e+000
7.917286316219790e-008	1.014200e+000	1.000000e+000
7.946583191219789e-008	1.018266e+000	1.000000e+000
7.975880066219789e-008	1.022177e+000	1.000000e+000
8.005176941219788e-008	1.025927e+000	1.000000e+000
8.034473816219787e-008	1.029496e+000	1.000000e+000
8.063770691219787e-008	1.032844e+000	1.000000e+000
8.093067566219786e-008	1.035905e+000	1.000000e+000
8.122364441219786e-008	1.038595e+000	1.000000e+000
8.151661316219785e-008	1.040811e+000	1.000000e+000
8.180958191219784e-008	1.042441e+000	1.000000e+000
8.210255066219784e-008	1.043375e+000	1.000000e+000
8.239551941219783e-008	1.043520e+000	1.000000e+000
8.268848816219783e-008	1.042805e+000	1.000000e+000
8.298145691219782e-008	1.041197e+000	1.000000e+000
8.327442566219781e-008	1.038702e+000	1.000000e+000
8.356739441219781e-008	1.035376e+000	1.000000e+000
8.386036316219780e-008	1.031315e+000	1.000000e+000
8.415333191219780e-008	1.026659e+000	1.000000e+000
8.444630066219779e-008	1.021572e+000	1.000000e+000
8.473926941219778e-008	1.016238e+000	1.000000e+000
8.503223816219778e-008	1.010845e+000	1.000000e+000
8.532520691219777e-008	1.005570e+000	1.000000e+000
8.561817566219776e-008	1.000566e+000	1.000000e+000
8.591114441219776e-008	9.959579e-001	1.000000e+000
8.620411316219775e-008	9.918298e-001	1.000000e+000
8.649708191219775e-008	9.882296e-001	1.000000e+000
8.679005066219774e-008	9.851691e-001	1.000000e+000
8.708301941219773e-008	9.826316e-001	1.000000e+000
8.737598816219773e-008	9.805810e-001	1.000000e+000
8.766895691219772e-008	9.789727e-001	1.000000e+000
8.796192566219772e-008	9.777640e-001	1.000000e+000
8.825489441219771e-008	9.769236e-001	1.000000e+000
8.854786316219770e-008	9.764374e-001	1.000000e+000
8.884083191219770e-008	9.763121e-001	1.000000e+000
8.913380066219769e-008	9.765732e-001	1.000000e+000
8.942676941219769e-008	9.772611e-001	1.000000e+000
8.971973816219768e-008	9.784235e-001	1.000000e+000
9.001270691219767e-008	9.801049e-001	1.000000e+000
9.030567566219767e-008	9.823371e-001	1.000000e+000
9.059864441219766e-008	9.851292e-001	1.000000e+000
9.089161316219765e-008	9.884604e-001	1.000000e+000
9.118458191219765e-008	9.922752e-001	1.000000e+000
9.147755066219764e-008	9.964832e-001	1.000000e+000
9.177051941219764e-008	1.000962e+000	1.000000e+000
9.206348816219763e-008	1.005563e+000	1.000000e+000
9.235645691219762e-008	1.010123e+000	1.000000e+000
9.264942566219762e-008	1.014475e+000	1.000000e+000
9.294239441219761e-008	1.018461e+000	1.000000e+000
9.323536316219761e-008	1.021940e+000	1.000000e+000
9.352833191219760e-008	1.024802e+000	1.000000e+000
9.382130066219759e-008	1.026971e+000	1.000000e+000
9.411426941219759e-008	1.028411e+000	1.000000e+000
9.440723816219758e-008	1.029121e+000	1.000000e+000
9.470020691219758e-008	1.029136e+000	1.000000e+000
9.499317566219757e-008	1.028517e+000	1.000000e+000
9.528614441219756e-008	1.027342e+000	1.000000e+000
9.557911316219756e-008	1.025701e+000	1.000000e+000
9.587208191219755e-008	1.023681e+000	1.000000e+000
9.616505066219754e-008	1.021360e+000	1.000000e+000
9.645801941219754e-008	1.018807e+000	1.000000e+000
9.675098816219753e-008	1.016068e+000	1.000000e+000
9.704395691219753e-008	1.013177e+000	1.000000e+000
9.733692566219752e-008	1.010150e+000	1.000000e+000
9.762989441219751e-008	1.006992e+000	1.000000e+000
9.792286316219751e-008	1.003705e+000	1.000000e+000
9.821583191219750e-008	1.000288e+000	1.000000e+000
9.850880066219750e-008	9.967529e-001	1.000000e+000
9.880176941219749e-008	9.931190e-001	1.000000e+000
9.909473816219748e-008	9.894240e-001	1.000000e+000
9.938770691219748e-008	9.857229e-001	1.000000e+000
9.968067566219747e-008	9.820879e-001	1.000000e+000
9.997364441219747e-008	9.786059e-001	1.000000e+000
1.002666131621975e-007	9.753743e-001	1.000000e+000
1.005595819121975e-007	9.724957e-001	1.000000e+000
1.008525506621975e-007	9.700702e-001	1.000000e+000
1.011455194121974e-007	9.681899e-001	1.000000e+000
1.014384881621974e-007	9.669317e-001	1.000000e+000
1.017314569121974e-007	9.663517e-001	1.000000e+000
1.020244256621974e-007	9.664814e-001	1.000000e+000
1.023173944121974e-007	9.673243e-001	1.000000e+000
1.026103631621974e-007	9.688556e-001	1.000000e+000
1.029033319121974e-007	9.710231e-001	1.000000e+000
1.031963006621974e-007	9.737497e-001	1.000000e+000
1.034892694121974e-007	9.769379e-001	1.000000e+000
1.037822381621974e-007	9.804758e-001	1.000000e+000
1.040752069121974e-007	9.842427e-001	1.000000e+000
1.043681756621974e-007	9.881167e-001	1.000000e+000
1.046611444121974e-007	9.919810e-001	1.000000e+000
1.049541131621974e-007	9.957299e-001	1.000000e+000
1.052470819121974e-007	9.992736e-001	1.000000e+000
1.055400506621974e-007	1.002542e+000	1.000000e+000
1.058330194121973e-007	1.005485e+000	1.000000e+000
1.061259881621973e-007	1.008074e+000	1.000000e+000
1.064189569121973e-007	1.010298e+000	1.000000e+000
1.067119256621973e-007	1.012163e+000	1.000000e+000
1.070048944121973e-007	1.013705e+000	1.000000e+000
1.072070312500000e-007	1.014560e+000	1.000000e+000
1.075000000000000e-007	1.015584e+000	1.000000e+000
1.075292968750000e-007	1.015662e+000	9.960938e-001
1.075878906250000e-007	1.015808e+000	9.882813e-001
1.077050781250000e-007	1.016059e+000	9.726563e-001
1.079394531250000e-007	1.016417e+000	9.414063e-001
1.082324218750000e-007	1.016624e+000	9.023438e-001
1.085253906250000e-007	1.016532e+000	8.632813e-001
1.088183593750000e-007	1.016104e+000	8.242188e-001
1.091113281250000e-007	1.015319e+000	7.851563e-001
1.093785199015410e-007	1.014260e+000	7.495307e-001
1.096331127624884e-007	1.012901e+000	7.155850e-001
1.099260815124884e-007	1.010916e+000	6.765225e-001
1.102190502624884e-007	1.008497e+000	6.374600e-001
1.105120190124883e-007	1.005644e+000	5.983975e-001
1.108049877624883e-007	1.002400e+000	5.593350e-001
1.110979565124883e-007	9.988332e-001	5.202725e-001
1.113689949611991e-007	9.953187e-001	4.841340e-001
1.116196235984424e-007	9.919531e-001	4.507169e-001
1.118683069160153e-007	9.885813e-001	4.175591e-001
1.121397634433888e-007	9.849495e-001	3.813649e-001
1.124106617900239e-007	9.814548e-001	3.452451e-001
1.127036305400239e-007	9.778874e-001	3.061826e-001
1.129965992900239e-007	9.745726e-001	2.671201e-001
1.132895680400239e-007	9.715061e-001	2.280576e-001
1.135825367900239e-007	9.686241e-001	1.889951e-001
1.138755055400239e-007	9.658031e-001	1.499326e-001
1.141684742900239e-007	9.628624e-001	1.108701e-001
1.144614430400238e-007	9.595997e-001	7.180759e-002
1.147070312500000e-007	9.565458e-001	3.906250e-002
1.147423306153590e-007	9.560605e-001	3.435592e-002
1.148129293460771e-007	9.550225e-001	2.494275e-002
1.148588025385638e-007	9.543220e-001	1.882633e-002
1.149082536150266e-007	9.535283e-001	1.223285e-002
1.150000000000000e-007	9.520017e-001	0.000000e+000
1.150002426470588e-007	9.519975e-001	0.000000e+000
1.150007279411765e-007	9.519891e-001	0.000000e+000
1.150183371848740e-007	9.516799e-001	0.000000e+000
1.150359464285714e-007	9.513651e-001	0.000000e+000
1.150535556722689e-007	9.510445e-001	0.000000e+000
1.150711649159664e-007	9.507181e-001	0.000000e+000
1.150887741596639e-007	9.503861e-001	0.000000e+000
1.151063834033614e-007	9.500483e-001	0.000000e+000
1.151239926470589e-007	9.497048e-001	0.000000e+000
1.152482279411765e-007	9.470940e-001	0.000000e+000
1.154966985294119e-007	9.411384e-001	0.000000e+000
1.157260947380088e-007	9.346276e-001	0.000000e+000
1.160189927740596e-007	9.246341e-001	0.000000e+000
1.163119615240596e-007	9.127352e-001	0.000000e+000
1.166049302740596e-007	8.987269e-001	0.000000e+000
1.168970824362367e-007	8.826110e-001	0.000000e+000
1.171900511862367e-007	8.643235e-001	0.000000e+000
1.174830199362367e-007	8.441395e-001	0.000000e+000
1.176863088611795e-007	8.289955e-001	0.000000e+000
1.178875252538694e-007	8.130340e-001	0.000000e+000
1.181100963622056e-007	7.944606e-001	0.000000e+000
1.183458131612341e-007	7.738479e-001	0.000000e+000
1.186121554177839e-007	7.495982e-001	0.000000e+000
1.188091868125575e-007	7.310486e-001	0.000000e+000
1.189969729110182e-007	7.128749e-001	0.000000e+000
1.191849716802978e-007	6.942509e-001	0.000000e+000
1.194354283488172e-007	6.688811e-001	0.000000e+000
1.196971120277406e-007	6.417847e-001	0.000000e+000
1.199844743389911e-007	6.113865e-001	0.000000e+000
1.202471161097236e-007	5.830708e-001	0.000000e+000
1.204718518958574e-007	5.584381e-001	0.000000e+000
1.206753524942522e-007	5.358206e-001	0.000000e+000
1.208797858227701e-007	5.128343e-001	0.000000e+000
1.210648355113440e-007	4.918213e-001	0.000000e+000
1.212521153978425e-007	4.703775e-001	0.000000e+000
1.214465788582960e-007	4.479599e-001	0.000000e+000
1.217293141469703e-007	4.152237e-001	0.000000e+000
1.219838742301232e-007	3.857373e-001	0.000000e+000
1.222424882470481e-007	3.559173e-001	0.000000e+000
1.224772718234221e-007	3.291233e-001	0.000000e+000
1.226995559131543e-007	3.041432e-001	0.000000e+000
1.228914274625166e-007	2.830129e-001	0.000000e+000
1.230886265334758e-007	2.618296e-001	0.000000e+000
1.232832792787143e-007	2.415360e-001	0.000000e+000
1.234826706174628e-007	2.214983e-001	0.000000e+000
1.236971099721226e-007	2.008881e-001	0.000000e+000
1.239220167098247e-007	1.804042e-001	0.000000e+000
1.241546734919087e-007	1.605120e-001	0.000000e+000
1.243821971217869e-007	1.424001e-001	0.000000e+000
1.246031750610782e-007	1.261132e-001	0.000000e+000
1.248056254747999e-007	1.123535e-001	0.000000e+000
1.250098615654540e-007	9.957681e-002	0.000000e+000
1.252002118479527e-007	8.863074e-002	0.000000e+000
1.253938122533444e-007	7.843963e-002	0.000000e+000
1.256078134370383e-007	6.816927e-002	0.000000e+000
1.258349257729114e-007	5.828547e-002	0.000000e+000
1.260747568819292e-007	4.884733e-002	0.000000e+000
1.263130788863011e-007	4.032296e-002	0.000000e+000
1.265218114651376e-007	3.347446e-002	0.000000e+000
1.267334795442081e-007	2.702409e-002	0.000000e+000
1.269425470902716e-007	2.102300e-002	0.000000e+000
1.271396471469487e-007	1.563476e-002	0.000000e+000
1.273384019610092e-007	1.040618e-002	0.000000e+000
1.275497601944945e-007	5.003403e-003	0.000000e+000
1.277410670734587e-007	2.197814e-004	0.000000e+000
1.280038938391793e-007	-6.246587e-003	0.000000e+000
1.282416212622816e-007	-1.203142e-002	0.000000e+000
1.284650226123267e-007	-1.742389e-002	0.000000e+000
1.287061459373943e-007	-2.321298e-002	0.000000e+000
1.289103980418882e-007	-2.809794e-002	0.000000e+000
1.291174475141071e-007	-3.303696e-002	0.000000e+000
1.293112285589946e-007	-3.765550e-002	0.000000e+000
1.295079161633674e-007	-4.235017e-002	0.000000e+000
1.297053342188614e-007	-4.708584e-002	0.000000e+000
1.299137293794769e-007	-5.213534e-002	0.000000e+000
1.301312056160165e-007	-5.749581e-002	0.000000e+000
1.303599187552906e-007	-6.327415e-002	0.000000e+000
1.305636522195338e-007	-6.859280e-002	0.000000e+000
1.307671221892072e-007	-7.412269e-002	0.000000e+000
1.309719376156358e-007	-7.994952e-002	0.000000e+000
1.311665796396405e-007	-8.577800e-002	0.000000e+000
1.313665075613465e-007	-9.210408e-002	0.000000e+000
1.315655838038117e-007	-9.877276e-002	0.000000e+000
1.317602935999682e-007	-1.056835e-001	0.000000e+000
1.319546685797581e-007	-1.129991e-001	0.000000e+000
1.321754734933122e-007	-1.218060e-001	0.000000e+000
1.324021154643154e-007	-1.313567e-001	0.000000e+000
1.326144269779795e-007	-1.407722e-001	0.000000e+000
1.328419629031592e-007	-1.513070e-001	0.000000e+000
1.330444051943053e-007	-1.610054e-001	0.000000e+000
1.332503935409407e-007	-1.711283e-001	0.000000e+000
1.334465589045625e-007	-1.809243e-001	0.000000e+000
1.336489690202588e-007	-1.911068e-001	0.000000e+000
1.338446390661362e-007	-2.009310e-001	0.000000e+000
1.340539563874020e-007	-2.113222e-001	0.000000e+000
1.342537948426548e-007	-2.210277e-001	0.000000e+000
1.344697987632673e-007	-2.311683e-001	0.000000e+000
1.346960859590051e-007	-2.413194e-001	0.000000e+000
1.349016961321735e-007	-2.500207e-001	0.000000e+000
1.351098380809821e-007	-2.582354e-001	0.000000e+000
1.353083347597086e-007	-2.654592e-001	0.000000e+000
1.355109051594246e-007	-2.721700e-001	0.000000e+000
1.357093553870569e-007	-2.780593e-001	0.000000e+000
1.359243185282068e-007	-2.836816e-001	0.000000e+000
1.361185550979660e-007	-2.880690e-001	0.000000e+000
1.363239100357758e-007	-2.919615e-001	0.000000e+000
1.365431814632473e-007	-2.953365e-001	0.000000e+000
1.367586907452654e-007	-2.978950e-001	0.000000e+000
1.369683909621198e-007	-2.996798e-001	0.000000e+000
1.371671353436904e-007	-3.007452e-001	0.000000e+000
1.373704515233368e-007	-3.012284e-001	0.000000e+000
1.375801183202038e-007	-3.011377e-001	0.000000e+000
1.377779150833213e-007	-3.005183e-001	0.000000e+000
1.379773943999852e-007	-2.993684e-001	0.000000e+000
1.381892634165890e-007	-2.976114e-001	0.000000e+000
1.383872757681580e-007	-2.954670e-001	0.000000e+000
1.386009490622982e-007	-2.925929e-001	0.000000e+000
1.388329719482445e-007	-2.888667e-001	0.000000e+000
1.390390096166513e-007	-2.850088e-001	0.000000e+000
1.392479194297487e-007	-2.805424e-001	0.000000e+000
1.394499358095128e-007	-2.757035e-001	0.000000e+000
1.396482329895713e-007	-2.704458e-001	0.000000e+000
1.398479914743462e-007	-2.646497e-001	0.000000e+000
1.400427011256748e-007	-2.585251e-001	0.000000e+000
1.402400538813450e-007	-2.518446e-001	0.000000e+000
1.404534319542274e-007	-2.441327e-001	0.000000e+000
1.406658286159071e-007	-2.360055e-001	0.000000e+000
1.408700011455309e-007	-2.278072e-001	0.000000e+000
1.410773814549297e-007	-2.191658e-001	0.000000e+000
1.412505774397675e-007	-2.117495e-001	0.000000e+000
1.414565938158770e-007	-2.027682e-001	0.000000e+000
1.416533087564381e-007	-1.941234e-001	0.000000e+000
1.418479338986662e-007	-1.855817e-001	0.000000e+000
1.420462962297271e-007	-1.769836e-001	0.000000e+000
1.422630225781459e-007	-1.678077e-001	0.000000e+000
1.424606159667399e-007	-1.597448e-001	0.000000e+000
1.426808739527022e-007	-1.511958e-001	0.000000e+000
1.428843476561099e-007	-1.437817e-001	0.000000e+000
1.430844142357967e-007	-1.370403e-001	0.000000e+000
1.432868682290367e-007	-1.308238e-001	0.000000e+000
1.434924485621804e-007	-1.251652e-001	0.000000e+000
1.436900810547301e-007	-1.203815e-001	0.000000e+000
1.438906517361709e-007	-1.162032e-001	0.000000e+000
1.440916528130099e-007	-1.126873e-001	0.000000e+000
1.442933984005574e-007	-1.098148e-001	0.000000e+000
1.444918027628275e-007	-1.075977e-001	0.000000e+000
1.446828439009047e-007	-1.060027e-001	0.000000e+000
1.448756091108960e-007	-1.048984e-001	0.000000e+000
1.450965396514912e-007	-1.041663e-001	0.000000e+000
1.453354070580866e-007	-1.038821e-001	0.000000e+000
1.455547242425197e-007	-1.040040e-001	0.000000e+000
1.457443738253966e-007	-1.043597e-001	0.000000e+000
1.459365272597305e-007	-1.048977e-001	0.000000e+000
1.461441583456066e-007	-1.056061e-001	0.000000e+000
1.463706986241959e-007	-1.064601e-001	0.000000e+000
1.465634431146851e-007	-1.072116e-001	0.000000e+000
1.467780286901366e-007	-1.080409e-001	0.000000e+000
1.469103169222145e-007	-1.085337e-001	0.000000e+000
1.470351184739499e-007	-1.089744e-001	0.000000e+000
1.471840707329716e-007	-1.094682e-001	0.000000e+000
1.473310480934373e-007	-1.099182e-001	0.000000e+000
1.475026232643557e-007	-1.103945e-001	0.000000e+000
1.476755696141436e-007	-1.108215e-001	0.000000e+000
1.478664435017602e-007	-1.112319e-001	0.000000e+000
1.480512503087227e-007	-1.115701e-001	0.000000e+000
1.482469000094506e-007	-1.118675e-001	0.000000e+000
1.484089323832812e-007	-1.120644e-001	0.000000e+000
1.485831773534295e-007	-1.122172e-001	0.000000e+000
1.487951587836730e-007	-1.123205e-001	0.000000e+000
1.490051947933069e-007	-1.123173e-001	0.000000e+000
1.492247933641736e-007	-1.121661e-001	0.000000e+000
1.494581145874266e-007	-1.117999e-001	0.000000e+000
1.496906591951226e-007	-1.111721e-001	0.000000e+000
1.499115108684087e-007	-1.102568e-001	0.000000e+000
1.501482211071006e-007	-1.088469e-001	0.000000e+000
1.503992556711132e-007	-1.067756e-001	0.000000e+000
1.506804335047803e-007	-1.036496e-001	0.000000e+000
1.509734022547803e-007	-9.941258e-002	0.000000e+000
1.512482248757304e-007	-9.443450e-002	0.000000e+000
1.515045801685901e-007	-8.886319e-002	0.000000e+000
1.517259179930716e-007	-8.329795e-002	0.000000e+000
1.519489922279920e-007	-7.699861e-002	0.000000e+000
1.521567903511902e-007	-7.054352e-002	0.000000e+000
1.523915924582711e-007	-6.264884e-002	0.000000e+000
1.526152954836117e-007	-5.463203e-002	0.000000e+000
1.528521526728133e-007	-4.571212e-002	0.000000e+000
1.530834435459353e-007	-3.670410e-002	0.000000e+000
1.533170081873817e-007	-2.743479e-002	0.000000e+000
1.535502617757432e-007	-1.814626e-002	0.000000e+000
1.538095393353377e-007	-7.945360e-003	0.000000e+000
1.540720615396145e-007	2.104768e-003	0.000000e+000
1.543167855092665e-007	1.109255e-002	0.000000e+000
1.545498706590567e-007	1.920968e-002	0.000000e+000
1.547749321501580e-007	2.658343e-002	0.000000e+000
1.549798569352255e-007	3.284770e-002	0.000000e+000
1.552063656878000e-007	3.930806e-002	0.000000e+000
1.553491323938902e-007	4.311337e-002	0.000000e+000
1.554954594721466e-007	4.676111e-002	0.000000e+000
1.556510861613772e-007	5.039063e-002	0.000000e+000
1.558486172949020e-007	5.466780e-002	0.000000e+000
1.560399695798196e-007	5.848467e-002	0.000000e+000
1.562350245369511e-007	6.203054e-002	0.000000e+000
1.564603974671331e-007	6.574649e-002	0.000000e+000
1.566688009609141e-007	6.883910e-002	0.000000e+000
1.568837560135075e-007	7.167572e-002	0.000000e+000
1.571099004628431e-007	7.428586e-002	0.000000e+000
1.573577573354942e-007	7.672406e-002	0.000000e+000
1.575835631240033e-007	7.853970e-002	0.000000e+000
1.578102045543934e-007	7.992790e-002	0.000000e+000
1.580378106388640e-007	8.086149e-002	0.000000e+000
1.582629133982703e-007	8.128863e-002	0.000000e+000
1.584915182497294e-007	8.116640e-002	0.000000e+000
1.587351738970308e-007	8.038104e-002	0.000000e+000
1.589922752009999e-007	7.885629e-002	0.000000e+000
1.591798716975784e-007	7.725676e-002	0.000000e+000
1.593464389322116e-007	7.543845e-002	0.000000e+000
1.595170830370146e-007	7.321212e-002	0.000000e+000
1.597013813969423e-007	7.043683e-002	0.000000e+000
1.598767777326383e-007	6.745733e-002	0.000000e+000
1.600594913404348e-007	6.402905e-002	0.000000e+000
1.602384625379863e-007	6.038822e-002	0.000000e+000
1.604449372145437e-007	5.592095e-002	0.000000e+000
1.606065827230975e-007	5.227457e-002	0.000000e+000
1.607201504612362e-007	4.964340e-002	0.000000e+000
1.608443169034398e-007	4.672796e-002	0.000000e+000
1.610195760892361e-007	4.260786e-002	0.000000e+000
1.612447953774858e-007	3.740366e-002	0.000000e+000
1.615256227866469e-007	3.116002e-002	0.000000e+000
1.617244768650352e-007	2.702853e-002	0.000000e+000
1.619475769334128e-007	2.283169e-002	0.000000e+000
1.621814268537481e-007	1.897643e-002	0.000000e+000
1.624170991107190e-007	1.573342e-002	0.000000e+000
1.626483224179212e-007	1.323906e-002	0.000000e+000
1.628776031365729e-007	1.147160e-002	0.000000e+000
1.631070778202913e-007	1.040535e-002	0.000000e+000
1.633353840788286e-007	1.001634e-002	0.000000e+000
1.635588806867201e-007	1.025353e-002	0.000000e+000
1.637908306603050e-007	1.109646e-002	0.000000e+000
1.640494875638158e-007	1.263240e-002	0.000000e+000
1.643077560213465e-007	1.468955e-002	0.000000e+000
1.646007247713465e-007	1.750363e-002	0.000000e+000
1.648606422556104e-007	2.030491e-002	0.000000e+000
1.650819665597891e-007	2.286545e-002	0.000000e+000
1.653045001585074e-007	2.554511e-002	0.000000e+000
1.655327427781688e-007	2.835615e-002	0.000000e+000
1.657554583499307e-007	3.113630e-002	0.000000e+000
1.659835053857943e-007	3.400863e-002	0.000000e+000
1.662043156246880e-007	3.681368e-002	0.000000e+000
1.664501097708640e-007	3.997206e-002	0.000000e+000
1.667056343444455e-007	4.331214e-002	0.000000e+000
1.669905680105085e-007	4.712573e-002	0.000000e+000
1.672835367605085e-007	5.115648e-002	0.000000e+000
1.675524739369587e-007	5.495814e-002	0.000000e+000
1.678042711425374e-007	5.859308e-002	0.000000e+000
1.680597180747058e-007	6.231623e-002	0.000000e+000
1.683171302570925e-007	6.604630e-002	0.000000e+000
1.685511116292067e-007	6.935565e-002	0.000000e+000
1.687628766895479e-007	7.220764e-002	0.000000e+000
1.690072768485085e-007	7.524965e-002	0.000000e+000
1.692447440817613e-007	7.790801e-002	0.000000e+000
1.694056236641132e-007	7.946367e-002	0.000000e+000
1.695933008058947e-007	8.092257e-002	0.000000e+000
1.698564654517533e-007	8.235735e-002	0.000000e+000
1.701344081703835e-007	8.311079e-002	0.000000e+000
1.703548003517710e-007	8.309276e-002	0.000000e+000
1.704934961834929e-007	8.270953e-002	0.000000e+000
1.706739773290803e-007	8.177447e-002	0.000000e+000
1.708513150604122e-007	8.043759e-002	0.000000e+000
1.710523292686849e-007	7.844240e-002	0.000000e+000
1.712104386823932e-007	7.651713e-002	0.000000e+000
1.713734398125722e-007	7.419199e-002	0.000000e+000
1.715324392973082e-007	7.158820e-002	0.000000e+000
1.718121314342913e-007	6.639417e-002	0.000000e+000
1.721051001842913e-007	6.034620e-002	0.000000e+000
1.723980689342913e-007	5.378130e-002	0.000000e+000
1.726502346246698e-007	4.784593e-002	0.000000e+000
1.729120769336708e-007	4.154401e-002	0.000000e+000
1.731597983098146e-007	3.557989e-002	0.000000e+000
1.734072460436828e-007	2.971670e-002	0.000000e+000
1.736374391657071e-007	2.441963e-002	0.000000e+000
1.738622687252838e-007	1.944575e-002	0.000000e+000
1.740793617164707e-007	1.488499e-002	0.000000e+000
1.743723304664707e-007	9.109139e-003	0.000000e+000
1.746652992164707e-007	3.749887e-003	0.000000e+000
1.749582679664708e-007	-1.169562e-003	0.000000e+000
1.752512367164708e-007	-5.667726e-003	0.000000e+000
1.755442054664708e-007	-9.784826e-003	0.000000e+000
1.757831516941232e-007	-1.285876e-002	0.000000e+000
1.760277523332664e-007	-1.573560e-002	0.000000e+000
1.762613998317287e-007	-1.823816e-002	0.000000e+000
1.764860250503797e-007	-2.039821e-002	0.000000e+000
1.767081968637249e-007	-2.225614e-002	0.000000e+000
1.769852817265605e-007	-2.417883e-002	0.000000e+000
1.772313110348511e-007	-2.546716e-002	0.000000e+000
1.775024117169742e-007	-2.632659e-002	0.000000e+000
1.777953804669742e-007	-2.656218e-002	0.000000e+000
1.780883492169742e-007	-2.600595e-002	0.000000e+000
1.783813179669742e-007	-2.465642e-002	0.000000e+000
1.785890940321846e-007	-2.316097e-002	0.000000e+000
1.788057241332986e-007	-2.109389e-002	0.000000e+000
1.790080407762584e-007	-1.873550e-002	0.000000e+000
1.792525527632065e-007	-1.537053e-002	0.000000e+000
1.795455215132065e-007	-1.077520e-002	0.000000e+000
1.798384902632065e-007	-5.713471e-003	0.000000e+000
1.801314590132065e-007	-3.553729e-004	0.000000e+000
1.804244277632065e-007	5.075955e-003	0.000000e+000
1.807173965132065e-007	1.035332e-002	0.000000e+000
1.810008116943436e-007	1.514066e-002	0.000000e+000
1.812093914514589e-007	1.834402e-002	0.000000e+000
1.814042750593198e-007	2.099464e-002	0.000000e+000
1.816014326398631e-007	2.330539e-002	0.000000e+000
1.818102583942872e-007	2.531799e-002	0.000000e+000
1.820313662721677e-007	2.690845e-002	0.000000e+000
1.823243350221677e-007	2.822039e-002	0.000000e+000
1.826173037721677e-007	2.870279e-002	0.000000e+000
1.829102725221677e-007	2.837292e-002	0.000000e+000
1.832032412721677e-007	2.734449e-002	0.000000e+000
1.834867110973406e-007	2.579963e-002	0.000000e+000
1.837796798473406e-007	2.378385e-002	0.000000e+000
1.840115332709036e-007	2.196859e-002	0.000000e+000
1.841822494623417e-007	2.052898e-002	0.000000e+000
1.843509075583908e-007	1.904518e-002	0.000000e+000
1.845442892832657e-007	1.729689e-002	0.000000e+000
1.847401524898039e-007	1.548775e-002	0.000000e+000
1.849575934819965e-007	1.343772e-002	0.000000e+000
1.852001464351055e-007	1.109127e-002	0.000000e+000
1.854931151851055e-007	8.148681e-003	0.000000e+000
1.857860839351055e-007	5.040919e-003	0.000000e+000
1.860790526851055e-007	1.699937e-003	0.000000e+000
1.863720214351055e-007	-1.935063e-003	0.000000e+000
1.866649901851056e-007	-5.907089e-003	0.000000e+000
1.869579589351056e-007	-1.022833e-002	0.000000e+000
1.872509276851056e-007	-1.487044e-002	0.000000e+000
1.875438964351056e-007	-1.975946e-002	0.000000e+000
1.878368651851056e-007	-2.477611e-002	0.000000e+000
1.881298339351056e-007	-2.978220e-002	0.000000e+000
1.883388769277588e-007	-3.325132e-002	0.000000e+000
1.885320533301455e-007	-3.629227e-002	0.000000e+000
1.887225960486909e-007	-3.904854e-002	0.000000e+000
1.889843496168320e-007	-4.237868e-002	0.000000e+000
1.892416441630700e-007	-4.514531e-002	0.000000e+000
1.893933732025090e-007	-4.645127e-002	0.000000e+000
1.895494365335255e-007	-4.747583e-002	0.000000e+000
1.897010175653506e-007	-4.815101e-002	0.000000e+000
1.899319445810122e-007	-4.861560e-002	0.000000e+000
1.901708127807272e-007	-4.841006e-002	0.000000e+000
1.904637815307272e-007	-4.722621e-002	0.000000e+000
1.907476438446463e-007	-4.520985e-002	0.000000e+000
1.910225345954340e-007	-4.248560e-002	0.000000e+000
1.913155033454340e-007	-3.891799e-002	0.000000e+000
1.916084720954340e-007	-3.486910e-002	0.000000e+000
1.918620742965083e-007	-3.109961e-002	0.000000e+000
1.920971639801938e-007	-2.748738e-002	0.000000e+000
1.923332620080108e-007	-2.384921e-002	0.000000e+000
1.926262307580108e-007	-1.942137e-002	0.000000e+000
1.928910336291261e-007	-1.555979e-002	0.000000e+000
1.931071886930280e-007	-1.255484e-002	0.000000e+000
1.933381784032252e-007	-9.506144e-003	0.000000e+000
1.935579442022497e-007	-6.763068e-003	0.000000e+000
1.938509129522497e-007	-3.300497e-003	0.000000e+000
1.940668332975996e-007	-8.662847e-004	0.000000e+000
1.942429979386057e-007	1.042266e-003	0.000000e+000
1.944229949462680e-007	2.937394e-003	0.000000e+000
1.946024328674358e-007	4.786361e-003	0.000000e+000
1.947367944463091e-007	6.146456e-003	0.000000e+000
1.948746401827439e-007	7.520771e-003	0.000000e+000
1.950048394817594e-007	8.800127e-003	0.000000e+000
1.951539940330350e-007	1.024170e-002	0.000000e+000
1.953046300905003e-007	1.166505e-002	0.000000e+000
1.955047131272624e-007	1.348256e-002	0.000000e+000
1.957976818772624e-007	1.597007e-002	0.000000e+000
1.960906506272624e-007	1.820434e-002	0.000000e+000
1.963246971813087e-007	1.971506e-002	0.000000e+000
1.965567305917373e-007	2.085857e-002	0.000000e+000
1.968496993417373e-007	2.180346e-002	0.000000e+000
1.970619200512113e-007	2.208668e-002	0.000000e+000
1.972624629068602e-007	2.192287e-002	0.000000e+000
1.975211111363273e-007	2.112229e-002	0.000000e+000
1.978013203983456e-007	1.954803e-002	0.000000e+000
1.980942891483456e-007	1.711651e-002	0.000000e+000
1.983872578983456e-007	1.393890e-002	0.000000e+000
1.986802266483456e-007	1.013115e-002	0.000000e+000
1.989344269032979e-007	6.420470e-003	0.000000e+000
1.991535931714824e-007	2.992211e-003	0.000000e+000
1.993652136114117e-007	-4.305178e-004	0.000000e+000
1.995931619901716e-007	-4.135457e-003	0.000000e+000
1.998527159846042e-007	-8.259263e-003	0.000000e+000
2.001153161362794e-007	-1.221130e-002	0.000000e+000
2.003847381776557e-007	-1.590811e-002	0.000000e+000
2.006777069276557e-007	-1.941906e-002	0.000000e+000
2.009706756776557e-007	-2.233299e-002	0.000000e+000
2.012636444276557e-007	-2.460404e-002	0.000000e+000
2.015566131776557e-007	-2.623970e-002	0.000000e+000
2.018495819276557e-007	-2.728506e-002	0.000000e+000
2.021425506776557e-007	-2.781322e-002	0.000000e+000
2.024355194276557e-007	-2.793596e-002	0.000000e+000
2.026410615322173e-007	-2.781245e-002	0.000000e+000
2.028336849730731e-007	-2.755615e-002	0.000000e+000
2.030273759626293e-007	-2.719773e-002	0.000000e+000
2.032611598515564e-007	-2.666310e-002	0.000000e+000
2.035127279318640e-007	-2.599302e-002	0.000000e+000
2.037324505440888e-007	-2.533453e-002	0.000000e+000
2.038964032437162e-007	-2.479114e-002	0.000000e+000
2.040750598310740e-007	-2.414152e-002	0.000000e+000
2.042489665455476e-007	-2.344469e-002	0.000000e+000
2.044407886933288e-007	-2.257100e-002	0.000000e+000
2.047337574433288e-007	-2.101138e-002	0.000000e+000
2.050267261933289e-007	-1.914316e-002	0.000000e+000
2.053196949433289e-007	-1.687992e-002	0.000000e+000
2.056126636933289e-007	-1.417068e-002	0.000000e+000
2.059056324433289e-007	-1.099025e-002	0.000000e+000
2.061986011933289e-007	-7.347578e-003	0.000000e+000
2.064915699433289e-007	-3.290687e-003	0.000000e+000
2.067845386933289e-007	1.088225e-003	0.000000e+000
2.070438702788741e-007	5.142521e-003	0.000000e+000
2.072347795554764e-007	8.183361e-003	0.000000e+000
2.073758261999938e-007	1.042786e-002	0.000000e+000
2.075261223092528e-007	1.277423e-002	0.000000e+000
2.077600579103801e-007	1.627659e-002	0.000000e+000
2.080270288000791e-007	2.000394e-002	0.000000e+000
2.082472370322634e-007	2.276753e-002	0.000000e+000
2.084618254930975e-007	2.509324e-002	0.000000e+000
2.086817228197370e-007	2.702810e-002	0.000000e+000
2.089600924949345e-007	2.880438e-002	0.000000e+000
2.092530612449345e-007	2.987123e-002	0.000000e+000
2.095460299949346e-007	3.010448e-002	0.000000e+000
2.098012137774509e-007	2.962666e-002	0.000000e+000
2.100505632459412e-007	2.857778e-002	0.000000e+000
2.102902713494535e-007	2.708792e-002	0.000000e+000
2.105832400994535e-007	2.477089e-002	0.000000e+000
2.108762088494535e-007	2.208746e-002	0.000000e+000
2.110833482333185e-007	2.001500e-002	0.000000e+000
2.112905369902299e-007	1.784799e-002	0.000000e+000
2.115099696168494e-007	1.552286e-002	0.000000e+000
2.117499484477664e-007	1.300193e-002	0.000000e+000
2.120294718516693e-007	1.014838e-002	0.000000e+000
2.123112158890132e-007	7.391222e-003	0.000000e+000
2.125292190775231e-007	5.358691e-003	0.000000e+000
2.127220969560570e-007	3.642291e-003	0.000000e+000
2.129162269450688e-007	1.982113e-003	0.000000e+000
2.131198621489261e-007	2.971453e-004	0.000000e+000
2.133267120374532e-007	-1.372190e-003	0.000000e+000
2.135406271823765e-007	-3.072728e-003	0.000000e+000
2.138187834465493e-007	-5.276494e-003	0.000000e+000
2.141117521965493e-007	-7.614091e-003	0.000000e+000
2.144047209465493e-007	-9.978030e-003	0.000000e+000
2.146976896965493e-007	-1.235236e-002	0.000000e+000
2.149906584465493e-007	-1.469680e-002	0.000000e+000
2.152245203549820e-007	-1.649758e-002	0.000000e+000
2.154502155907432e-007	-1.811675e-002	0.000000e+000
2.156758297154649e-007	-1.955332e-002	0.000000e+000
2.159403403133935e-007	-2.092534e-002	0.000000e+000
2.162333090633935e-007	-2.201307e-002	0.000000e+000
2.164576906973701e-007	-2.245275e-002	0.000000e+000
2.166840236414549e-007	-2.246733e-002	0.000000e+000
2.169049851754854e-007	-2.206215e-002	0.000000e+000
2.171227829833070e-007	-2.126684e-002	0.000000e+000
2.172815550625764e-007	-2.042328e-002	0.000000e+000
2.174335095315555e-007	-1.939278e-002	0.000000e+000
2.175819437724761e-007	-1.817641e-002	0.000000e+000
2.178166760033218e-007	-1.591281e-002	0.000000e+000
2.180641525080081e-007	-1.318486e-002	0.000000e+000
2.182981325105756e-007	-1.032213e-002	0.000000e+000
2.185175684453537e-007	-7.451212e-003	0.000000e+000
2.187672506333676e-007	-4.075435e-003	0.000000e+000
2.190140799221551e-007	-7.364749e-004	0.000000e+000
2.192784730631799e-007	2.735010e-003	0.000000e+000
2.195186348910276e-007	5.699325e-003	0.000000e+000
2.197686739482170e-007	8.495702e-003	0.000000e+000
2.200616426982170e-007	1.135416e-002	0.000000e+000
2.203471497339051e-007	1.367587e-002	0.000000e+000
2.206401184839051e-007	1.557431e-002	0.000000e+000
2.209057919210857e-007	1.689433e-002	0.000000e+000
2.211814163463878e-007	1.792465e-002	0.000000e+000
2.213843095767617e-007	1.849657e-002	0.000000e+000
2.215912154777688e-007	1.894241e-002	0.000000e+000
2.217909608056781e-007	1.928602e-002	0.000000e+000
2.220197508090817e-007	1.961137e-002	0.000000e+000
2.223038338528116e-007	1.996665e-002	0.000000e+000
2.225882621510465e-007	2.029793e-002	0.000000e+000
2.228412140924751e-007	2.057753e-002	0.000000e+000
2.230446917782099e-007	2.078038e-002	0.000000e+000
2.232760422984106e-007	2.096029e-002	0.000000e+000
2.235066287741853e-007	2.104838e-002	0.000000e+000
2.237519534497137e-007	2.099174e-002	0.000000e+000
2.239834001361659e-007	2.072706e-002	0.000000e+000
2.242614008663188e-007	2.007065e-002	0.000000e+000
2.245301593821552e-007	1.901948e-002	0.000000e+000
2.248231281321552e-007	1.737384e-002	0.000000e+000
2.250354676988293e-007	1.581424e-002	0.000000e+000
2.252547283665793e-007	1.384413e-002	0.000000e+000
2.254617723509124e-007	1.167991e-002	0.000000e+000
2.256955373692084e-007	8.918983e-003	0.000000e+000
2.259300198594853e-007	5.883527e-003	0.000000e+000
2.261454387210304e-007	2.913717e-003	0.000000e+000
2.263014735861867e-007	6.830024e-004	0.000000e+000
2.264310461440407e-007	-1.200140e-003	0.000000e+000
2.265672204388852e-007	-3.182369e-003	0.000000e+000
2.267205990408926e-007	-5.393234e-003	0.000000e+000
2.268638219689525e-007	-7.412531e-003	0.000000e+000
2.270152176308946e-007	-9.473611e-003	0.000000e+000
2.271610605731692e-007	-1.136208e-002	0.000000e+000
2.273213997794419e-007	-1.328875e-002	0.000000e+000
2.275318618999255e-007	-1.553920e-002	0.000000e+000
2.278009315436625e-007	-1.800252e-002	0.000000e+000
2.279726529609574e-007	-1.928399e-002	0.000000e+000
2.281382737258016e-007	-2.023914e-002	0.000000e+000
2.283064782877204e-007	-2.094577e-002	0.000000e+000
2.284964298142651e-007	-2.143393e-002	0.000000e+000
2.287043591933112e-007	-2.164119e-002	0.000000e+000
2.288667978240920e-007	-2.156603e-002	0.000000e+000
2.290209597832421e-007	-2.128037e-002	0.000000e+000
2.292444671311441e-007	-2.058636e-002	0.000000e+000
2.294739221064093e-007	-1.960510e-002	0.000000e+000
2.297371273877868e-007	-1.820989e-002	0.000000e+000
2.299906920442242e-007	-1.668335e-002	0.000000e+000
2.302304186955038e-007	-1.513898e-002	0.000000e+000
2.304493880217860e-007	-1.369570e-002	0.000000e+000
2.306775447452210e-007	-1.220190e-002	0.000000e+000
2.308925348747923e-007	-1.083120e-002	0.000000e+000
2.311143320556805e-007	-9.469715e-003	0.000000e+000
2.313260624655884e-007	-8.224765e-003	0.000000e+000
2.315747282801885e-007	-6.819801e-003	0.000000e+000
2.318215408285541e-007	-5.461985e-003	0.000000e+000
2.320621562767129e-007	-4.146683e-003	0.000000e+000
2.322859904250302e-007	-2.899274e-003	0.000000e+000
2.325238069949552e-007	-1.514892e-003	0.000000e+000
2.327712480454123e-007	1.431400e-005	0.000000e+000
2.329863156788450e-007	1.437183e-003	0.000000e+000
2.331922218602342e-007	2.896447e-003	0.000000e+000
2.334093847301320e-007	4.539545e-003	0.000000e+000
2.336837296865577e-007	6.735921e-003	0.000000e+000
2.339618255399344e-007	9.050999e-003	0.000000e+000
2.342263401613993e-007	1.128875e-002	0.000000e+000
2.343912036855787e-007	1.266744e-002	0.000000e+000
2.345951891487428e-007	1.430797e-002	0.000000e+000
2.348204742071770e-007	1.599407e-002	0.000000e+000
2.350541629119592e-007	1.755011e-002	0.000000e+000
2.352769899556193e-007	1.879314e-002	0.000000e+000
2.354970774333223e-007	1.973188e-002	0.000000e+000
2.357283021654920e-007	2.037295e-002	0.000000e+000
2.359568885755793e-007	2.065340e-002	0.000000e+000
2.361372083846201e-007	2.061364e-002	0.000000e+000
2.362661468726115e-007	2.041961e-002	0.000000e+000
2.363973901827755e-007	2.007925e-002	0.000000e+000
2.365257564762869e-007	1.960547e-002	0.000000e+000
2.367285955017976e-007	1.861624e-002	0.000000e+000
2.369381896716884e-007	1.732321e-002	0.000000e+000
2.372027309570982e-007	1.534534e-002	0.000000e+000
2.374549425116776e-007	1.317449e-002	0.000000e+000
2.377479112616776e-007	1.040262e-002	0.000000e+000
2.380204923807786e-007	7.698948e-003	0.000000e+000
2.382444806471899e-007	5.452825e-003	0.000000e+000
2.384685055973948e-007	3.250904e-003	0.000000e+000
2.387037722571519e-007	1.037757e-003	0.000000e+000
2.389241039403326e-007	-8.908673e-004	0.000000e+000
2.392170726903326e-007	-3.217075e-003	0.000000e+000
2.394814952731792e-007	-5.078543e-003	0.000000e+000
2.397351213482085e-007	-6.621034e-003	0.000000e+000
2.400280900982085e-007	-8.145835e-003	0.000000e+000
2.403210588482085e-007	-9.461144e-003	0.000000e+000
2.405339835821446e-007	-1.030134e-002	0.000000e+000
2.407527008191532e-007	-1.108691e-002	0.000000e+000
2.409442325979522e-007	-1.173742e-002	0.000000e+000
2.411284124321225e-007	-1.234340e-002	0.000000e+000
2.413133470063595e-007	-1.294450e-002	0.000000e+000
2.415042044412774e-007	-1.356428e-002	0.000000e+000
2.417180491006700e-007	-1.425965e-002	0.000000e+000
2.419784235363748e-007	-1.510091e-002	0.000000e+000
2.421751836685166e-007	-1.572042e-002	0.000000e+000
2.423631716340726e-007	-1.627731e-002	0.000000e+000
2.425882363440421e-007	-1.687371e-002	0.000000e+000
2.428055001642918e-007	-1.734669e-002	0.000000e+000
2.430174038162984e-007	-1.765507e-002	0.000000e+000
2.432881839335326e-007	-1.777477e-002	0.000000e+000
2.435811526835326e-007	-1.751175e-002	0.000000e+000
2.438741214335326e-007	-1.680134e-002	0.000000e+000
2.440834736089266e-007	-1.597218e-002	0.000000e+000
2.442641727249554e-007	-1.501025e-002	0.000000e+000
2.444074242073729e-007	-1.408906e-002	0.000000e+000
2.445380250345043e-007	-1.310516e-002	0.000000e+000
2.447669278790198e-007	-1.113128e-002	0.000000e+000
2.449840104397509e-007	-9.042062e-003	0.000000e+000
2.451318996793100e-007	-7.485814e-003	0.000000e+000
2.452743641787038e-007	-5.886103e-003	0.000000e+000
2.454998107371691e-007	-3.244922e-003	0.000000e+000
2.456837668705635e-007	-1.035775e-003	0.000000e+000
2.459243631280069e-007	1.865739e-003	0.000000e+000
2.461508534268102e-007	4.535529e-003	0.000000e+000
2.463513101939507e-007	6.785815e-003	0.000000e+000
2.465446357686803e-007	8.796226e-003	0.000000e+000
2.467541276161925e-007	1.076163e-002	0.000000e+000
2.469446719700048e-007	1.232659e-002	0.000000e+000
2.471260910799453e-007	1.357721e-002	0.000000e+000
2.473296335259611e-007	1.467755e-002	0.000000e+000
2.475805947779382e-007	1.562286e-002	0.000000e+000
2.478357140886320e-007	1.613947e-002	0.000000e+000
2.480943139011986e-007	1.620759e-002	0.000000e+000
2.483872826511986e-007	1.582208e-002	0.000000e+000
2.486754392854641e-007	1.507358e-002	0.000000e+000
2.489527589801406e-007	1.410245e-002	0.000000e+000
2.491691491360704e-007	1.323352e-002	0.000000e+000
2.493971451660416e-007	1.227145e-002	0.000000e+000
2.496162742898802e-007	1.135353e-002	0.000000e+000
2.498311348460756e-007	1.049461e-002	0.000000e+000
2.500654702789569e-007	9.629278e-003	0.000000e+000
2.503092799407058e-007	8.820439e-003	0.000000e+000
2.505977991755906e-007	7.968470e-003	0.000000e+000
2.508621925708664e-007	7.257333e-003	0.000000e+000
2.511308028070577e-007	6.558482e-003	0.000000e+000
2.513892932302724e-007	5.848707e-003	0.000000e+000
2.516423693206744e-007	5.050723e-003	0.000000e+000
2.519353380706744e-007	3.932358e-003	0.000000e+000
2.522283068206744e-007	2.557231e-003	0.000000e+000
2.525060202826428e-007	9.775573e-004	0.000000e+000
2.527599970185344e-007	-7.174805e-004	0.000000e+000
2.530175167424559e-007	-2.660632e-003	0.000000e+000
2.532782402831154e-007	-4.795121e-003	0.000000e+000
2.534387347976275e-007	-6.174897e-003	0.000000e+000
2.536537128615578e-007	-8.059771e-003	0.000000e+000
2.538691260736909e-007	-9.926446e-003	0.000000e+000
2.540912478260170e-007	-1.176443e-002	0.000000e+000
2.543379846096200e-007	-1.363035e-002	0.000000e+000
2.545770533931731e-007	-1.516956e-002	0.000000e+000
2.548700221431731e-007	-1.666947e-002	0.000000e+000
2.550438067124849e-007	-1.731437e-002	0.000000e+000
2.552094099414834e-007	-1.769794e-002	0.000000e+000
2.553686405004484e-007	-1.784576e-002	0.000000e+000
2.556139892312266e-007	-1.769521e-002	0.000000e+000
2.558698833147474e-007	-1.712743e-002	0.000000e+000
2.561008401028385e-007	-1.624703e-002	0.000000e+000
2.563224598257512e-007	-1.510003e-002	0.000000e+000
2.565470274484746e-007	-1.369019e-002	0.000000e+000
2.568114403714781e-007	-1.181224e-002	0.000000e+000
2.570663279629380e-007	-9.871966e-003	0.000000e+000
2.572945924219088e-007	-8.089522e-003	0.000000e+000
2.575252493188076e-007	-6.314144e-003	0.000000e+000
2.577754683892714e-007	-4.484781e-003	0.000000e+000
2.580607102695662e-007	-2.573447e-003	0.000000e+000
2.583459553697138e-007	-8.825050e-004	0.000000e+000
2.586389241197138e-007	6.114401e-004	0.000000e+000
2.589318928697138e-007	1.884505e-003	0.000000e+000
2.592248616197138e-007	2.990864e-003	0.000000e+000
2.594432903358709e-007	3.739494e-003	0.000000e+000
2.596676759086339e-007	4.475496e-003	0.000000e+000
2.598751681783133e-007	5.160893e-003	0.000000e+000
2.600793979122320e-007	5.865373e-003	0.000000e+000
2.603050689894946e-007	6.702653e-003	0.000000e+000
2.605895376242598e-007	7.854431e-003	0.000000e+000
2.608825063742598e-007	9.143118e-003	0.000000e+000
2.611754751242598e-007	1.050813e-002	0.000000e+000
2.613678399970645e-007	1.142300e-002	0.000000e+000
2.615632944517184e-007	1.233388e-002	0.000000e+000
2.617965686340939e-007	1.334429e-002	0.000000e+000
2.620612447643527e-007	1.435617e-002	0.000000e+000
2.622269348978075e-007	1.486392e-002	0.000000e+000
2.624544707032057e-007	1.534712e-002	0.000000e+000
2.626667894636336e-007	1.556754e-002	0.000000e+000
2.628845843720828e-007	1.552140e-002	0.000000e+000
2.630778912825655e-007	1.522727e-002	0.000000e+000
2.632757478709677e-007	1.466121e-002	0.000000e+000
2.634746413896042e-007	1.382009e-002	0.000000e+000
2.637099839818886e-007	1.249926e-002	0.000000e+000
2.639497637241689e-007	1.085981e-002	0.000000e+000
2.641084376394015e-007	9.612693e-003	0.000000e+000
2.642553901799639e-007	8.344368e-003	0.000000e+000
2.644018554442805e-007	6.996481e-003	0.000000e+000
2.646351360710428e-007	4.748133e-003	0.000000e+000
2.648837109560466e-007	2.294748e-003	0.000000e+000
2.650641689829306e-007	5.105329e-004	0.000000e+000
2.652084436652919e-007	-8.897438e-004	0.000000e+000
2.653430595139874e-007	-2.152582e-003	0.000000e+000
2.654961902223322e-007	-3.520850e-003	0.000000e+000
2.656603387280740e-007	-4.886280e-003	0.000000e+000
2.658623855868428e-007	-6.404588e-003	0.000000e+000
2.660689573350592e-007	-7.755504e-003	0.000000e+000
2.662783294702824e-007	-8.888751e-003	0.000000e+000
2.664999364588585e-007	-9.809071e-003	0.000000e+000
2.667717032244748e-007	-1.057468e-002	0.000000e+000
2.670556371557203e-007	-1.099672e-002	0.000000e+000
2.673486059057203e-007	-1.107678e-002	0.000000e+000
2.676415746557203e-007	-1.088627e-002	0.000000e+000
2.678735569642851e-007	-1.059442e-002	0.000000e+000
2.680925587181418e-007	-1.024714e-002	0.000000e+000
2.683136672036366e-007	-9.873202e-003	0.000000e+000
2.684845978951024e-007	-9.589154e-003	0.000000e+000
2.686382978400654e-007	-9.349730e-003	0.000000e+000
2.687620294369384e-007	-9.174095e-003	0.000000e+000
2.688804828725816e-007	-9.023791e-003	0.000000e+000
2.689960344453918e-007	-8.897215e-003	0.000000e+000
2.691761496197250e-007	-8.735030e-003	0.000000e+000
2.693665564078753e-007	-8.603254e-003	0.000000e+000
2.696013100051540e-007	-8.484587e-003	0.000000e+000
2.698203099724971e-007	-8.395599e-003	0.000000e+000
2.700684177463844e-007	-8.286302e-003	0.000000e+000
2.703115404015921e-007	-8.125907e-003	0.000000e+000
2.705645023838307e-007	-7.844394e-003	0.000000e+000
2.708574711338308e-007	-7.313541e-003	0.000000e+000
2.711504398838308e-007	-6.508541e-003	0.000000e+000
2.714434086338308e-007	-5.384468e-003	0.000000e+000
2.717103629598115e-007	-4.052557e-003	0.000000e+000
2.720033317098115e-007	-2.288256e-003	0.000000e+000
2.722004216047114e-007	-9.370803e-004	0.000000e+000
2.723804374448486e-007	4.114163e-004	0.000000e+000
2.725579579349019e-007	1.815190e-003	0.000000e+000
2.727835131252025e-007	3.655734e-003	0.000000e+000
2.729747458746792e-007	5.230024e-003	0.000000e+000
2.731551030477205e-007	6.691560e-003	0.000000e+000
2.733687816065940e-007	8.341905e-003	0.000000e+000
2.736218310516613e-007	1.013722e-002	0.000000e+000
2.738484009399703e-007	1.156054e-002	0.000000e+000
2.740124940092653e-007	1.244777e-002	0.000000e+000
2.741345760923003e-007	1.300536e-002	0.000000e+000
2.742623345812998e-007	1.349008e-002	0.000000e+000
2.743890104689359e-007	1.386108e-002	0.000000e+000
2.745842371708208e-007	1.423423e-002	0.000000e+000
2.747892378298925e-007	1.439372e-002	0.000000e+000
2.749873578188266e-007	1.429677e-002	0.000000e+000
2.752186091008492e-007	1.389275e-002	0.000000e+000
2.754588225756857e-007	1.317920e-002	0.000000e+000
2.757517913256857e-007	1.199260e-002	0.000000e+000
2.759951189040393e-007	1.080538e-002	0.000000e+000
2.762371425015193e-007	9.490441e-003	0.000000e+000
2.764682800156554e-007	8.177885e-003	0.000000e+000
2.767017790237638e-007	6.849799e-003	0.000000e+000
2.769340792373116e-007	5.575730e-003	0.000000e+000
2.771913728729080e-007	4.260937e-003	0.000000e+000
2.774490125101811e-007	3.077507e-003	0.000000e+000
2.777419812601811e-007	1.905340e-003	0.000000e+000
2.780349500101811e-007	8.980478e-004	0.000000e+000
2.782930592960469e-007	1.272228e-004	0.000000e+000
2.785075351962949e-007	-4.512953e-004	0.000000e+000
2.787278416702730e-007	-1.018554e-003	0.000000e+000
2.789459470411938e-007	-1.584045e-003	0.000000e+000
2.791325905388147e-007	-2.089730e-003	0.000000e+000
2.792769764849776e-007	-2.507848e-003	0.000000e+000
2.794258302614993e-007	-2.977244e-003	0.000000e+000
2.796463822289648e-007	-3.747276e-003	0.000000e+000
2.799139979994016e-007	-4.793719e-003	0.000000e+000
2.802069667494017e-007	-6.061075e-003	0.000000e+000
2.803971992534377e-007	-6.946943e-003	0.000000e+000
2.805753677517837e-007	-7.812437e-003	0.000000e+000
2.807256421101920e-007	-8.550151e-003	0.000000e+000
2.809281471873826e-007	-9.528620e-003	0.000000e+000
2.811319729658593e-007	-1.045612e-002	0.000000e+000
2.814020189825752e-007	-1.153858e-002	0.000000e+000
2.816703962897664e-007	-1.237779e-002	0.000000e+000
2.819633650397665e-007	-1.293100e-002	0.000000e+000
2.822563337897665e-007	-1.303873e-002	0.000000e+000
2.825493025397665e-007	-1.269393e-002	0.000000e+000
2.827301229841660e-007	-1.221875e-002	0.000000e+000
2.829192572276812e-007	-1.149197e-002	0.000000e+000
2.830636475951834e-007	-1.079697e-002	0.000000e+000
2.832331961227334e-007	-9.825970e-003	0.000000e+000
2.834390384389612e-007	-8.484866e-003	0.000000e+000
2.836255434578166e-007	-7.132832e-003	0.000000e+000
2.839185122078166e-007	-4.846432e-003	0.000000e+000
2.842114809578167e-007	-2.492762e-003	0.000000e+000
2.844551455353075e-007	-5.645490e-004	0.000000e+000
2.847009783872933e-007	1.269231e-003	0.000000e+000
2.849168999966812e-007	2.728840e-003	0.000000e+000
2.851339362291907e-007	3.993856e-003	0.000000e+000
2.854004912333403e-007	5.246674e-003	0.000000e+000
2.856934599833403e-007	6.249643e-003	0.000000e+000
2.859864287333403e-007	6.865269e-003	0.000000e+000
2.862793974833403e-007	7.131741e-003	0.000000e+000
2.865723662333403e-007	7.134213e-003	0.000000e+000
2.868035830243567e-007	7.003362e-003	0.000000e+000
2.870082117609975e-007	6.829590e-003	0.000000e+000
2.871948773711030e-007	6.662098e-003	0.000000e+000
2.873850631785913e-007	6.513677e-003	0.000000e+000
2.875887471612633e-007	6.399848e-003	0.000000e+000
2.877361260066393e-007	6.359697e-003	0.000000e+000
2.878708467245599e-007	6.365906e-003	0.000000e+000
2.880145862509272e-007	6.420075e-003	0.000000e+000
2.881824418921832e-007	6.542568e-003	0.000000e+000
2.883611783432003e-007	6.737401e-003	0.000000e+000
2.885426677966587e-007	6.998593e-003	0.000000e+000
2.887767009513940e-007	7.400285e-003	0.000000e+000
2.890391457797521e-007	7.882069e-003	0.000000e+000
2.893210745853926e-007	8.367321e-003	0.000000e+000
2.895796344109830e-007	8.699802e-003	0.000000e+000
2.898631561751916e-007	8.844115e-003	0.000000e+000
2.901561249251916e-007	8.687814e-003	0.000000e+000
2.904093893038755e-007	8.229785e-003	0.000000e+000
2.906821902464633e-007	7.365658e-003	0.000000e+000
2.909330602215887e-007	6.226549e-003	0.000000e+000
2.912260289715887e-007	4.540088e-003	0.000000e+000
2.914111207463728e-007	3.297196e-003	0.000000e+000
2.915828151715347e-007	2.020831e-003	0.000000e+000
2.917521516350198e-007	6.883549e-004	0.000000e+000
2.919146652942604e-007	-6.337658e-004	0.000000e+000
2.920813317046262e-007	-2.006933e-003	0.000000e+000
2.922522212240392e-007	-3.398791e-003	0.000000e+000
2.924818756589326e-007	-5.193348e-003	0.000000e+000
2.927214207643033e-007	-6.919589e-003	0.000000e+000
2.929573777715737e-007	-8.429807e-003	0.000000e+000
2.931227541914621e-007	-9.338588e-003	0.000000e+000
2.932745854357645e-007	-1.002933e-002	0.000000e+000
2.934456673817316e-007	-1.064632e-002	0.000000e+000
2.936219193785169e-007	-1.110095e-002	0.000000e+000
2.938212937622753e-007	-1.138315e-002	0.000000e+000
2.940673402093085e-007	-1.143640e-002	0.000000e+000
2.942929464797524e-007	-1.121329e-002	0.000000e+000
2.945545382104183e-007	-1.066534e-002	0.000000e+000
2.948120674319079e-007	-9.911027e-003	0.000000e+000
2.949887295240422e-007	-9.289463e-003	0.000000e+000
2.951605214119879e-007	-8.624948e-003	0.000000e+000
2.953312446658612e-007	-7.938918e-003	0.000000e+000
2.955571684034743e-007	-7.029928e-003	0.000000e+000
2.957819543864230e-007	-6.161257e-003	0.000000e+000
2.960380260481414e-007	-5.252805e-003	0.000000e+000
2.962983660837983e-007	-4.442184e-003	0.000000e+000
2.965498787207651e-007	-3.785698e-003	0.000000e+000
2.968282621781190e-007	-3.193581e-003	0.000000e+000
2.970906149307900e-007	-2.735099e-003	0.000000e+000
2.972901754940511e-007	-2.435524e-003	0.000000e+000
2.974730309606377e-007	-2.179622e-003	0.000000e+000
2.976712437884542e-007	-1.895188e-003	0.000000e+000
2.978952563964855e-007	-1.531124e-003	0.000000e+000
2.981863398541540e-007	-9.565798e-004	0.000000e+000
2.984511836312211e-007	-2.973726e-004	0.000000e+000
2.987346770981434e-007	5.785048e-004	0.000000e+000
2.989619280437357e-007	1.411489e-003	0.000000e+000
2.991520762092275e-007	2.208002e-003	0.000000e+000
2.993770514118639e-007	3.240211e-003	0.000000e+000
2.995505582632390e-007	4.085551e-003	0.000000e+000
2.997291524289071e-007	4.987258e-003	0.000000e+000
2.999204456255004e-007	5.964041e-003	0.000000e+000
3.000000000000000e-007	6.369791e-003	0.000000e+000
