time	V(out)	V(n062)
0.000000000000000e+000	0.000000e+000	0.000000e+000
2.929687488293547e-015	0.000000e+000	3.906250e-007
5.859374976587093e-015	0.000000e+000	7.812500e-007
6.862165151151572e-012	0.000000e+000	9.149554e-004
1.371847092732656e-011	0.000000e+000	1.829129e-003
2.057477670350154e-011	0.000000e+000	2.743304e-003
2.743108247967653e-011	0.000000e+000	3.657478e-003
3.428738825585152e-011	0.000000e+000	4.571652e-003
4.114369403202650e-011	0.000000e+000	5.485826e-003
4.799999980820147e-011	0.000000e+000	6.400000e-003
9.599999961640293e-011	0.000000e+000	1.280000e-002
1.404606014236564e-010	0.000000e+000	1.872808e-002
1.783236865824396e-010	0.000000e+000	2.377649e-002
2.133624804419512e-010	0.000000e+000	2.844833e-002
2.524063542346291e-010	0.000000e+000	3.365418e-002
2.929017788970751e-010	0.000000e+000	3.905357e-002
3.425937548498207e-010	0.000000e+000	4.567917e-002
3.978514655120629e-010	0.000000e+000	5.304686e-002
4.645797710677467e-010	0.000000e+000	6.194397e-002
5.403068812387455e-010	0.000000e+000	7.204092e-002
6.307358062350067e-010	0.000000e+000	8.409811e-002
7.079893803692038e-010	0.000000e+000	9.439858e-002
7.836459236611360e-010	0.000000e+000	1.044861e-001
8.648150319715812e-010	0.000000e+000	1.153087e-001
9.533838991931447e-010	0.000000e+000	1.271179e-001
1.051271808406190e-009	0.000000e+000	1.401696e-001
1.159241009936822e-009	0.000000e+000	1.545655e-001
1.278989387682815e-009	0.000000e+000	1.705319e-001
1.396557812889038e-009	0.000000e+000	1.862077e-001
1.506237046328305e-009	0.000000e+000	2.008316e-001
1.622814105635589e-009	0.000000e+000	2.163752e-001
1.745252821730084e-009	0.000000e+000	2.327004e-001
1.878826092854386e-009	0.000000e+000	2.505102e-001
2.021722797969877e-009	0.000000e+000	2.695630e-001
2.177735489724566e-009	0.000000e+000	2.903647e-001
2.313196995441441e-009	0.000000e+000	3.084263e-001
2.459900481889268e-009	0.000000e+000	3.279867e-001
2.607287994033604e-009	0.000000e+000	3.476384e-001
2.769490394963839e-009	0.000000e+000	3.692654e-001
2.937795246810022e-009	0.000000e+000	3.917060e-001
3.121752783602816e-009	0.000000e+000	4.162337e-001
3.302567426918057e-009	0.000000e+000	4.403423e-001
3.469663158169166e-009	0.000000e+000	4.626217e-001
3.654689521797194e-009	0.000000e+000	4.872919e-001
3.840326689612186e-009	0.000000e+000	5.120435e-001
4.044539681067134e-009	0.000000e+000	5.392720e-001
4.227764994987585e-009	0.000000e+000	5.637020e-001
4.422060863015585e-009	0.000000e+000	5.896081e-001
4.617703286808835e-009	0.000000e+000	6.156937e-001
4.828249794968673e-009	0.000000e+000	6.437666e-001
5.045663481099977e-009	0.000000e+000	6.727551e-001
5.245441075231698e-009	0.000000e+000	6.993921e-001
5.458755053440721e-009	0.000000e+000	7.278340e-001
5.673038340546161e-009	0.000000e+000	7.564051e-001
5.903234374701468e-009	0.000000e+000	7.870979e-001
6.139853745656832e-009	0.000000e+000	8.186471e-001
6.361321752244213e-009	0.000000e+000	8.481762e-001
6.593822328680251e-009	0.000000e+000	8.791763e-001
6.829555108356630e-009	1.401298e-045	9.106073e-001
7.079883430092093e-009	5.605194e-045	9.439844e-001
7.241472718691571e-009	1.121039e-044	9.655297e-001
7.281792218401937e-009	1.401298e-044	9.709056e-001
7.362431217822669e-009	2.662467e-044	9.816575e-001
7.499999999999999e-009	5.745324e-044	1.000000e+000
7.513756878217733e-009	6.305843e-044	1.000000e+000
7.541270634653200e-009	7.567012e-044	1.000000e+000
7.596298147524132e-009	1.107026e-043	1.000000e+000
7.706353173265996e-009	2.998779e-043	1.000000e+000
7.926463224749725e-009	1.803471e-042	1.000000e+000
8.165171580565621e-009	9.596092e-042	1.000000e+000
8.402737421335067e-009	5.633360e-041	1.000000e+000
8.670384792129498e-009	3.323025e-040	1.000000e+000
8.922443892864862e-009	1.937299e-039	1.000000e+000
9.203252571980085e-009	1.210090e-038	1.000000e+000
9.479896087609625e-009	7.030316e-038	1.000000e+000
9.765674830771240e-009	3.708923e-037	1.000000e+000
1.003512079189848e-008	1.895766e-036	1.000000e+000
1.032786309669220e-008	1.029263e-035	1.000000e+000
1.061910649875864e-008	5.162099e-035	1.000000e+000
1.091207524875864e-008	2.414763e-034	1.000000e+000
1.119789959587001e-008	1.072969e-033	1.000000e+000
1.149086834587001e-008	4.736993e-033	1.000000e+000
1.178383709587001e-008	1.994916e-032	1.000000e+000
1.207680584587001e-008	8.085517e-032	1.000000e+000
1.236977459587001e-008	3.161477e-031	1.000000e+000
1.266274334587001e-008	1.195050e-030	1.000000e+000
1.295571209587001e-008	4.375307e-030	1.000000e+000
1.324868084587001e-008	1.554122e-029	1.000000e+000
1.354164959587001e-008	5.363778e-029	1.000000e+000
1.383461834587001e-008	1.801190e-028	1.000000e+000
1.412758709587001e-008	5.892395e-028	1.000000e+000
1.442055584587001e-008	1.880020e-027	1.000000e+000
1.471352459587001e-008	5.856328e-027	1.000000e+000
1.500649334587001e-008	1.782789e-026	1.000000e+000
1.529946209587001e-008	5.308519e-026	1.000000e+000
1.559243084587001e-008	1.547410e-025	1.000000e+000
1.588539959587001e-008	4.419072e-025	1.000000e+000
1.617836834587002e-008	1.237264e-024	1.000000e+000
1.647133709587002e-008	3.398533e-024	1.000000e+000
1.676430584587002e-008	9.164160e-024	1.000000e+000
1.705727459587002e-008	2.427297e-023	1.000000e+000
1.735024334587002e-008	6.318655e-023	1.000000e+000
1.764321209587002e-008	1.617432e-022	1.000000e+000
1.793618084587002e-008	4.073267e-022	1.000000e+000
1.822914959587002e-008	1.009669e-021	1.000000e+000
1.852211834587002e-008	2.464497e-021	1.000000e+000
1.881508709587002e-008	5.926159e-021	1.000000e+000
1.910805584587002e-008	1.404393e-020	1.000000e+000
1.940102459587002e-008	3.281254e-020	1.000000e+000
1.969399334587002e-008	7.561091e-020	1.000000e+000
1.998696209587002e-008	1.718988e-019	1.000000e+000
2.027993084587002e-008	3.856990e-019	1.000000e+000
2.057289959587002e-008	8.543744e-019	1.000000e+000
2.086586834587002e-008	1.868972e-018	1.000000e+000
2.115883709587002e-008	4.038663e-018	1.000000e+000
2.145180584587002e-008	8.623277e-018	1.000000e+000
2.174477459587002e-008	1.819793e-017	1.000000e+000
2.203774334587003e-008	3.796614e-017	1.000000e+000
2.233071209587003e-008	7.832521e-017	1.000000e+000
2.262368084587003e-008	1.598228e-016	1.000000e+000
2.291664959587003e-008	3.226305e-016	1.000000e+000
2.320961834587003e-008	6.444590e-016	1.000000e+000
2.350258709587003e-008	1.274085e-015	1.000000e+000
2.379555584587003e-008	2.493457e-015	1.000000e+000
2.408852459587003e-008	4.831574e-015	1.000000e+000
2.438149334587003e-008	9.271273e-015	1.000000e+000
2.467446209587003e-008	1.762104e-014	1.000000e+000
2.496743084587003e-008	3.317723e-014	1.000000e+000
2.526039959587003e-008	6.189236e-014	1.000000e+000
2.555336834587003e-008	1.144173e-013	1.000000e+000
2.584633709587003e-008	2.096388e-013	1.000000e+000
2.613930584587003e-008	3.807513e-013	1.000000e+000
2.643227459587003e-008	6.855887e-013	1.000000e+000
2.672524334587003e-008	1.224050e-012	1.000000e+000
2.701821209587003e-008	2.167235e-012	1.000000e+000
2.731118084587003e-008	3.805757e-012	1.000000e+000
2.760414959587003e-008	6.629168e-012	1.000000e+000
2.789711834587004e-008	1.145546e-011	1.000000e+000
2.819008709587004e-008	1.964053e-011	1.000000e+000
2.848305584587004e-008	3.341414e-011	1.000000e+000
2.877602459587004e-008	5.641462e-011	1.000000e+000
2.906899334587004e-008	9.453311e-011	1.000000e+000
2.936196209587004e-008	1.572360e-010	1.000000e+000
2.965493084587004e-008	2.596207e-010	1.000000e+000
2.994789959587004e-008	4.255866e-010	1.000000e+000
3.024086834587004e-008	6.926901e-010	1.000000e+000
3.053383709587004e-008	1.119520e-009	1.000000e+000
3.082680584587004e-008	1.796820e-009	1.000000e+000
3.111977459587004e-008	2.864142e-009	1.000000e+000
3.141274334587004e-008	4.534587e-009	1.000000e+000
3.170571209587004e-008	7.131303e-009	1.000000e+000
3.199868084587004e-008	1.114094e-008	1.000000e+000
3.229164959587004e-008	1.729136e-008	1.000000e+000
3.258461834587004e-008	2.666383e-008	1.000000e+000
3.287758709587004e-008	4.085384e-008	1.000000e+000
3.317055584587004e-008	6.219990e-008	1.000000e+000
3.346352459587004e-008	9.410697e-008	1.000000e+000
3.375649334587005e-008	1.415002e-007	1.000000e+000
3.404946209587005e-008	2.114573e-007	1.000000e+000
3.434243084587005e-008	3.140831e-007	1.000000e+000
3.463539959587005e-008	4.637119e-007	1.000000e+000
3.492836834587005e-008	6.805469e-007	1.000000e+000
3.522133709587005e-008	9.928824e-007	1.000000e+000
3.551430584587005e-008	1.440092e-006	1.000000e+000
3.580727459587005e-008	2.076624e-006	1.000000e+000
3.610024334587005e-008	2.977295e-006	1.000000e+000
3.639321209587005e-008	4.244271e-006	1.000000e+000
3.668618084587005e-008	6.016189e-006	1.000000e+000
3.697914959587005e-008	8.480010e-006	1.000000e+000
3.727211834587005e-008	1.188629e-005	1.000000e+000
3.756508709587005e-008	1.656875e-005	1.000000e+000
3.785805584587005e-008	2.296907e-005	1.000000e+000
3.815102459587005e-008	3.166829e-005	1.000000e+000
3.844399334587005e-008	4.342591e-005	1.000000e+000
3.873696209587005e-008	5.922871e-005	1.000000e+000
3.902993084587005e-008	8.035065e-005	1.000000e+000
3.932289959587006e-008	1.084263e-004	1.000000e+000
3.961586834587006e-008	1.455398e-004	1.000000e+000
3.990883709587006e-008	1.943318e-004	1.000000e+000
4.020180584587006e-008	2.581273e-004	1.000000e+000
4.049477459587006e-008	3.410859e-004	1.000000e+000
4.078774334587006e-008	4.483789e-004	1.000000e+000
4.108071209587006e-008	5.863935e-004	1.000000e+000
4.137368084587006e-008	7.629677e-004	1.000000e+000
4.166664959587006e-008	9.876578e-004	1.000000e+000
4.195961834587006e-008	1.272037e-003	1.000000e+000
4.225258709587006e-008	1.630027e-003	1.000000e+000
4.254555584587006e-008	2.078263e-003	1.000000e+000
4.283852459587006e-008	2.636483e-003	1.000000e+000
4.313149334587006e-008	3.327946e-003	1.000000e+000
4.342446209587006e-008	4.179859e-003	1.000000e+000
4.371743084587006e-008	5.223816e-003	1.000000e+000
4.401039959587006e-008	6.496235e-003	1.000000e+000
4.430336834587006e-008	8.038766e-003	1.000000e+000
4.459633709587006e-008	9.898665e-003	1.000000e+000
4.488930584587006e-008	1.212911e-002	1.000000e+000
4.518227459587007e-008	1.478944e-002	1.000000e+000
4.547524334587007e-008	1.794525e-002	1.000000e+000
4.576821209587007e-008	2.166842e-002	1.000000e+000
4.606118084587007e-008	2.603690e-002	1.000000e+000
4.635414959587007e-008	3.113434e-002	1.000000e+000
4.664711834587007e-008	3.704950e-002	1.000000e+000
4.694008709587007e-008	4.387542e-002	1.000000e+000
4.723305584587007e-008	5.170830e-002	1.000000e+000
4.752602459587007e-008	6.064611e-002	1.000000e+000
4.781899334587007e-008	7.078693e-002	1.000000e+000
4.811196209587007e-008	8.222701e-002	1.000000e+000
4.840493084587007e-008	9.505852e-002	1.000000e+000
4.869789959587007e-008	1.093671e-001	1.000000e+000
4.899086834587007e-008	1.252294e-001	1.000000e+000
4.928383709587007e-008	1.427099e-001	1.000000e+000
4.957680584587007e-008	1.618586e-001	1.000000e+000
4.986977459587007e-008	1.827076e-001	1.000000e+000
5.016274334587007e-008	2.052691e-001	1.000000e+000
5.045571209587007e-008	2.295322e-001	1.000000e+000
5.074868084587007e-008	2.554614e-001	1.000000e+000
5.104164959587008e-008	2.829945e-001	1.000000e+000
5.133461834587008e-008	3.120416e-001	1.000000e+000
5.162758709587008e-008	3.424846e-001	1.000000e+000
5.192055584587008e-008	3.741773e-001	1.000000e+000
5.221352459587008e-008	4.069470e-001	1.000000e+000
5.250649334587008e-008	4.405955e-001	1.000000e+000
5.279946209587008e-008	4.749027e-001	1.000000e+000
5.309243084587008e-008	5.096299e-001	1.000000e+000
5.338539959587008e-008	5.445237e-001	1.000000e+000
5.367836834587008e-008	5.793214e-001	1.000000e+000
5.397133709587008e-008	6.137568e-001	1.000000e+000
5.426430584587008e-008	6.475652e-001	1.000000e+000
5.455727459587008e-008	6.804904e-001	1.000000e+000
5.485024334587008e-008	7.122896e-001	1.000000e+000
5.514321209587008e-008	7.427399e-001	1.000000e+000
5.543618084587008e-008	7.716436e-001	1.000000e+000
5.572914959587008e-008	7.988317e-001	1.000000e+000
5.602211834587008e-008	8.241686e-001	1.000000e+000
5.631508709587008e-008	8.475537e-001	1.000000e+000
5.660805584587008e-008	8.689234e-001	1.000000e+000
5.690102459587009e-008	8.882511e-001	1.000000e+000
5.719399334587009e-008	9.055461e-001	1.000000e+000
5.748696209587009e-008	9.208513e-001	1.000000e+000
5.777993084587009e-008	9.342403e-001	1.000000e+000
5.807289959587009e-008	9.458129e-001	1.000000e+000
5.836586834587009e-008	9.556909e-001	1.000000e+000
5.865883709587009e-008	9.640121e-001	1.000000e+000
5.895180584587009e-008	9.709262e-001	1.000000e+000
5.924477459587009e-008	9.765882e-001	1.000000e+000
5.953774334587009e-008	9.811548e-001	1.000000e+000
5.983071209587009e-008	9.847792e-001	1.000000e+000
6.012368084587008e-008	9.876081e-001	1.000000e+000
6.041664959587008e-008	9.897782e-001	1.000000e+000
6.070961834587007e-008	9.914153e-001	1.000000e+000
6.100258709587007e-008	9.926322e-001	1.000000e+000
6.129555584587006e-008	9.935336e-001	1.000000e+000
6.156194513511518e-008	9.941491e-001	1.000000e+000
6.181255444315547e-008	9.945994e-001	1.000000e+000
6.205811586428282e-008	9.949647e-001	1.000000e+000
6.230331528625624e-008	9.952916e-001	1.000000e+000
6.254074655363767e-008	9.956030e-001	1.000000e+000
6.283371530363767e-008	9.960174e-001	1.000000e+000
6.312668405363766e-008	9.964980e-001	1.000000e+000
6.341965280363765e-008	9.970731e-001	1.000000e+000
6.366382581338710e-008	9.976381e-001	1.000000e+000
6.382228510360416e-008	9.980602e-001	1.000000e+000
6.398325657115463e-008	9.985434e-001	1.000000e+000
6.417610070192961e-008	9.991844e-001	1.000000e+000
6.435175531104371e-008	9.998289e-001	1.000000e+000
6.454431955723614e-008	1.000604e+000	1.000000e+000
6.472706412258133e-008	1.001406e+000	1.000000e+000
6.496563748921789e-008	1.002545e+000	1.000000e+000
6.525083244606816e-008	1.004013e+000	1.000000e+000
6.554380119606816e-008	1.005616e+000	1.000000e+000
6.583676994606815e-008	1.007281e+000	1.000000e+000
6.612973869606814e-008	1.008963e+000	1.000000e+000
6.637690793504539e-008	1.010354e+000	1.000000e+000
6.664783255087837e-008	1.011806e+000	1.000000e+000
6.689366177607500e-008	1.013013e+000	1.000000e+000
6.718551498248449e-008	1.014267e+000	1.000000e+000
6.746417213690683e-008	1.015244e+000	1.000000e+000
6.775714088690682e-008	1.015997e+000	1.000000e+000
6.805010963690681e-008	1.016469e+000	1.000000e+000
6.826199872821357e-008	1.016620e+000	1.000000e+000
6.843485486662100e-008	1.016603e+000	1.000000e+000
6.863623941680081e-008	1.016445e+000	1.000000e+000
6.882665246465424e-008	1.016167e+000	1.000000e+000
6.908378893340658e-008	1.015624e+000	1.000000e+000
6.934034312834813e-008	1.014936e+000	1.000000e+000
6.963331187834813e-008	1.014022e+000	1.000000e+000
6.990467051039570e-008	1.013115e+000	1.000000e+000
7.014630513192024e-008	1.012305e+000	1.000000e+000
7.034983742867764e-008	1.011660e+000	1.000000e+000
7.057387148414647e-008	1.011027e+000	1.000000e+000
7.080610667432828e-008	1.010492e+000	1.000000e+000
7.108989297290893e-008	1.010040e+000	1.000000e+000
7.138286172290892e-008	1.009828e+000	1.000000e+000
7.167583047290892e-008	1.009900e+000	1.000000e+000
7.196879922290891e-008	1.010252e+000	1.000000e+000
7.224529917339049e-008	1.010816e+000	1.000000e+000
7.249704419739263e-008	1.011500e+000	1.000000e+000
7.275428914690161e-008	1.012322e+000	1.000000e+000
7.304648204780616e-008	1.013329e+000	1.000000e+000
7.331606706727355e-008	1.014263e+000	1.000000e+000
7.357638093597100e-008	1.015102e+000	1.000000e+000
7.386934968597099e-008	1.015902e+000	1.000000e+000
7.416231843597098e-008	1.016505e+000	1.000000e+000
7.440588134607383e-008	1.016811e+000	1.000000e+000
7.464090636095616e-008	1.016910e+000	1.000000e+000
7.487673368179137e-008	1.016820e+000	1.000000e+000
7.509188159738321e-008	1.016573e+000	1.000000e+000
7.533412745380962e-008	1.016126e+000	1.000000e+000
7.556632834140842e-008	1.015559e+000	1.000000e+000
7.583392569690506e-008	1.014783e+000	1.000000e+000
7.608371904300529e-008	1.013991e+000	1.000000e+000
7.633709999613113e-008	1.013172e+000	1.000000e+000
7.658115640563501e-008	1.012427e+000	1.000000e+000
7.687412515563501e-008	1.011650e+000	1.000000e+000
7.714378113182577e-008	1.011087e+000	1.000000e+000
7.736362765421356e-008	1.010772e+000	1.000000e+000
7.755120846921700e-008	1.010631e+000	1.000000e+000
7.776254867079572e-008	1.010614e+000	1.000000e+000
7.798197213750264e-008	1.010749e+000	1.000000e+000
7.824918824171840e-008	1.011098e+000	1.000000e+000
7.850693590390441e-008	1.011591e+000	1.000000e+000
7.875590430301135e-008	1.012185e+000	1.000000e+000
7.898816586268463e-008	1.012803e+000	1.000000e+000
7.922334999075712e-008	1.013448e+000	1.000000e+000
7.946759456011356e-008	1.014090e+000	1.000000e+000
7.971389722057372e-008	1.014655e+000	1.000000e+000
8.000686597057372e-008	1.015172e+000	1.000000e+000
8.029983472057371e-008	1.015480e+000	1.000000e+000
8.059280347057371e-008	1.015552e+000	1.000000e+000
8.084210224800391e-008	1.015414e+000	1.000000e+000
8.109603234465866e-008	1.015085e+000	1.000000e+000
8.136153420080541e-008	1.014581e+000	1.000000e+000
8.162631724014766e-008	1.013957e+000	1.000000e+000
8.186547931359648e-008	1.013328e+000	1.000000e+000
8.206080401348222e-008	1.012795e+000	1.000000e+000
8.225274075594563e-008	1.012284e+000	1.000000e+000
8.245990920469811e-008	1.011772e+000	1.000000e+000
8.266243666694584e-008	1.011335e+000	1.000000e+000
8.288166954919572e-008	1.010956e+000	1.000000e+000
8.310167820644675e-008	1.010695e+000	1.000000e+000
8.334659964429012e-008	1.010555e+000	1.000000e+000
8.358536041291944e-008	1.010575e+000	1.000000e+000
8.383665241852415e-008	1.010757e+000	1.000000e+000
8.407060091939901e-008	1.011057e+000	1.000000e+000
8.431456236258394e-008	1.011480e+000	1.000000e+000
8.454993761063482e-008	1.011959e+000	1.000000e+000
8.478297154451878e-008	1.012466e+000	1.000000e+000
8.502000659804596e-008	1.012974e+000	1.000000e+000
8.528377768251023e-008	1.013485e+000	1.000000e+000
8.552118191362186e-008	1.013861e+000	1.000000e+000
8.576175241483191e-008	1.014121e+000	1.000000e+000
8.603932461537553e-008	1.014259e+000	1.000000e+000
8.627150123505490e-008	1.014237e+000	1.000000e+000
8.647329330240013e-008	1.014098e+000	1.000000e+000
8.670546246003775e-008	1.013819e+000	1.000000e+000
8.693747981967317e-008	1.013440e+000	1.000000e+000
8.717073738240472e-008	1.012979e+000	1.000000e+000
8.739923034230648e-008	1.012481e+000	1.000000e+000
8.767196054084244e-008	1.011874e+000	1.000000e+000
8.792512207129677e-008	1.011343e+000	1.000000e+000
8.817965599553588e-008	1.010886e+000	1.000000e+000
8.845830369260538e-008	1.010508e+000	1.000000e+000
8.870033726491262e-008	1.010308e+000	1.000000e+000
8.894701329458941e-008	1.010250e+000	1.000000e+000
8.921376024327045e-008	1.010340e+000	1.000000e+000
8.946902012800980e-008	1.010560e+000	1.000000e+000
8.970068259320866e-008	1.010857e+000	1.000000e+000
8.993039380080309e-008	1.011220e+000	1.000000e+000
9.016386470586087e-008	1.011625e+000	1.000000e+000
9.040098101993045e-008	1.012036e+000	1.000000e+000
9.068628716991718e-008	1.012486e+000	1.000000e+000
9.094724549026880e-008	1.012819e+000	1.000000e+000
9.117936211260837e-008	1.013019e+000	1.000000e+000
9.141289775046286e-008	1.013110e+000	1.000000e+000
9.165553484861846e-008	1.013081e+000	1.000000e+000
9.190129412959431e-008	1.012929e+000	1.000000e+000
9.213096205075358e-008	1.012683e+000	1.000000e+000
9.236558070328361e-008	1.012346e+000	1.000000e+000
9.258789660755814e-008	1.011968e+000	1.000000e+000
9.283697537392235e-008	1.011510e+000	1.000000e+000
9.310359831543244e-008	1.011019e+000	1.000000e+000
9.333433248621296e-008	1.010627e+000	1.000000e+000
9.356695654094722e-008	1.010295e+000	1.000000e+000
9.383498718861137e-008	1.010012e+000	1.000000e+000
9.406656744381077e-008	1.009869e+000	1.000000e+000
9.430185333566689e-008	1.009834e+000	1.000000e+000
9.453434327025526e-008	1.009903e+000	1.000000e+000
9.476453428761036e-008	1.010065e+000	1.000000e+000
9.498551170431827e-008	1.010294e+000	1.000000e+000
9.520628740587572e-008	1.010575e+000	1.000000e+000
9.549896234505045e-008	1.010984e+000	1.000000e+000
9.579193109505044e-008	1.011387e+000	1.000000e+000
9.604560721813186e-008	1.011693e+000	1.000000e+000
9.629900699634171e-008	1.011922e+000	1.000000e+000
9.654693237083588e-008	1.012055e+000	1.000000e+000
9.677062148059746e-008	1.012082e+000	1.000000e+000
9.700604657914395e-008	1.012009e+000	1.000000e+000
9.724688403053965e-008	1.011839e+000	1.000000e+000
9.747617528472534e-008	1.011596e+000	1.000000e+000
9.769793676828265e-008	1.011301e+000	1.000000e+000
9.791608495855269e-008	1.010974e+000	1.000000e+000
9.814422969416350e-008	1.010616e+000	1.000000e+000
9.841990809150686e-008	1.010199e+000	1.000000e+000
9.867426833885693e-008	1.009859e+000	1.000000e+000
9.891586636029094e-008	1.009601e+000	1.000000e+000
9.913874078051938e-008	1.009438e+000	1.000000e+000
9.935840867015597e-008	1.009358e+000	1.000000e+000
9.957958934016381e-008	1.009359e+000	1.000000e+000
9.979788410067719e-008	1.009436e+000	1.000000e+000
1.000168903073459e-007	1.009581e+000	1.000000e+000
1.002185825248254e-007	1.009765e+000	1.000000e+000
1.004551599467466e-007	1.010021e+000	1.000000e+000
1.007096542069960e-007	1.010317e+000	1.000000e+000
1.009297588103902e-007	1.010567e+000	1.000000e+000
1.011515300889023e-007	1.010791e+000	1.000000e+000
1.013938216384620e-007	1.010983e+000	1.000000e+000
1.016326164449323e-007	1.011103e+000	1.000000e+000
1.018538545923697e-007	1.011141e+000	1.000000e+000
1.020701010034986e-007	1.011104e+000	1.000000e+000
1.022878816944868e-007	1.010994e+000	1.000000e+000
1.025074580991422e-007	1.010818e+000	1.000000e+000
1.027237164911636e-007	1.010590e+000	1.000000e+000
1.029410362998783e-007	1.010323e+000	1.000000e+000
1.031577427172001e-007	1.010036e+000	1.000000e+000
1.034466457645513e-007	1.009656e+000	1.000000e+000
1.037251700108864e-007	1.009327e+000	1.000000e+000
1.040181387608864e-007	1.009053e+000	1.000000e+000
1.042914380203321e-007	1.008884e+000	1.000000e+000
1.045155391057843e-007	1.008824e+000	1.000000e+000
1.047394820761780e-007	1.008839e+000	1.000000e+000
1.049528201251086e-007	1.008915e+000	1.000000e+000
1.051674632132009e-007	1.009046e+000	1.000000e+000
1.053989262001444e-007	1.009234e+000	1.000000e+000
1.056918949501444e-007	1.009506e+000	1.000000e+000
1.059605714777511e-007	1.009760e+000	1.000000e+000
1.061908096898304e-007	1.009960e+000	1.000000e+000
1.063881392817834e-007	1.010100e+000	1.000000e+000
1.065863577867316e-007	1.010201e+000	1.000000e+000
1.067773432123379e-007	1.010253e+000	1.000000e+000
1.069915237668438e-007	1.010255e+000	1.000000e+000
1.072059231345461e-007	1.010205e+000	1.000000e+000
1.072856032060593e-007	1.010172e+000	1.000000e+000
1.073406398569736e-007	1.010142e+000	1.000000e+000
1.074014263176044e-007	1.010104e+000	1.000000e+000
1.074244255564704e-007	1.010089e+000	1.000000e+000
1.074540015222680e-007	1.010067e+000	1.000000e+000
1.075000000000000e-007	1.010033e+000	1.000000e+000
1.075045998477732e-007	1.010030e+000	9.993867e-001
1.075137995433196e-007	1.010023e+000	9.981601e-001
1.075689977165980e-007	1.009977e+000	9.908003e-001
1.076425952809691e-007	1.009910e+000	9.809873e-001
1.077897904097114e-007	1.009763e+000	9.613613e-001
1.080116379070335e-007	1.009522e+000	9.317816e-001
1.082391946782648e-007	1.009260e+000	9.014407e-001
1.084923790042717e-007	1.008972e+000	8.676828e-001
1.087482741383456e-007	1.008707e+000	8.335634e-001
1.089987294390878e-007	1.008496e+000	8.001694e-001
1.092534552685236e-007	1.008347e+000	7.662060e-001
1.095091218113386e-007	1.008272e+000	7.321171e-001
1.097346293593027e-007	1.008271e+000	7.020494e-001
1.099433227845401e-007	1.008325e+000	6.742236e-001
1.101533891726973e-007	1.008425e+000	6.462148e-001
1.103628409465253e-007	1.008561e+000	6.182879e-001
1.106079441743486e-007	1.008747e+000	5.856075e-001
1.109009129243486e-007	1.008977e+000	5.465450e-001
1.111938816743486e-007	1.009185e+000	5.074825e-001
1.114868504243486e-007	1.009341e+000	4.684199e-001
1.117409963091343e-007	1.009415e+000	4.345338e-001
1.119664352375421e-007	1.009422e+000	4.044753e-001
1.121718905557850e-007	1.009375e+000	3.770812e-001
1.123785867559182e-007	1.009280e+000	3.495218e-001
1.125813863334388e-007	1.009145e+000	3.224818e-001
1.127997159377245e-007	1.008961e+000	2.933712e-001
1.130903789875290e-007	1.008681e+000	2.546161e-001
1.133833477375290e-007	1.008389e+000	2.155536e-001
1.136622932735989e-007	1.008129e+000	1.783609e-001
1.139552620235989e-007	1.007904e+000	1.392984e-001
1.142259348994666e-007	1.007760e+000	1.032087e-001
1.144858616548993e-007	1.007689e+000	6.855178e-002
1.147037586838873e-007	1.007677e+000	3.949884e-002
1.147771871404622e-007	1.007686e+000	2.970838e-002
1.148531430868502e-007	1.007704e+000	1.958092e-002
1.150000000000000e-007	1.007751e+000	0.000000e+000
1.150003230855653e-007	1.007751e+000	0.000000e+000
1.150009692566958e-007	1.007751e+000	0.000000e+000
1.150244160377185e-007	1.007761e+000	0.000000e+000
1.150478628187412e-007	1.007771e+000	0.000000e+000
1.150713095997639e-007	1.007782e+000	0.000000e+000
1.150947563807866e-007	1.007793e+000	0.000000e+000
1.151182031618094e-007	1.007805e+000	0.000000e+000
1.151416499428321e-007	1.007817e+000	0.000000e+000
1.151650967238548e-007	1.007829e+000	0.000000e+000
1.153305165332748e-007	1.007926e+000	0.000000e+000
1.156094491847659e-007	1.008106e+000	0.000000e+000
1.159024179347659e-007	1.008296e+000	0.000000e+000
1.161953866847659e-007	1.008463e+000	0.000000e+000
1.164883554347659e-007	1.008578e+000	0.000000e+000
1.167813241847659e-007	1.008625e+000	0.000000e+000
1.170102041669066e-007	1.008605e+000	0.000000e+000
1.172177720946197e-007	1.008540e+000	0.000000e+000
1.174104795015600e-007	1.008442e+000	0.000000e+000
1.176093948029441e-007	1.008309e+000	0.000000e+000
1.178380675290449e-007	1.008126e+000	0.000000e+000
1.181205438812474e-007	1.007879e+000	0.000000e+000
1.183660809907451e-007	1.007661e+000	0.000000e+000
1.185610745614214e-007	1.007498e+000	0.000000e+000
1.187636335196016e-007	1.007349e+000	0.000000e+000
1.189655884816424e-007	1.007228e+000	0.000000e+000
1.191665629316890e-007	1.007141e+000	0.000000e+000
1.193464688023340e-007	1.007095e+000	0.000000e+000
1.195475989799542e-007	1.007081e+000	0.000000e+000
1.197441088761715e-007	1.007103e+000	0.000000e+000
1.199514812732282e-007	1.007159e+000	0.000000e+000
1.201435484928815e-007	1.007238e+000	0.000000e+000
1.203770003049211e-007	1.007357e+000	0.000000e+000
1.205712474604738e-007	1.007466e+000	0.000000e+000
1.207667491128145e-007	1.007576e+000	0.000000e+000
1.209823674816176e-007	1.007685e+000	0.000000e+000
1.212432755061061e-007	1.007788e+000	0.000000e+000
1.215183915299918e-007	1.007849e+000	0.000000e+000
1.217731014327247e-007	1.007852e+000	0.000000e+000
1.220190020578951e-007	1.007803e+000	0.000000e+000
1.222237728143912e-007	1.007723e+000	0.000000e+000
1.223989324799339e-007	1.007629e+000	0.000000e+000
1.225409520847004e-007	1.007538e+000	0.000000e+000
1.226906324341992e-007	1.007429e+000	0.000000e+000
1.228537516697682e-007	1.007302e+000	0.000000e+000
1.230153509839518e-007	1.007173e+000	0.000000e+000
1.232199241884707e-007	1.007010e+000	0.000000e+000
1.234448992319907e-007	1.006845e+000	0.000000e+000
1.237005773698868e-007	1.006684e+000	0.000000e+000
1.239168150367125e-007	1.006579e+000	0.000000e+000
1.241296994309254e-007	1.006512e+000	0.000000e+000
1.243433012860436e-007	1.006482e+000	0.000000e+000
1.245495595137207e-007	1.006489e+000	0.000000e+000
1.247594996396058e-007	1.006530e+000	0.000000e+000
1.249701574328114e-007	1.006598e+000	0.000000e+000
1.251755628994677e-007	1.006684e+000	0.000000e+000
1.253838593431852e-007	1.006782e+000	0.000000e+000
1.256253805797049e-007	1.006899e+000	0.000000e+000
1.258616287122525e-007	1.007003e+000	0.000000e+000
1.260552878264772e-007	1.007074e+000	0.000000e+000
1.262077259741546e-007	1.007114e+000	0.000000e+000
1.263753143636211e-007	1.007140e+000	0.000000e+000
1.265274074716714e-007	1.007144e+000	0.000000e+000
1.267473126369534e-007	1.007117e+000	0.000000e+000
1.269799226401851e-007	1.007053e+000	0.000000e+000
1.271941415254500e-007	1.006962e+000	0.000000e+000
1.273934054772913e-007	1.006854e+000	0.000000e+000
1.275946045148049e-007	1.006728e+000	0.000000e+000
1.278292266560490e-007	1.006571e+000	0.000000e+000
1.280540469049454e-007	1.006422e+000	0.000000e+000
1.282921853901890e-007	1.006277e+000	0.000000e+000
1.285083713988307e-007	1.006166e+000	0.000000e+000
1.287121577147872e-007	1.006088e+000	0.000000e+000
1.289168025550943e-007	1.006040e+000	0.000000e+000
1.291232767729387e-007	1.006027e+000	0.000000e+000
1.293697042742127e-007	1.006053e+000	0.000000e+000
1.296005532887416e-007	1.006117e+000	0.000000e+000
1.298368911952101e-007	1.006215e+000	0.000000e+000
1.300207871165171e-007	1.006311e+000	0.000000e+000
1.302067914387151e-007	1.006420e+000	0.000000e+000
1.303857571264900e-007	1.006529e+000	0.000000e+000
1.306163027564527e-007	1.006669e+000	0.000000e+000
1.308211870180161e-007	1.006786e+000	0.000000e+000
1.310294276673746e-007	1.006890e+000	0.000000e+000
1.312428642044993e-007	1.006977e+000	0.000000e+000
1.314787407600373e-007	1.007049e+000	0.000000e+000
1.316998739772932e-007	1.007094e+000	0.000000e+000
1.318945825238562e-007	1.007117e+000	0.000000e+000
1.320921257875512e-007	1.007127e+000	0.000000e+000
1.323233524273303e-007	1.007133e+000	0.000000e+000
1.325605551516556e-007	1.007144e+000	0.000000e+000
1.328118352947538e-007	1.007173e+000	0.000000e+000
1.330434813883330e-007	1.007230e+000	0.000000e+000
1.332722276121266e-007	1.007326e+000	0.000000e+000
1.334542384624779e-007	1.007439e+000	0.000000e+000
1.336471873262373e-007	1.007600e+000	0.000000e+000
1.338210380347260e-007	1.007788e+000	0.000000e+000
1.340432216858762e-007	1.008086e+000	0.000000e+000
1.342588284230989e-007	1.008436e+000	0.000000e+000
1.344945265513701e-007	1.008888e+000	0.000000e+000
1.347074646377283e-007	1.009356e+000	0.000000e+000
1.349202738114068e-007	1.009879e+000	0.000000e+000
1.351147819178642e-007	1.010404e+000	0.000000e+000
1.353878220744665e-007	1.011208e+000	0.000000e+000
1.356679301583494e-007	1.012093e+000	0.000000e+000
1.358749279003672e-007	1.012792e+000	0.000000e+000
1.360699581326543e-007	1.013487e+000	0.000000e+000
1.362714827903753e-007	1.014243e+000	0.000000e+000
1.364620575231596e-007	1.014998e+000	0.000000e+000
1.366972969826302e-007	1.015988e+000	0.000000e+000
1.369194280164450e-007	1.016990e+000	0.000000e+000
1.371319248130428e-007	1.018025e+000	0.000000e+000
1.373461035862186e-007	1.019157e+000	0.000000e+000
1.375657365616413e-007	1.020425e+000	0.000000e+000
1.377961761142606e-007	1.021888e+000	0.000000e+000
1.380295076312323e-007	1.023520e+000	0.000000e+000
1.382461730918335e-007	1.025183e+000	0.000000e+000
1.384356617165899e-007	1.026772e+000	0.000000e+000
1.386408595465926e-007	1.028642e+000	0.000000e+000
1.388305032386466e-007	1.030517e+000	0.000000e+000
1.390747613489570e-007	1.033131e+000	0.000000e+000
1.392815790264456e-007	1.035517e+000	0.000000e+000
1.394913868727715e-007	1.038123e+000	0.000000e+000
1.397213618559987e-007	1.041176e+000	0.000000e+000
1.399376086251896e-007	1.044236e+000	0.000000e+000
1.401761044492908e-007	1.047827e+000	0.000000e+000
1.404188589379918e-007	1.051696e+000	0.000000e+000
1.406380932237798e-007	1.055382e+000	0.000000e+000
1.408478096887905e-007	1.059085e+000	0.000000e+000
1.410592373591035e-007	1.062995e+000	0.000000e+000
1.412834949996026e-007	1.067330e+000	0.000000e+000
1.414964725051362e-007	1.071631e+000	0.000000e+000
1.417125152249504e-007	1.076180e+000	0.000000e+000
1.419072802162386e-007	1.080454e+000	0.000000e+000
1.421318017170080e-007	1.085597e+000	0.000000e+000
1.423939592980335e-007	1.091867e+000	0.000000e+000
1.426368660413587e-007	1.097924e+000	0.000000e+000
1.428296225850483e-007	1.102921e+000	0.000000e+000
1.430193392581090e-007	1.108011e+000	0.000000e+000
1.432236554717019e-007	1.113669e+000	0.000000e+000
1.434438109768622e-007	1.119955e+000	0.000000e+000
1.436760421245402e-007	1.126781e+000	0.000000e+000
1.439145389749633e-007	1.133980e+000	0.000000e+000
1.441549543459971e-007	1.141398e+000	0.000000e+000
1.443640116499439e-007	1.147961e+000	0.000000e+000
1.445755220637565e-007	1.154684e+000	0.000000e+000
1.448069857332723e-007	1.162096e+000	0.000000e+000
1.449969207832564e-007	1.168197e+000	0.000000e+000
1.451853608539279e-007	1.174242e+000	0.000000e+000
1.453896181786850e-007	1.180758e+000	0.000000e+000
1.455918415974746e-007	1.187145e+000	0.000000e+000
1.458135878061265e-007	1.194040e+000	0.000000e+000
1.460385824582510e-007	1.200889e+000	0.000000e+000
1.462667724816128e-007	1.207644e+000	0.000000e+000
1.464964931091768e-007	1.214211e+000	0.000000e+000
1.467254698887083e-007	1.220489e+000	0.000000e+000
1.469480119296521e-007	1.226296e+000	0.000000e+000
1.471649536017653e-007	1.231640e+000	0.000000e+000
1.473840573732326e-007	1.236691e+000	0.000000e+000
1.475897788982877e-007	1.241091e+000	0.000000e+000
1.477809394302821e-007	1.244838e+000	0.000000e+000
1.479855421954985e-007	1.248474e+000	0.000000e+000
1.481608430940548e-007	1.251249e+000	0.000000e+000
1.483586323916708e-007	1.253967e+000	0.000000e+000
1.485513754949193e-007	1.256188e+000	0.000000e+000
1.487526032015735e-007	1.258017e+000	0.000000e+000
1.489557541204270e-007	1.259338e+000	0.000000e+000
1.491547370839569e-007	1.260053e+000	0.000000e+000
1.493982861994810e-007	1.260161e+000	0.000000e+000
1.496257644828259e-007	1.259522e+000	0.000000e+000
1.498169411907636e-007	1.258344e+000	0.000000e+000
1.500109966452086e-007	1.256497e+000	0.000000e+000
1.502293935873348e-007	1.253669e+000	0.000000e+000
1.504516876529432e-007	1.250018e+000	0.000000e+000
1.506419964114456e-007	1.246245e+000	0.000000e+000
1.508080824119526e-007	1.242423e+000	0.000000e+000
1.509742448858112e-007	1.238078e+000	0.000000e+000
1.511836600636051e-007	1.231935e+000	0.000000e+000
1.513917551085341e-007	1.225142e+000	0.000000e+000
1.515938793333590e-007	1.217859e+000	0.000000e+000
1.517922169166649e-007	1.210056e+000	0.000000e+000
1.520009333079173e-007	1.201173e+000	0.000000e+000
1.522074544530733e-007	1.191750e+000	0.000000e+000
1.523930828905942e-007	1.182737e+000	0.000000e+000
1.525818382245672e-007	1.173041e+000	0.000000e+000
1.527859431307073e-007	1.161988e+000	0.000000e+000
1.530170753661881e-007	1.148824e+000	0.000000e+000
1.532415078236914e-007	1.135410e+000	0.000000e+000
1.534736896710325e-007	1.120897e+000	0.000000e+000
1.536937350440006e-007	1.106574e+000	0.000000e+000
1.539178168011712e-007	1.091427e+000	0.000000e+000
1.541579304418396e-007	1.074625e+000	0.000000e+000
1.543916238784806e-007	1.057738e+000	0.000000e+000
1.546200636702657e-007	1.040720e+000	0.000000e+000
1.548755903433638e-007	1.021160e+000	0.000000e+000
1.550826258587018e-007	1.004919e+000	0.000000e+000
1.552905522086606e-007	9.882468e-001	0.000000e+000
1.554877527074649e-007	9.721255e-001	0.000000e+000
1.556973014352147e-007	9.546834e-001	0.000000e+000
1.558969372086027e-007	9.377639e-001	0.000000e+000
1.561615984746121e-007	9.149287e-001	0.000000e+000
1.564029354663695e-007	8.937432e-001	0.000000e+000
1.566303812883901e-007	8.734388e-001	0.000000e+000
1.568474033211294e-007	8.537648e-001	0.000000e+000
1.570650821941346e-007	8.337369e-001	0.000000e+000
1.572959681517190e-007	8.121825e-001	0.000000e+000
1.575221191322401e-007	7.907587e-001	0.000000e+000
1.577518256883197e-007	7.686713e-001	0.000000e+000
1.579863224575003e-007	7.457854e-001	0.000000e+000
1.582133584984790e-007	7.232944e-001	0.000000e+000
1.584400930773877e-007	7.005019e-001	0.000000e+000
1.586526065333355e-007	6.788378e-001	0.000000e+000
1.588532415734896e-007	6.581045e-001	0.000000e+000
1.590689046143357e-007	6.355236e-001	0.000000e+000
1.592897087111754e-007	6.121022e-001	0.000000e+000
1.595350106161856e-007	5.857484e-001	0.000000e+000
1.597843048377508e-007	5.586441e-001	0.000000e+000
1.600423102294484e-007	5.303031e-001	0.000000e+000
1.602632412652247e-007	5.058389e-001	0.000000e+000
1.604924491716898e-007	4.803174e-001	0.000000e+000
1.607020614855586e-007	4.569116e-001	0.000000e+000
1.609310043165509e-007	4.313418e-001	0.000000e+000
1.611633258718801e-007	4.054582e-001	0.000000e+000
1.613558744753587e-007	3.841228e-001	0.000000e+000
1.615784904483263e-007	3.596611e-001	0.000000e+000
1.617909824143745e-007	3.365771e-001	0.000000e+000
1.620063865520393e-007	3.135656e-001	0.000000e+000
1.622993553020393e-007	2.829238e-001	0.000000e+000
1.625404740639594e-007	2.583202e-001	0.000000e+000
1.627286693261194e-007	2.396471e-001	0.000000e+000
1.629202741044736e-007	2.211623e-001	0.000000e+000
1.630977307226793e-007	2.045593e-001	0.000000e+000
1.633129755492198e-007	1.851109e-001	0.000000e+000
1.635235168212918e-007	1.668544e-001	0.000000e+000
1.637676931073468e-007	1.466689e-001	0.000000e+000
1.639931788842687e-007	1.289503e-001	0.000000e+000
1.641798719134893e-007	1.150385e-001	0.000000e+000
1.643570578724024e-007	1.026205e-001	0.000000e+000
1.646500266224024e-007	8.350404e-002	0.000000e+000
1.649371245407710e-007	6.624472e-002	0.000000e+000
1.651719900225552e-007	5.336443e-002	0.000000e+000
1.653732466070043e-007	4.327266e-002	0.000000e+000
1.655578977183202e-007	3.476425e-002	0.000000e+000
1.657312018806340e-007	2.743095e-002	0.000000e+000
1.659194741876819e-007	2.013578e-002	0.000000e+000
1.660963727125058e-007	1.391078e-002	0.000000e+000
1.662994252311626e-007	7.511527e-003	0.000000e+000
1.665231571107140e-007	1.277976e-003	0.000000e+000
1.667407548591901e-007	-3.973427e-003	0.000000e+000
1.669790116989528e-007	-8.865108e-003	0.000000e+000
1.672061368681784e-007	-1.273997e-002	0.000000e+000
1.674694311724189e-007	-1.640439e-002	0.000000e+000
1.676699002700134e-007	-1.862711e-002	0.000000e+000
1.679091100184400e-007	-2.064832e-002	0.000000e+000
1.681814324188749e-007	-2.231444e-002	0.000000e+000
1.684744011688749e-007	-2.352492e-002	0.000000e+000
1.686541831356429e-007	-2.399992e-002	0.000000e+000
1.687694851780837e-007	-2.417859e-002	0.000000e+000
1.689340528098966e-007	-2.431364e-002	0.000000e+000
1.690840319354002e-007	-2.434183e-002	0.000000e+000
1.693183343239670e-007	-2.424892e-002	0.000000e+000
1.695308694232626e-007	-2.406823e-002	0.000000e+000
1.697813983813416e-007	-2.377679e-002	0.000000e+000
1.700271423984582e-007	-2.346663e-002	0.000000e+000
1.702950252535730e-007	-2.315780e-002	0.000000e+000
1.705879940035730e-007	-2.291559e-002	0.000000e+000
1.708809627535730e-007	-2.282901e-002	0.000000e+000
1.711739315035730e-007	-2.294782e-002	0.000000e+000
1.714580028705173e-007	-2.329297e-002	0.000000e+000
1.717240564929014e-007	-2.384230e-002	0.000000e+000
1.719613525741828e-007	-2.452806e-002	0.000000e+000
1.721712939587851e-007	-2.529064e-002	0.000000e+000
1.723433310457055e-007	-2.603119e-002	0.000000e+000
1.725411793323581e-007	-2.700527e-002	0.000000e+000
1.727520100935898e-007	-2.816749e-002	0.000000e+000
1.729973521735084e-007	-2.965736e-002	0.000000e+000
1.732424729522324e-007	-3.126447e-002	0.000000e+000
1.735290209113159e-007	-3.324277e-002	0.000000e+000
1.738008507966914e-007	-3.515997e-002	0.000000e+000
1.740466198372146e-007	-3.687498e-002	0.000000e+000
1.743161781592013e-007	-3.867507e-002	0.000000e+000
1.745644172029788e-007	-4.021031e-002	0.000000e+000
1.747857425062850e-007	-4.143234e-002	0.000000e+000
1.750098628371008e-007	-4.249136e-002	0.000000e+000
1.752434167389175e-007	-4.338027e-002	0.000000e+000
1.754886669491780e-007	-4.406009e-002	0.000000e+000
1.757366864142121e-007	-4.447524e-002	0.000000e+000
1.759754001247460e-007	-4.461640e-002	0.000000e+000
1.761916042270686e-007	-4.451250e-002	0.000000e+000
1.764742503031913e-007	-4.409629e-002	0.000000e+000
1.767460630051137e-007	-4.346063e-002	0.000000e+000
1.770390317551137e-007	-4.257309e-002	0.000000e+000
1.773139339211580e-007	-4.162870e-002	0.000000e+000
1.775362105718035e-007	-4.083371e-002	0.000000e+000
1.777621395975620e-007	-4.004802e-002	0.000000e+000
1.779970959012417e-007	-3.929931e-002	0.000000e+000
1.782169570745746e-007	-3.869453e-002	0.000000e+000
1.784154078824975e-007	-3.825634e-002	0.000000e+000
1.786122632292204e-007	-3.794101e-002	0.000000e+000
1.788098025960310e-007	-3.775354e-002	0.000000e+000
1.790196238704036e-007	-3.770608e-002	0.000000e+000
1.792797116340780e-007	-3.784941e-002	0.000000e+000
1.795726803840780e-007	-3.823581e-002	0.000000e+000
1.798616781852939e-007	-3.881042e-002	0.000000e+000
1.801296996241828e-007	-3.947140e-002	0.000000e+000
1.803990885518399e-007	-4.020093e-002	0.000000e+000
1.806222607130282e-007	-4.080980e-002	0.000000e+000
1.808494865379581e-007	-4.139333e-002	0.000000e+000
1.810714445140942e-007	-4.189555e-002	0.000000e+000
1.812842343938312e-007	-4.228629e-002	0.000000e+000
1.815047984408498e-007	-4.258389e-002	0.000000e+000
1.816813815100095e-007	-4.273130e-002	0.000000e+000
1.818552133114976e-007	-4.278652e-002	0.000000e+000
1.820308236523600e-007	-4.275189e-002	0.000000e+000
1.822442424745969e-007	-4.259283e-002	0.000000e+000
1.825124502053943e-007	-4.224487e-002	0.000000e+000
1.828054189553943e-007	-4.172426e-002	0.000000e+000
1.830428701066864e-007	-4.122127e-002	0.000000e+000
1.832834090395741e-007	-4.067234e-002	0.000000e+000
1.834880056117983e-007	-4.020397e-002	0.000000e+000
1.836168877787684e-007	-3.991958e-002	0.000000e+000
1.837195280809903e-007	-3.970582e-002	0.000000e+000
1.838116232352596e-007	-3.952612e-002	0.000000e+000
1.838913395556756e-007	-3.938100e-002	0.000000e+000
1.839548291209047e-007	-3.927329e-002	0.000000e+000
1.840061096860323e-007	-3.919231e-002	0.000000e+000
1.840596523272895e-007	-3.911449e-002	0.000000e+000
1.841386119326553e-007	-3.901184e-002	0.000000e+000
1.842372082892583e-007	-3.890410e-002	0.000000e+000
1.843651472565690e-007	-3.880019e-002	0.000000e+000
1.845195352795948e-007	-3.873224e-002	0.000000e+000
1.847194172541023e-007	-3.874154e-002	0.000000e+000
1.849786239168680e-007	-3.890173e-002	0.000000e+000
1.852506575386469e-007	-3.923346e-002	0.000000e+000
1.855283034900223e-007	-3.972067e-002	0.000000e+000
1.857703594334682e-007	-4.023916e-002	0.000000e+000
1.859974968582147e-007	-4.077468e-002	0.000000e+000
1.862266455731386e-007	-4.132211e-002	0.000000e+000
1.864897261541185e-007	-4.191247e-002	0.000000e+000
1.867385083282421e-007	-4.239233e-002	0.000000e+000
1.869712297323842e-007	-4.272808e-002	0.000000e+000
1.872311595344209e-007	-4.293639e-002	0.000000e+000
1.875207769647877e-007	-4.294672e-002	0.000000e+000
1.878137457147877e-007	-4.270956e-002	0.000000e+000
1.881067144647877e-007	-4.223476e-002	0.000000e+000
1.883587163637081e-007	-4.165233e-002	0.000000e+000
1.886147739217156e-007	-4.092915e-002	0.000000e+000
1.888497599284011e-007	-4.019328e-002	0.000000e+000
1.890794154422638e-007	-3.944769e-002	0.000000e+000
1.893135598803971e-007	-3.870704e-002	0.000000e+000
1.895487140302971e-007	-3.803327e-002	0.000000e+000
1.898253319579314e-007	-3.738621e-002	0.000000e+000
1.901183007079314e-007	-3.691531e-002	0.000000e+000
1.903936939917535e-007	-3.671514e-002	0.000000e+000
1.906490091973788e-007	-3.675228e-002	0.000000e+000
1.908287972617524e-007	-3.691726e-002	0.000000e+000
1.909905386595014e-007	-3.717164e-002	0.000000e+000
1.911635718103630e-007	-3.754043e-002	0.000000e+000
1.913791194140326e-007	-3.810882e-002	0.000000e+000
1.916123044077003e-007	-3.882181e-002	0.000000e+000
1.918478941593175e-007	-3.960791e-002	0.000000e+000
1.920847140397387e-007	-4.041632e-002	0.000000e+000
1.923251013439040e-007	-4.120551e-002	0.000000e+000
1.925295643647503e-007	-4.181080e-002	0.000000e+000
1.927352007458753e-007	-4.231988e-002	0.000000e+000
1.929474012538453e-007	-4.270956e-002	0.000000e+000
1.931892385625734e-007	-4.296377e-002	0.000000e+000
1.934359763413893e-007	-4.299110e-002	0.000000e+000
1.937289450913893e-007	-4.272974e-002	0.000000e+000
1.939892264241148e-007	-4.225182e-002	0.000000e+000
1.942206688893052e-007	-4.163898e-002	0.000000e+000
1.944409708770563e-007	-4.092417e-002	0.000000e+000
1.946632761970888e-007	-4.011635e-002	0.000000e+000
1.948950075225336e-007	-3.923220e-002	0.000000e+000
1.951286997095029e-007	-3.835294e-002	0.000000e+000
1.954010249291013e-007	-3.740435e-002	0.000000e+000
1.956276513666109e-007	-3.672374e-002	0.000000e+000
1.958341764098995e-007	-3.623432e-002	0.000000e+000
1.960428136071246e-007	-3.589503e-002	0.000000e+000
1.962810424472110e-007	-3.570822e-002	0.000000e+000
1.965325960399900e-007	-3.573387e-002	0.000000e+000
1.967606487501150e-007	-3.595748e-002	0.000000e+000
1.969933413340595e-007	-3.637013e-002	0.000000e+000
1.972330486846599e-007	-3.694922e-002	0.000000e+000
1.974719894220404e-007	-3.763837e-002	0.000000e+000
1.976991604413961e-007	-3.835383e-002	0.000000e+000
1.979285882103322e-007	-3.908775e-002	0.000000e+000
1.981605666158039e-007	-3.978937e-002	0.000000e+000
1.984178732599454e-007	-4.047707e-002	0.000000e+000
1.986175563076600e-007	-4.091665e-002	0.000000e+000
1.987817345860774e-007	-4.118550e-002	0.000000e+000
1.989814015674448e-007	-4.139365e-002	0.000000e+000
1.991778353345056e-007	-4.147270e-002	0.000000e+000
1.993890705875097e-007	-4.140957e-002	0.000000e+000
1.996267192289093e-007	-4.117697e-002	0.000000e+000
1.998413306375584e-007	-4.082524e-002	0.000000e+000
2.001342993875584e-007	-4.018435e-002	0.000000e+000
2.003574367732832e-007	-3.961180e-002	0.000000e+000
2.005976651338716e-007	-3.894442e-002	0.000000e+000
2.008147675136858e-007	-3.833723e-002	0.000000e+000
2.010046541439044e-007	-3.782900e-002	0.000000e+000
2.011940299126604e-007	-3.736740e-002	0.000000e+000
2.013994054539433e-007	-3.693427e-002	0.000000e+000
2.015941731910532e-007	-3.660403e-002	0.000000e+000
2.018058941925428e-007	-3.634642e-002	0.000000e+000
2.020211586702178e-007	-3.619270e-002	0.000000e+000
2.022223302359215e-007	-3.615071e-002	0.000000e+000
2.024243645515833e-007	-3.620207e-002	0.000000e+000
2.026075352097617e-007	-3.632375e-002	0.000000e+000
2.028181345763270e-007	-3.653616e-002	0.000000e+000
2.030157616502822e-007	-3.678780e-002	0.000000e+000
2.032219082057463e-007	-3.708855e-002	0.000000e+000
2.034476895165376e-007	-3.743703e-002	0.000000e+000
2.036885584241110e-007	-3.780776e-002	0.000000e+000
2.038356823051030e-007	-3.802223e-002	0.000000e+000
2.039976816553088e-007	-3.823679e-002	0.000000e+000
2.041642853883001e-007	-3.842615e-002	0.000000e+000
2.044009423968422e-007	-3.863769e-002	0.000000e+000
2.046264576743470e-007	-3.877592e-002	0.000000e+000
2.048359511888096e-007	-3.884192e-002	0.000000e+000
2.050316078912071e-007	-3.884955e-002	0.000000e+000
2.052294508129494e-007	-3.880962e-002	0.000000e+000
2.054155803422310e-007	-3.873202e-002	0.000000e+000
2.056737063228656e-007	-3.857774e-002	0.000000e+000
2.059354982887897e-007	-3.838746e-002	0.000000e+000
2.061852322722012e-007	-3.818751e-002	0.000000e+000
2.064339134566290e-007	-3.798511e-002	0.000000e+000
2.066406800309143e-007	-3.782332e-002	0.000000e+000
2.068524421823910e-007	-3.767013e-002	0.000000e+000
2.070770120060831e-007	-3.752515e-002	0.000000e+000
2.073686789527864e-007	-3.736157e-002	0.000000e+000
2.076616477027864e-007	-3.721968e-002	0.000000e+000
2.079546164527864e-007	-3.709386e-002	0.000000e+000
2.082475852027864e-007	-3.697481e-002	0.000000e+000
2.085032309198375e-007	-3.687024e-002	0.000000e+000
2.087573898963132e-007	-3.676209e-002	0.000000e+000
2.090503586463132e-007	-3.663348e-002	0.000000e+000
2.093433273963132e-007	-3.650719e-002	0.000000e+000
2.096362961463132e-007	-3.639483e-002	0.000000e+000
2.099292648963132e-007	-3.631179e-002	0.000000e+000
2.102222336463132e-007	-3.627248e-002	0.000000e+000
2.104810543796041e-007	-3.628772e-002	0.000000e+000
2.107576611688672e-007	-3.636536e-002	0.000000e+000
2.110506299188672e-007	-3.651279e-002	0.000000e+000
2.113241461572162e-007	-3.670606e-002	0.000000e+000
2.116171149072162e-007	-3.695643e-002	0.000000e+000
2.118585728521621e-007	-3.717918e-002	0.000000e+000
2.121039694927346e-007	-3.740053e-002	0.000000e+000
2.123675899437926e-007	-3.760862e-002	0.000000e+000
2.126110251996301e-007	-3.775804e-002	0.000000e+000
2.127713852893093e-007	-3.781878e-002	0.000000e+000
2.129770003514290e-007	-3.783926e-002	0.000000e+000
2.132087656349666e-007	-3.778435e-002	0.000000e+000
2.135017343849666e-007	-3.759788e-002	0.000000e+000
2.137947031349666e-007	-3.729004e-002	0.000000e+000
2.140876718849666e-007	-3.687664e-002	0.000000e+000
2.143136674768851e-007	-3.650118e-002	0.000000e+000
2.145197545947162e-007	-3.613109e-002	0.000000e+000
2.147275758506074e-007	-3.575525e-002	0.000000e+000
2.149895395785697e-007	-3.531127e-002	0.000000e+000
2.152825083285697e-007	-3.489104e-002	0.000000e+000
2.155754770785697e-007	-3.458682e-002	0.000000e+000
2.158321175534177e-007	-3.443942e-002	0.000000e+000
2.160267594458106e-007	-3.442064e-002	0.000000e+000
2.162264183237154e-007	-3.448896e-002	0.000000e+000
2.164081059200555e-007	-3.462788e-002	0.000000e+000
2.166699152869413e-007	-3.493475e-002	0.000000e+000
2.169389294024437e-007	-3.533921e-002	0.000000e+000
2.171384251241942e-007	-3.568694e-002	0.000000e+000
2.173380055768337e-007	-3.605719e-002	0.000000e+000
2.175276208153791e-007	-3.640364e-002	0.000000e+000
2.178011051993325e-007	-3.685955e-002	0.000000e+000
2.180604068183331e-007	-3.720663e-002	0.000000e+000
2.183533755683331e-007	-3.745309e-002	0.000000e+000
2.186463443183331e-007	-3.751805e-002	0.000000e+000
2.189393130683331e-007	-3.739124e-002	0.000000e+000
2.191724861388798e-007	-3.715187e-002	0.000000e+000
2.193663041629454e-007	-3.685718e-002	0.000000e+000
2.195656442084258e-007	-3.647972e-002	0.000000e+000
2.197714769752353e-007	-3.603287e-002	0.000000e+000
2.200370854147085e-007	-3.541213e-002	0.000000e+000
2.203167027847472e-007	-3.475772e-002	0.000000e+000
2.206096715347472e-007	-3.412569e-002	0.000000e+000
2.208776526854678e-007	-3.364627e-002	0.000000e+000
2.211401037638906e-007	-3.330572e-002	0.000000e+000
2.213704563946483e-007	-3.313485e-002	0.000000e+000
2.216022227906918e-007	-3.309715e-002	0.000000e+000
2.218424295813559e-007	-3.319803e-002	0.000000e+000
2.221353983313559e-007	-3.348019e-002	0.000000e+000
2.224161167583805e-007	-3.387484e-002	0.000000e+000
2.227090855083806e-007	-3.436956e-002	0.000000e+000
2.229521447246548e-007	-3.479850e-002	0.000000e+000
2.231993399809456e-007	-3.520568e-002	0.000000e+000
2.234581576885010e-007	-3.555535e-002	0.000000e+000
2.237179176021487e-007	-3.580076e-002	0.000000e+000
2.239024889467654e-007	-3.588185e-002	0.000000e+000
2.241338860886059e-007	-3.585923e-002	0.000000e+000
2.243383613816153e-007	-3.573254e-002	0.000000e+000
2.245267605098728e-007	-3.551732e-002	0.000000e+000
2.247196811606415e-007	-3.520530e-002	0.000000e+000
2.249219908365953e-007	-3.479178e-002	0.000000e+000
2.251369717255921e-007	-3.427452e-002	0.000000e+000
2.253428847863731e-007	-3.372284e-002	0.000000e+000
2.255372328579976e-007	-3.316892e-002	0.000000e+000
2.257692120828731e-007	-3.249541e-002	0.000000e+000
2.260087623412411e-007	-3.181690e-002	0.000000e+000
2.262420000069366e-007	-3.120461e-002	0.000000e+000
2.265164373644105e-007	-3.057438e-002	0.000000e+000
2.267827004185829e-007	-3.007154e-002	0.000000e+000
2.270181752328094e-007	-2.972556e-002	0.000000e+000
2.271882614445980e-007	-2.953627e-002	0.000000e+000
2.273057120407503e-007	-2.943961e-002	0.000000e+000
2.274594459683459e-007	-2.934880e-002	0.000000e+000
2.276257094470183e-007	-2.928192e-002	0.000000e+000
2.277712972007972e-007	-2.924645e-002	0.000000e+000
2.279248865260274e-007	-2.922581e-002	0.000000e+000
2.280901527306998e-007	-2.921166e-002	0.000000e+000
2.282558181931443e-007	-2.919492e-002	0.000000e+000
2.284308389772500e-007	-2.916152e-002	0.000000e+000
2.286136278227538e-007	-2.909401e-002	0.000000e+000
2.288190688957353e-007	-2.895920e-002	0.000000e+000
2.290537749492937e-007	-2.871159e-002	0.000000e+000
2.292878570765030e-007	-2.834821e-002	0.000000e+000
2.295108094277619e-007	-2.788061e-002	0.000000e+000
2.296986090332020e-007	-2.739096e-002	0.000000e+000
2.298268109924314e-007	-2.699830e-002	0.000000e+000
2.299617438560877e-007	-2.653188e-002	0.000000e+000
2.300974279613126e-007	-2.601325e-002	0.000000e+000
2.302633264902911e-007	-2.531581e-002	0.000000e+000
2.304520637242892e-007	-2.445176e-002	0.000000e+000
2.306297275097526e-007	-2.357515e-002	0.000000e+000
2.308163095464255e-007	-2.259697e-002	0.000000e+000
2.309998233479675e-007	-2.158852e-002	0.000000e+000
2.312388477647412e-007	-2.022920e-002	0.000000e+000
2.314997918222945e-007	-1.871665e-002	0.000000e+000
2.317691318237048e-007	-1.714971e-002	0.000000e+000
2.320328740274642e-007	-1.563258e-002	0.000000e+000
2.322906437767494e-007	-1.418200e-002	0.000000e+000
2.325456428082362e-007	-1.278320e-002	0.000000e+000
2.327409467753734e-007	-1.173740e-002	0.000000e+000
2.329343782743850e-007	-1.072168e-002	0.000000e+000
2.331816245429567e-007	-9.437723e-003	0.000000e+000
2.334316804080097e-007	-8.140966e-003	0.000000e+000
2.336099518090241e-007	-7.206964e-003	0.000000e+000
2.338135698137160e-007	-6.117246e-003	0.000000e+000
2.340191167356901e-007	-4.981824e-003	0.000000e+000
2.342409681680041e-007	-3.709608e-003	0.000000e+000
2.343934146639470e-007	-2.798314e-003	0.000000e+000
2.345660756192004e-007	-1.717728e-003	0.000000e+000
2.347867451636183e-007	-2.691362e-004	0.000000e+000
2.350154278613823e-007	1.310189e-003	0.000000e+000
2.352376311787421e-007	2.923987e-003	0.000000e+000
2.354646413318141e-007	4.648911e-003	0.000000e+000
2.357001297483312e-007	6.505814e-003	0.000000e+000
2.359162008357783e-007	8.258483e-003	0.000000e+000
2.361487562377435e-007	1.017954e-002	0.000000e+000
2.363583123885702e-007	1.192302e-002	0.000000e+000
2.365901923054895e-007	1.384364e-002	0.000000e+000
2.368428290231994e-007	1.590694e-002	0.000000e+000
2.369896389700411e-007	1.707708e-002	0.000000e+000
2.371766888267213e-007	1.851962e-002	0.000000e+000
2.373671886675843e-007	1.992410e-002	0.000000e+000
2.376146748931264e-007	2.163381e-002	0.000000e+000
2.378771649572819e-007	2.330059e-002	0.000000e+000
2.380997296905198e-007	2.456757e-002	0.000000e+000
2.383327710266527e-007	2.573148e-002	0.000000e+000
2.385479763955712e-007	2.665424e-002	0.000000e+000
2.387527921310437e-007	2.737730e-002	0.000000e+000
2.389867694522043e-007	2.802061e-002	0.000000e+000
2.392067909408838e-007	2.845080e-002	0.000000e+000
2.394056218759462e-007	2.867545e-002	0.000000e+000
2.396173172539592e-007	2.873853e-002	0.000000e+000
2.398337763339727e-007	2.862563e-002	0.000000e+000
2.400205404848316e-007	2.837469e-002	0.000000e+000
2.402027122128301e-007	2.798193e-002	0.000000e+000
2.403864007995543e-007	2.743628e-002	0.000000e+000
2.405850807038381e-007	2.667957e-002	0.000000e+000
2.407740919050117e-007	2.579354e-002	0.000000e+000
2.409710815573272e-007	2.468763e-002	0.000000e+000
2.411725188447254e-007	2.336767e-002	0.000000e+000
2.413568907344553e-007	2.198291e-002	0.000000e+000
2.415368265819190e-007	2.043778e-002	0.000000e+000
2.417955998286267e-007	1.792287e-002	0.000000e+000
2.420082907963651e-007	1.558948e-002	0.000000e+000
2.422451049938981e-007	1.266862e-002	0.000000e+000
2.424685056920441e-007	9.610637e-003	0.000000e+000
2.426833957088588e-007	6.364956e-003	0.000000e+000
2.429031328765060e-007	2.750545e-003	0.000000e+000
2.430686230926633e-007	-1.853523e-004	0.000000e+000
2.432375620266524e-007	-3.401722e-003	0.000000e+000
2.434381374980641e-007	-7.496668e-003	0.000000e+000
2.436876709660565e-007	-1.295497e-002	0.000000e+000
2.438889929258658e-007	-1.766481e-002	0.000000e+000
2.440871972395655e-007	-2.261261e-002	0.000000e+000
2.443152363984843e-007	-2.866006e-002	0.000000e+000
2.445681230376593e-007	-3.576853e-002	0.000000e+000
2.448101035866236e-007	-4.295269e-002	0.000000e+000
2.450366380627862e-007	-5.001015e-002	0.000000e+000
2.452423501275834e-007	-5.669212e-002	0.000000e+000
2.454734448827840e-007	-6.447124e-002	0.000000e+000
2.456908955186968e-007	-7.200580e-002	0.000000e+000
2.458546437233379e-007	-7.781733e-002	0.000000e+000
2.460312325956144e-007	-8.420439e-002	0.000000e+000
2.462127349550873e-007	-9.087090e-002	0.000000e+000
2.464395093214072e-007	-9.929999e-002	0.000000e+000
2.465600608486764e-007	-1.038189e-001	0.000000e+000
2.466773284408333e-007	-1.082408e-001	0.000000e+000
2.468109796012017e-007	-1.132968e-001	0.000000e+000
2.469741239839380e-007	-1.194800e-001	0.000000e+000
2.471814090558087e-007	-1.273358e-001	0.000000e+000
2.473884745791657e-007	-1.351644e-001	0.000000e+000
2.475867801039758e-007	-1.426242e-001	0.000000e+000
2.477909975732363e-007	-1.502489e-001	0.000000e+000
2.480078310892279e-007	-1.582679e-001	0.000000e+000
2.482030818041249e-007	-1.654081e-001	0.000000e+000
2.483939667254173e-007	-1.723031e-001	0.000000e+000
2.485712889261976e-007	-1.786267e-001	0.000000e+000
2.487393224518953e-007	-1.845369e-001	0.000000e+000
2.489277179105514e-007	-1.910685e-001	0.000000e+000
2.490993091197962e-007	-1.969222e-001	0.000000e+000
2.493070134496258e-007	-2.038793e-001	0.000000e+000
2.495165017822473e-007	-2.107588e-001	0.000000e+000
2.497039715220338e-007	-2.167849e-001	0.000000e+000
2.498763216919361e-007	-2.221991e-001	0.000000e+000
2.500674821068122e-007	-2.280521e-001	0.000000e+000
2.502837725095160e-007	-2.344865e-001	0.000000e+000
2.504795846468055e-007	-2.401297e-001	0.000000e+000
2.506448141035028e-007	-2.447320e-001	0.000000e+000
2.508069066372614e-007	-2.490870e-001	0.000000e+000
2.509822025047399e-007	-2.536104e-001	0.000000e+000
2.511779661134695e-007	-2.584446e-001	0.000000e+000
2.513304904659566e-007	-2.620250e-001	0.000000e+000
2.515151601381954e-007	-2.661166e-001	0.000000e+000
2.517064033242037e-007	-2.700989e-001	0.000000e+000
2.518754560401045e-007	-2.733746e-001	0.000000e+000
2.520589728497882e-007	-2.766584e-001	0.000000e+000
2.522394521616856e-007	-2.796149e-001	0.000000e+000
2.524285255570021e-007	-2.824181e-001	0.000000e+000
2.526105437127383e-007	-2.848262e-001	0.000000e+000
2.528124692606418e-007	-2.871672e-001	0.000000e+000
2.530207130195751e-007	-2.892257e-001	0.000000e+000
2.532662786139151e-007	-2.912501e-001	0.000000e+000
2.534432966563767e-007	-2.924385e-001	0.000000e+000
2.536287488582779e-007	-2.934014e-001	0.000000e+000
2.538881424832166e-007	-2.944178e-001	0.000000e+000
2.540457933330895e-007	-2.948448e-001	0.000000e+000
2.542459490120592e-007	-2.951589e-001	0.000000e+000
2.544439348447205e-007	-2.952810e-001	0.000000e+000
2.546380985863958e-007	-2.952238e-001	0.000000e+000
2.548140988121703e-007	-2.950180e-001	0.000000e+000
2.550391593888778e-007	-2.945634e-001	0.000000e+000
2.552544656891788e-007	-2.939483e-001	0.000000e+000
2.554574183980250e-007	-2.931965e-001	0.000000e+000
2.556439550967912e-007	-2.923410e-001	0.000000e+000
2.558757500850959e-007	-2.910548e-001	0.000000e+000
2.561165457415951e-007	-2.894526e-001	0.000000e+000
2.563687198816235e-007	-2.874491e-001	0.000000e+000
2.566175679838589e-007	-2.851406e-001	0.000000e+000
2.567946361439107e-007	-2.832478e-001	0.000000e+000
2.570070169055843e-007	-2.806751e-001	0.000000e+000
2.572017551475678e-007	-2.780621e-001	0.000000e+000
2.573352250653370e-007	-2.761056e-001	0.000000e+000
2.574498986503480e-007	-2.742955e-001	0.000000e+000
2.575813206379050e-007	-2.720700e-001	0.000000e+000
2.577724274914355e-007	-2.685735e-001	0.000000e+000
2.580004713705414e-007	-2.640277e-001	0.000000e+000
2.582447444205550e-007	-2.587265e-001	0.000000e+000
2.584419041487921e-007	-2.541016e-001	0.000000e+000
2.586394046933291e-007	-2.491560e-001	0.000000e+000
2.588011649144678e-007	-2.448785e-001	0.000000e+000
2.589813942428141e-007	-2.398755e-001	0.000000e+000
2.591621750830853e-007	-2.346129e-001	0.000000e+000
2.594254684288860e-007	-2.265788e-001	0.000000e+000
2.596698073462124e-007	-2.188011e-001	0.000000e+000
2.598549413805333e-007	-2.126790e-001	0.000000e+000
2.600424242740300e-007	-2.062810e-001	0.000000e+000
2.602411536527733e-007	-1.993137e-001	0.000000e+000
2.604494434008289e-007	-1.918224e-001	0.000000e+000
2.606690004639035e-007	-1.837321e-001	0.000000e+000
2.608935623308519e-007	-1.752704e-001	0.000000e+000
2.611047274066438e-007	-1.671541e-001	0.000000e+000
2.612901396564360e-007	-1.599056e-001	0.000000e+000
2.614625974067640e-007	-1.530615e-001	0.000000e+000
2.616779505196892e-007	-1.444014e-001	0.000000e+000
2.618945927354390e-007	-1.355929e-001	0.000000e+000
2.620612306008694e-007	-1.287571e-001	0.000000e+000
2.622279781265344e-007	-1.218745e-001	0.000000e+000
2.624089488174435e-007	-1.143802e-001	0.000000e+000
2.625925442708709e-007	-1.067730e-001	0.000000e+000
2.627758547625581e-007	-9.920119e-002	0.000000e+000
2.629987581888561e-007	-9.006473e-002	0.000000e+000
2.632152396267052e-007	-8.130617e-002	0.000000e+000
2.634138076506231e-007	-7.342946e-002	0.000000e+000
2.636327527305439e-007	-6.496251e-002	0.000000e+000
2.638209458949258e-007	-5.790078e-002	0.000000e+000
2.639824741093009e-007	-5.204558e-002	0.000000e+000
2.641395897469353e-007	-4.656949e-002	0.000000e+000
2.643211850832272e-007	-4.051951e-002	0.000000e+000
2.645003350061650e-007	-3.488566e-002	0.000000e+000
2.647297307300171e-007	-2.818759e-002	0.000000e+000
2.649698783250862e-007	-2.180408e-002	0.000000e+000
2.652218140405728e-007	-1.584283e-002	0.000000e+000
2.654566466146995e-007	-1.100376e-002	0.000000e+000
2.656964825410091e-007	-6.809917e-003	0.000000e+000
2.659438299691944e-007	-3.239383e-003	0.000000e+000
2.661804604171449e-007	-5.127651e-004	0.000000e+000
2.663947920233506e-007	1.382846e-003	0.000000e+000
2.665953035145544e-007	2.687620e-003	0.000000e+000
2.667716784298150e-007	3.470395e-003	0.000000e+000
2.669662524430400e-007	3.968857e-003	0.000000e+000
2.671668377100288e-007	4.133650e-003	0.000000e+000
2.673848856582343e-007	3.953009e-003	0.000000e+000
2.676075555559881e-007	3.435881e-003	0.000000e+000
2.678318111096695e-007	2.618281e-003	0.000000e+000
2.680673769937985e-007	1.498579e-003	0.000000e+000
2.682978544970738e-007	2.009926e-004	0.000000e+000
2.685150652693958e-007	-1.164894e-003	0.000000e+000
2.687299177127846e-007	-2.612876e-003	0.000000e+000
2.689524996239685e-007	-4.172182e-003	0.000000e+000
2.691922149412350e-007	-5.875458e-003	0.000000e+000
2.693952735669008e-007	-7.305454e-003	0.000000e+000
2.696297726122425e-007	-8.910546e-003	0.000000e+000
2.698240652883059e-007	-1.017777e-002	0.000000e+000
2.700276817560879e-007	-1.141850e-002	0.000000e+000
2.702235174327545e-007	-1.251482e-002	0.000000e+000
2.703967180983175e-007	-1.338132e-002	0.000000e+000
2.706051239818747e-007	-1.428455e-002	0.000000e+000
2.708001971558669e-007	-1.497470e-002	0.000000e+000
2.710441430574804e-007	-1.560672e-002	0.000000e+000
2.712939896198342e-007	-1.598832e-002	0.000000e+000
2.715434519533228e-007	-1.608847e-002	0.000000e+000
2.717496137978403e-007	-1.594167e-002	0.000000e+000
2.719569711868348e-007	-1.557400e-002	0.000000e+000
2.721588107854878e-007	-1.501317e-002	0.000000e+000
2.723776510283430e-007	-1.418402e-002	0.000000e+000
2.726253768115685e-007	-1.300058e-002	0.000000e+000
2.728805235208758e-007	-1.154728e-002	0.000000e+000
2.731159914269922e-007	-1.001797e-002	0.000000e+000
2.733545200857746e-007	-8.318509e-003	0.000000e+000
2.736012334196534e-007	-6.455989e-003	0.000000e+000
2.737835599542812e-007	-5.035374e-003	0.000000e+000
2.739080778242686e-007	-4.052679e-003	0.000000e+000
2.740441186395145e-007	-2.981588e-003	0.000000e+000
2.742433725011774e-007	-1.437303e-003	0.000000e+000
2.744503244647859e-007	1.169196e-004	0.000000e+000
2.746470183428033e-007	1.521149e-003	0.000000e+000
2.748438053455601e-007	2.824156e-003	0.000000e+000
2.750834343746532e-007	4.246308e-003	0.000000e+000
2.753577231967452e-007	5.654770e-003	0.000000e+000
2.755719133737649e-007	6.569027e-003	0.000000e+000
2.757582599746092e-007	7.203810e-003	0.000000e+000
2.759408307705810e-007	7.680336e-003	0.000000e+000
2.761248826287247e-007	8.015645e-003	0.000000e+000
2.763295144602182e-007	8.225987e-003	0.000000e+000
2.765364676765795e-007	8.273895e-003	0.000000e+000
2.767554844817306e-007	8.155358e-003	0.000000e+000
2.769680954923025e-007	7.889919e-003	0.000000e+000
2.771762195444590e-007	7.499828e-003	0.000000e+000
2.773822229106263e-007	7.002974e-003	0.000000e+000
2.776141042257314e-007	6.340698e-003	0.000000e+000
2.778480956965814e-007	5.594765e-003	0.000000e+000
2.780345537769853e-007	4.958770e-003	0.000000e+000
2.782041199528921e-007	4.359854e-003	0.000000e+000
2.783950276940567e-007	3.679309e-003	0.000000e+000
2.785924218920956e-007	2.985851e-003	0.000000e+000
2.788503350171238e-007	2.113696e-003	0.000000e+000
2.790709474324947e-007	1.414886e-003	0.000000e+000
2.792932016660874e-007	7.749915e-004	0.000000e+000
2.795246423703239e-007	1.847833e-004	0.000000e+000
2.797378131581552e-007	-2.786053e-004	0.000000e+000
2.799824398626709e-007	-7.118328e-004	0.000000e+000
2.802138964968436e-007	-1.025885e-003	0.000000e+000
2.804502100225018e-007	-1.244172e-003	0.000000e+000
2.807185150779610e-007	-1.381721e-003	0.000000e+000
2.809516990993851e-007	-1.412246e-003	0.000000e+000
2.811769982802847e-007	-1.365169e-003	0.000000e+000
2.813846292463431e-007	-1.263136e-003	0.000000e+000
2.815853865560194e-007	-1.116604e-003	0.000000e+000
2.817745543389911e-007	-9.413190e-004	0.000000e+000
2.819456659489701e-007	-7.541912e-004	0.000000e+000
2.821291715433162e-007	-5.273694e-004	0.000000e+000
2.823123983973985e-007	-2.778893e-004	0.000000e+000
2.825158390576420e-007	2.250072e-005	0.000000e+000
2.827335003036841e-007	3.666396e-004	0.000000e+000
2.829789634916336e-007	7.771633e-004	0.000000e+000
2.831993940556705e-007	1.162418e-003	0.000000e+000
2.834225852176280e-007	1.565316e-003	0.000000e+000
2.836331594366930e-007	1.953219e-003	0.000000e+000
2.839166722704699e-007	2.479114e-003	0.000000e+000
2.841951050152857e-007	2.989096e-003	0.000000e+000
2.844819533336158e-007	3.495692e-003	0.000000e+000
2.847242433703808e-007	3.895033e-003	0.000000e+000
2.849823468072556e-007	4.281897e-003	0.000000e+000
2.851443272030197e-007	4.496303e-003	0.000000e+000
2.853170521160875e-007	4.691248e-003	0.000000e+000
2.854901715801995e-007	4.850344e-003	0.000000e+000
2.856757542495242e-007	4.974328e-003	0.000000e+000
2.858819387269957e-007	5.050725e-003	0.000000e+000
2.861094554519299e-007	5.063776e-003	0.000000e+000
2.862703010821031e-007	5.020120e-003	0.000000e+000
2.864572034306716e-007	4.908486e-003	0.000000e+000
2.866419235457263e-007	4.743534e-003	0.000000e+000
2.868041926856427e-007	4.551957e-003	0.000000e+000
2.869705978884120e-007	4.309906e-003	0.000000e+000
2.871756354168404e-007	3.961304e-003	0.000000e+000
2.873621298167466e-007	3.604254e-003	0.000000e+000
2.875463503826770e-007	3.219461e-003	0.000000e+000
2.877435861633730e-007	2.785092e-003	0.000000e+000
2.879564873761331e-007	2.306294e-003	0.000000e+000
2.881827848066168e-007	1.804006e-003	0.000000e+000
2.883940033594230e-007	1.358305e-003	0.000000e+000
2.885958656312328e-007	9.682310e-004	0.000000e+000
2.887776080239742e-007	6.557130e-004	0.000000e+000
2.889108058559703e-007	4.589781e-004	0.000000e+000
2.890707562957486e-007	2.643428e-004	0.000000e+000
2.892321712790578e-007	1.174806e-004	0.000000e+000
2.894586189060762e-007	-1.322938e-005	0.000000e+000
2.896156447197269e-007	-4.635727e-005	0.000000e+000
2.898293289601646e-007	-9.551804e-006	0.000000e+000
2.900356430017121e-007	1.007408e-004	0.000000e+000
2.902642546107357e-007	3.023713e-004	0.000000e+000
2.904626281882184e-007	5.362433e-004	0.000000e+000
2.906840534858269e-007	8.507950e-004	0.000000e+000
2.909261652662198e-007	1.234586e-003	0.000000e+000
2.911992030902615e-007	1.690362e-003	0.000000e+000
2.914048418804746e-007	2.033810e-003	0.000000e+000
2.915871770374662e-007	2.325307e-003	0.000000e+000
2.917987283682365e-007	2.636886e-003	0.000000e+000
2.920049722899541e-007	2.904914e-003	0.000000e+000
2.922243566421430e-007	3.140501e-003	0.000000e+000
2.924870557816653e-007	3.355846e-003	0.000000e+000
2.927250029852178e-007	3.488248e-003	0.000000e+000
2.929437954424403e-007	3.556933e-003	0.000000e+000
2.931140469289120e-007	3.576708e-003	0.000000e+000
2.932695705010202e-007	3.568548e-003	0.000000e+000
2.934854879533128e-007	3.526244e-003	0.000000e+000
2.937191902623905e-007	3.452574e-003	0.000000e+000
2.939153678333905e-007	3.372128e-003	0.000000e+000
2.941022712964002e-007	3.283534e-003	0.000000e+000
2.943003430431794e-007	3.182275e-003	0.000000e+000
2.945218618514388e-007	3.064787e-003	0.000000e+000
2.946815969554794e-007	2.978916e-003	0.000000e+000
2.948739054617758e-007	2.875357e-003	0.000000e+000
2.950679889557432e-007	2.770923e-003	0.000000e+000
2.953128523490026e-007	2.638480e-003	0.000000e+000
2.955076570584336e-007	2.531249e-003	0.000000e+000
2.957065454716779e-007	2.418182e-003	0.000000e+000
2.959198737885371e-007	2.291469e-003	0.000000e+000
2.961313965014843e-007	2.159190e-003	0.000000e+000
2.963549218154563e-007	2.012528e-003	0.000000e+000
2.965152777244165e-007	1.903255e-003	0.000000e+000
2.967001331603429e-007	1.774568e-003	0.000000e+000
2.969237615769836e-007	1.619810e-003	0.000000e+000
2.971547112104229e-007	1.467239e-003	0.000000e+000
2.973895963366060e-007	1.327559e-003	0.000000e+000
2.976030443075295e-007	1.221684e-003	0.000000e+000
2.977837248242586e-007	1.154596e-003	0.000000e+000
2.979513732976949e-007	1.116371e-003	0.000000e+000
2.981209147297609e-007	1.104703e-003	0.000000e+000
2.982965163439931e-007	1.125240e-003	0.000000e+000
2.985095355417694e-007	1.194688e-003	0.000000e+000
2.987192893827496e-007	1.309061e-003	0.000000e+000
2.989099265531247e-007	1.451394e-003	0.000000e+000
2.990326717358379e-007	1.564555e-003	0.000000e+000
2.991943508851436e-007	1.737013e-003	0.000000e+000
2.993514352573700e-007	1.923539e-003	0.000000e+000
2.995704409663196e-007	2.205040e-003	0.000000e+000
2.997355080760130e-007	2.426394e-003	0.000000e+000
2.999291384117771e-007	2.689526e-003	0.000000e+000
3.000000000000000e-007	2.785130e-003	0.000000e+000
