time	V(-1)	V(1)
0.000000000000000e+000	0.000000e+000	0.000000e+000
2.929687488293547e-015	0.000000e+000	3.906250e-007
5.859374976587093e-015	0.000000e+000	7.812500e-007
6.862165151151572e-012	0.000000e+000	9.149554e-004
1.371847092732656e-011	0.000000e+000	1.829129e-003
2.057477670350154e-011	0.000000e+000	2.743304e-003
2.743108247967653e-011	0.000000e+000	3.657478e-003
3.428738825585152e-011	0.000000e+000	4.571652e-003
4.114369403202650e-011	0.000000e+000	5.485826e-003
4.799999980820147e-011	0.000000e+000	6.400000e-003
9.599999961640293e-011	0.000000e+000	1.280000e-002
1.416034087588800e-010	0.000000e+000	1.888045e-002
1.815403592997371e-010	0.000000e+000	2.420538e-002
2.190026546282704e-010	0.000000e+000	2.920035e-002
2.586466041744767e-010	0.000000e+000	3.448622e-002
3.006377456770162e-010	0.000000e+000	4.008503e-002
3.511046216967965e-010	0.000000e+000	4.681395e-002
4.080790723112299e-010	0.000000e+000	5.441054e-002
4.760207817153445e-010	0.000000e+000	6.346944e-002
5.537958501666571e-010	0.000000e+000	7.383945e-002
6.458975582232118e-010	0.000000e+000	8.611967e-002
7.374197847133350e-010	0.000000e+000	9.832264e-002
8.168415258987278e-010	0.000000e+000	1.089122e-001
9.088948688559602e-010	0.000000e+000	1.211860e-001
9.981704472648312e-010	0.000000e+000	1.330894e-001
1.104339811620614e-009	0.000000e+000	1.472453e-001
1.214303819776729e-009	0.000000e+000	1.619072e-001
1.342025802755382e-009	0.000000e+000	1.789368e-001
1.478149918861255e-009	0.000000e+000	1.970867e-001
1.591932256731436e-009	0.000000e+000	2.122576e-001
1.714507089166341e-009	0.000000e+000	2.286009e-001
1.843013589453528e-009	0.000000e+000	2.457351e-001
1.983479604919193e-009	0.000000e+000	2.644640e-001
2.133245568852534e-009	0.000000e+000	2.844327e-001
2.296738744979816e-009	0.000000e+000	3.062318e-001
2.472540203501071e-009	0.000000e+000	3.296720e-001
2.639352309597124e-009	0.000000e+000	3.519136e-001
2.799650326822602e-009	0.000000e+000	3.732867e-001
2.973939557301055e-009	0.000000e+000	3.965253e-001
3.153647137560602e-009	0.000000e+000	4.204863e-001
3.349688351221376e-009	0.000000e+000	4.466251e-001
3.532193929034523e-009	0.000000e+000	4.709592e-001
3.731606012219969e-009	0.000000e+000	4.975475e-001
3.915958173790314e-009	0.000000e+000	5.221277e-001
4.125323570261461e-009	0.000000e+000	5.500432e-001
4.332839627699929e-009	0.000000e+000	5.777119e-001
4.563795795244663e-009	0.000000e+000	6.085061e-001
4.787696457371435e-009	0.000000e+000	6.383595e-001
4.999098144804460e-009	0.000000e+000	6.665464e-001
5.228353658637087e-009	0.000000e+000	6.971138e-001
5.460014836387929e-009	0.000000e+000	7.280020e-001
5.710859408803579e-009	0.000000e+000	7.614479e-001
5.957676416884737e-009	0.000000e+000	7.943569e-001
6.190887267665009e-009	0.000000e+000	8.254516e-001
6.443443219565095e-009	0.000000e+000	8.591257e-001
6.697622940768318e-009	0.000000e+000	8.930164e-001
6.971990239891634e-009	0.000000e+000	9.295987e-001
7.219162114972256e-009	0.000000e+000	9.625549e-001
7.259813637084272e-009	0.000000e+000	9.679751e-001
7.314015666566961e-009	0.000000e+000	9.752021e-001
7.391595941034622e-009	0.000000e+000	9.855461e-001
7.499999999999999e-009	0.000000e+000	1.000000e+000
7.510840405896538e-009	0.000000e+000	1.000000e+000
7.532521217689613e-009	0.000000e+000	1.000000e+000
7.575882841275764e-009	0.000000e+000	1.000000e+000
7.662606088448066e-009	0.000000e+000	1.000000e+000
7.836052582792671e-009	0.000000e+000	1.000000e+000
8.086711878438368e-009	0.000000e+000	1.000000e+000
8.368672577543370e-009	0.000000e+000	1.000000e+000
8.628830195285590e-009	0.000000e+000	1.000000e+000
8.921798945285590e-009	0.000000e+000	1.000000e+000
9.207991494543200e-009	0.000000e+000	1.000000e+000
9.500960244543200e-009	0.000000e+000	1.000000e+000
9.780610386131280e-009	0.000000e+000	1.000000e+000
1.007357913613128e-008	0.000000e+000	1.000000e+000
1.036654788613128e-008	0.000000e+000	1.000000e+000
1.065951663613128e-008	0.000000e+000	1.000000e+000
1.095248538613128e-008	0.000000e+000	1.000000e+000
1.124545413613128e-008	0.000000e+000	1.000000e+000
1.153842288613128e-008	0.000000e+000	1.000000e+000
1.183139163613128e-008	0.000000e+000	1.000000e+000
1.212436038613128e-008	0.000000e+000	1.000000e+000
1.241732913613128e-008	0.000000e+000	1.000000e+000
1.271029788613129e-008	0.000000e+000	1.000000e+000
1.300326663613129e-008	0.000000e+000	1.000000e+000
1.329623538613129e-008	0.000000e+000	1.000000e+000
1.358920413613129e-008	0.000000e+000	1.000000e+000
1.388217288613129e-008	0.000000e+000	1.000000e+000
1.417514163613129e-008	0.000000e+000	1.000000e+000
1.446811038613129e-008	0.000000e+000	1.000000e+000
1.476107913613129e-008	0.000000e+000	1.000000e+000
1.505404788613129e-008	0.000000e+000	1.000000e+000
1.534701663613129e-008	0.000000e+000	1.000000e+000
1.563998538613129e-008	0.000000e+000	1.000000e+000
1.593295413613129e-008	0.000000e+000	1.000000e+000
1.622592288613129e-008	0.000000e+000	1.000000e+000
1.651889163613129e-008	0.000000e+000	1.000000e+000
1.681186038613129e-008	0.000000e+000	1.000000e+000
1.710482913613129e-008	0.000000e+000	1.000000e+000
1.739779788613129e-008	0.000000e+000	1.000000e+000
1.769076663613129e-008	0.000000e+000	1.000000e+000
1.798373538613129e-008	0.000000e+000	1.000000e+000
1.827670413613129e-008	0.000000e+000	1.000000e+000
1.856967288613130e-008	0.000000e+000	1.000000e+000
1.886264163613130e-008	0.000000e+000	1.000000e+000
1.915561038613130e-008	0.000000e+000	1.000000e+000
1.944857913613130e-008	0.000000e+000	1.000000e+000
1.974154788613130e-008	0.000000e+000	1.000000e+000
2.003451663613130e-008	0.000000e+000	1.000000e+000
2.032748538613130e-008	0.000000e+000	1.000000e+000
2.062045413613130e-008	0.000000e+000	1.000000e+000
2.091342288613130e-008	0.000000e+000	1.000000e+000
2.120639163613130e-008	0.000000e+000	1.000000e+000
2.149936038613130e-008	0.000000e+000	1.000000e+000
2.179232913613130e-008	0.000000e+000	1.000000e+000
2.208529788613130e-008	0.000000e+000	1.000000e+000
2.237826663613130e-008	0.000000e+000	1.000000e+000
2.267123538613130e-008	0.000000e+000	1.000000e+000
2.296420413613130e-008	0.000000e+000	1.000000e+000
2.325717288613130e-008	0.000000e+000	1.000000e+000
2.355014163613130e-008	0.000000e+000	1.000000e+000
2.384311038613130e-008	0.000000e+000	1.000000e+000
2.413607913613130e-008	0.000000e+000	1.000000e+000
2.442904788613131e-008	0.000000e+000	1.000000e+000
2.472201663613131e-008	0.000000e+000	1.000000e+000
2.501498538613131e-008	0.000000e+000	1.000000e+000
2.530795413613131e-008	0.000000e+000	1.000000e+000
2.560092288613131e-008	0.000000e+000	1.000000e+000
2.589389163613131e-008	0.000000e+000	1.000000e+000
2.618686038613131e-008	0.000000e+000	1.000000e+000
2.647982913613131e-008	0.000000e+000	1.000000e+000
2.677279788613131e-008	0.000000e+000	1.000000e+000
2.706576663613131e-008	0.000000e+000	1.000000e+000
2.735873538613131e-008	0.000000e+000	1.000000e+000
2.765170413613131e-008	0.000000e+000	1.000000e+000
2.794467288613131e-008	0.000000e+000	1.000000e+000
2.823764163613131e-008	0.000000e+000	1.000000e+000
2.853061038613131e-008	0.000000e+000	1.000000e+000
2.882357913613131e-008	0.000000e+000	1.000000e+000
2.911654788613131e-008	0.000000e+000	1.000000e+000
2.940951663613131e-008	0.000000e+000	1.000000e+000
2.970248538613131e-008	0.000000e+000	1.000000e+000
2.999545413613131e-008	0.000000e+000	1.000000e+000
3.028842288613132e-008	0.000000e+000	1.000000e+000
3.058139163613132e-008	0.000000e+000	1.000000e+000
3.087436038613132e-008	0.000000e+000	1.000000e+000
3.116732913613132e-008	0.000000e+000	1.000000e+000
3.146029788613132e-008	0.000000e+000	1.000000e+000
3.175326663613132e-008	0.000000e+000	1.000000e+000
3.204623538613132e-008	0.000000e+000	1.000000e+000
3.233920413613132e-008	0.000000e+000	1.000000e+000
3.263217288613132e-008	0.000000e+000	1.000000e+000
3.292514163613132e-008	0.000000e+000	1.000000e+000
3.321811038613132e-008	0.000000e+000	1.000000e+000
3.351107913613132e-008	0.000000e+000	1.000000e+000
3.380404788613132e-008	0.000000e+000	1.000000e+000
3.409701663613132e-008	0.000000e+000	1.000000e+000
3.438998538613132e-008	0.000000e+000	1.000000e+000
3.468295413613132e-008	1.401298e-045	1.000000e+000
3.497592288613132e-008	5.605194e-045	1.000000e+000
3.526889163613132e-008	1.261169e-044	1.000000e+000
3.556186038613132e-008	3.082857e-044	1.000000e+000
3.585482913613132e-008	7.286752e-044	1.000000e+000
3.614779788613133e-008	1.737610e-043	1.000000e+000
3.644076663613133e-008	4.091792e-043	1.000000e+000
3.673373538613133e-008	9.640933e-043	1.000000e+000
3.702670413613133e-008	2.249084e-042	1.000000e+000
3.731967288613133e-008	5.218435e-042	1.000000e+000
3.761264163613133e-008	1.203155e-041	1.000000e+000
3.790561038613133e-008	2.756074e-041	1.000000e+000
3.819857913613133e-008	6.273473e-041	1.000000e+000
3.849154788613133e-008	1.419025e-040	1.000000e+000
3.878451663613133e-008	3.189916e-040	1.000000e+000
3.907748538613133e-008	7.126976e-040	1.000000e+000
3.937045413613133e-008	1.582708e-039	1.000000e+000
3.966342288613133e-008	3.493762e-039	1.000000e+000
3.995639163613133e-008	7.666756e-039	1.000000e+000
4.024936038613133e-008	1.672569e-038	1.000000e+000
4.054232913613133e-008	3.627754e-038	1.000000e+000
4.083529788613133e-008	7.823486e-038	1.000000e+000
4.112826663613133e-008	1.677636e-037	1.000000e+000
4.142123538613133e-008	3.577310e-037	1.000000e+000
4.171420413613134e-008	7.585810e-037	1.000000e+000
4.200717288613134e-008	1.599776e-036	1.000000e+000
4.230014163613134e-008	3.355468e-036	1.000000e+000
4.259311038613134e-008	7.000154e-036	1.000000e+000
4.288607913613134e-008	1.452602e-035	1.000000e+000
4.317904788613134e-008	2.998428e-035	1.000000e+000
4.347201663613134e-008	6.157029e-035	1.000000e+000
4.376498538613134e-008	1.257773e-034	1.000000e+000
4.405795413613134e-008	2.556281e-034	1.000000e+000
4.435092288613134e-008	5.169068e-034	1.000000e+000
4.464389163613134e-008	1.040003e-033	1.000000e+000
4.493686038613134e-008	2.082075e-033	1.000000e+000
4.522982913613134e-008	4.147806e-033	1.000000e+000
4.552279788613134e-008	8.222826e-033	1.000000e+000
4.581576663613134e-008	1.622274e-032	1.000000e+000
4.610873538613134e-008	3.185279e-032	1.000000e+000
4.640170413613134e-008	6.224582e-032	1.000000e+000
4.669467288613134e-008	1.210685e-031	1.000000e+000
4.698764163613134e-008	2.343846e-031	1.000000e+000
4.728061038613134e-008	4.516713e-031	1.000000e+000
4.757357913613135e-008	8.664216e-031	1.000000e+000
4.786654788613135e-008	1.654502e-030	1.000000e+000
4.815951663613135e-008	3.145239e-030	1.000000e+000
4.845248538613135e-008	5.952588e-030	1.000000e+000
4.874545413613135e-008	1.121607e-029	1.000000e+000
4.903842288613135e-008	2.104140e-029	1.000000e+000
4.933139163613135e-008	3.930288e-029	1.000000e+000
4.962436038613135e-008	7.309803e-029	1.000000e+000
4.991732913613135e-008	1.353738e-028	1.000000e+000
5.021029788613135e-008	2.496470e-028	1.000000e+000
5.050326663613135e-008	4.584551e-028	1.000000e+000
5.079623538613135e-008	8.384182e-028	1.000000e+000
5.108920413613135e-008	1.526978e-027	1.000000e+000
5.138217288613135e-008	2.769671e-027	1.000000e+000
5.167514163613135e-008	5.003348e-027	1.000000e+000
5.196811038613135e-008	9.002122e-027	1.000000e+000
5.226107913613135e-008	1.613224e-026	1.000000e+000
5.255404788613135e-008	2.879543e-026	1.000000e+000
5.284701663613135e-008	5.119708e-026	1.000000e+000
5.313998538613135e-008	9.067194e-026	1.000000e+000
5.343295413613136e-008	1.599631e-025	1.000000e+000
5.372592288613136e-008	2.811247e-025	1.000000e+000
5.401889163613136e-008	4.921787e-025	1.000000e+000
5.431186038613136e-008	8.584283e-025	1.000000e+000
5.460482913613136e-008	1.491609e-024	1.000000e+000
5.489779788613136e-008	2.582186e-024	1.000000e+000
5.519076663613136e-008	4.453629e-024	1.000000e+000
5.548373538613136e-008	7.653253e-024	1.000000e+000
5.577670413613136e-008	1.310374e-023	1.000000e+000
5.606967288613136e-008	2.235492e-023	1.000000e+000
5.636264163613136e-008	3.800062e-023	1.000000e+000
5.665561038613136e-008	6.436642e-023	1.000000e+000
5.694857913613136e-008	1.086400e-022	1.000000e+000
5.724154788613136e-008	1.827229e-022	1.000000e+000
5.753451663613136e-008	3.062524e-022	1.000000e+000
5.782748538613136e-008	5.115164e-022	1.000000e+000
5.812045413613136e-008	8.514198e-022	1.000000e+000
5.841342288613136e-008	1.412349e-021	1.000000e+000
5.870639163613136e-008	2.334879e-021	1.000000e+000
5.899936038613136e-008	3.846988e-021	1.000000e+000
5.929232913613137e-008	6.317147e-021	1.000000e+000
5.958529788613137e-008	1.033890e-020	1.000000e+000
5.987826663613137e-008	1.686515e-020	1.000000e+000
6.017123538613136e-008	2.742068e-020	1.000000e+000
6.046420413613135e-008	4.443726e-020	1.000000e+000
6.075717288613135e-008	7.178048e-020	1.000000e+000
6.105014163613134e-008	1.155751e-019	1.000000e+000
6.134311038613134e-008	1.854942e-019	1.000000e+000
6.163607913613133e-008	2.967648e-019	1.000000e+000
6.192904788613132e-008	4.732813e-019	1.000000e+000
6.222201663613132e-008	7.524186e-019	1.000000e+000
6.251498538613131e-008	1.192452e-018	1.000000e+000
6.280795413613131e-008	1.883962e-018	1.000000e+000
6.310092288613130e-008	2.967296e-018	1.000000e+000
6.339389163613129e-008	4.659239e-018	1.000000e+000
6.368686038613129e-008	7.293607e-018	1.000000e+000
6.397982913613128e-008	1.138284e-017	1.000000e+000
6.427279788613127e-008	1.771117e-017	1.000000e+000
6.456576663613127e-008	2.747512e-017	1.000000e+000
6.485873538613126e-008	4.249475e-017	1.000000e+000
6.515170413613126e-008	6.553016e-017	1.000000e+000
6.544467288613125e-008	1.007546e-016	1.000000e+000
6.573764163613124e-008	1.544588e-016	1.000000e+000
6.603061038613124e-008	2.360978e-016	1.000000e+000
6.632357913613123e-008	3.598399e-016	1.000000e+000
6.661654788613123e-008	5.468543e-016	1.000000e+000
6.690951663613122e-008	8.286771e-016	1.000000e+000
6.720248538613121e-008	1.252152e-015	1.000000e+000
6.749545413613121e-008	1.886657e-015	1.000000e+000
6.778842288613120e-008	2.834650e-015	1.000000e+000
6.808139163613120e-008	4.247005e-015	1.000000e+000
6.837436038613119e-008	6.345253e-015	1.000000e+000
6.866732913613118e-008	9.453748e-015	1.000000e+000
6.896029788613118e-008	1.404604e-014	1.000000e+000
6.925326663613117e-008	2.081156e-014	1.000000e+000
6.954623538613116e-008	3.075116e-014	1.000000e+000
6.983920413613116e-008	4.531380e-014	1.000000e+000
7.013217288613115e-008	6.659123e-014	1.000000e+000
7.042514163613115e-008	9.759479e-014	1.000000e+000
7.071811038613114e-008	1.426477e-013	1.000000e+000
7.101107913613113e-008	2.079392e-013	1.000000e+000
7.130404788613113e-008	3.023061e-013	1.000000e+000
7.159701663613112e-008	4.383303e-013	1.000000e+000
7.188998538613112e-008	6.338773e-013	1.000000e+000
7.218295413613111e-008	9.142458e-013	1.000000e+000
7.247592288613110e-008	1.315163e-012	1.000000e+000
7.276889163613110e-008	1.886948e-012	1.000000e+000
7.306186038613109e-008	2.700279e-012	1.000000e+000
7.335482913613109e-008	3.854165e-012	1.000000e+000
7.364779788613108e-008	5.486933e-012	1.000000e+000
7.394076663613107e-008	7.791320e-012	1.000000e+000
7.423373538613107e-008	1.103516e-011	1.000000e+000
7.452670413613106e-008	1.558969e-011	1.000000e+000
7.481967288613105e-008	2.196802e-011	1.000000e+000
7.511264163613105e-008	3.087761e-011	1.000000e+000
7.540561038613104e-008	4.329119e-011	1.000000e+000
7.569857913613104e-008	6.054283e-011	1.000000e+000
7.599154788613103e-008	8.445729e-011	1.000000e+000
7.628451663613102e-008	1.175240e-010	1.000000e+000
7.657748538613102e-008	1.631304e-010	1.000000e+000
7.687045413613101e-008	2.258736e-010	1.000000e+000
7.716342288613101e-008	3.119769e-010	1.000000e+000
7.745639163613100e-008	4.298423e-010	1.000000e+000
7.774936038613099e-008	5.907845e-010	1.000000e+000
7.804232913613099e-008	8.100012e-010	1.000000e+000
7.833529788613098e-008	1.107853e-009	1.000000e+000
7.862826663613098e-008	1.511548e-009	1.000000e+000
7.892123538613097e-008	2.057351e-009	1.000000e+000
7.921420413613096e-008	2.793472e-009	1.000000e+000
7.950717288613096e-008	3.783841e-009	1.000000e+000
7.980014163613095e-008	5.113017e-009	1.000000e+000
8.009311038613094e-008	6.892552e-009	1.000000e+000
8.038607913613094e-008	9.269245e-009	1.000000e+000
8.067904788613093e-008	1.243578e-008	1.000000e+000
8.097201663613093e-008	1.664441e-008	1.000000e+000
8.126498538613092e-008	2.222457e-008	1.000000e+000
8.155795413613091e-008	2.960537e-008	1.000000e+000
8.185092288613091e-008	3.934434e-008	1.000000e+000
8.214389163613090e-008	5.216403e-008	1.000000e+000
8.243686038613090e-008	6.899847e-008	1.000000e+000
8.272982913613089e-008	9.105201e-008	1.000000e+000
8.302279788613088e-008	1.198736e-007	1.000000e+000
8.331576663613088e-008	1.574503e-007	1.000000e+000
8.360873538613087e-008	2.063250e-007	1.000000e+000
8.390170413613086e-008	2.697431e-007	1.000000e+000
8.419467288613086e-008	3.518365e-007	1.000000e+000
8.448764163613085e-008	4.578525e-007	1.000000e+000
8.478061038613085e-008	5.944372e-007	1.000000e+000
8.507357913613084e-008	7.699880e-007	1.000000e+000
8.536654788613083e-008	9.950872e-007	1.000000e+000
8.565951663613083e-008	1.283037e-006	1.000000e+000
8.595248538613082e-008	1.650515e-006	1.000000e+000
8.624545413613082e-008	2.118378e-006	1.000000e+000
8.653842288613081e-008	2.712643e-006	1.000000e+000
8.683139163613080e-008	3.465680e-006	1.000000e+000
8.712436038613080e-008	4.417655e-006	1.000000e+000
8.741732913613079e-008	5.618288e-006	1.000000e+000
8.771029788613079e-008	7.128959e-006	1.000000e+000
8.800326663613078e-008	9.025248e-006	1.000000e+000
8.829623538613077e-008	1.139998e-005	1.000000e+000
8.858920413613077e-008	1.436686e-005	1.000000e+000
8.888217288613076e-008	1.806480e-005	1.000000e+000
8.917514163613075e-008	2.266306e-005	1.000000e+000
8.946811038613075e-008	2.836736e-005	1.000000e+000
8.976107913613074e-008	3.542704e-005	1.000000e+000
9.005404788613074e-008	4.414349e-005	1.000000e+000
9.034701663613073e-008	5.488010e-005	1.000000e+000
9.063998538613072e-008	6.807376e-005	1.000000e+000
9.093295413613072e-008	8.424838e-005	1.000000e+000
9.122592288613071e-008	1.040304e-004	1.000000e+000
9.151889163613071e-008	1.281671e-004	1.000000e+000
9.181186038613070e-008	1.575469e-004	1.000000e+000
9.210482913613069e-008	1.932237e-004	1.000000e+000
9.239779788613069e-008	2.364438e-004	1.000000e+000
9.269076663613068e-008	2.886770e-004	1.000000e+000
9.298373538613068e-008	3.516518e-004	1.000000e+000
9.327670413613067e-008	4.273951e-004	1.000000e+000
9.356967288613066e-008	5.182768e-004	1.000000e+000
9.386264163613066e-008	6.270598e-004	1.000000e+000
9.415561038613065e-008	7.569557e-004	1.000000e+000
9.444857913613064e-008	9.116864e-004	1.000000e+000
9.474154788613064e-008	1.095552e-003	1.000000e+000
9.503451663613063e-008	1.313508e-003	1.000000e+000
9.532748538613063e-008	1.571241e-003	1.000000e+000
9.562045413613062e-008	1.875264e-003	1.000000e+000
9.591342288613061e-008	2.233009e-003	1.000000e+000
9.620639163613061e-008	2.652929e-003	1.000000e+000
9.649936038613060e-008	3.144607e-003	1.000000e+000
9.679232913613060e-008	3.718872e-003	1.000000e+000
9.708529788613059e-008	4.387919e-003	1.000000e+000
9.737826663613058e-008	5.165434e-003	1.000000e+000
9.767123538613058e-008	6.066721e-003	1.000000e+000
9.796420413613057e-008	7.108833e-003	1.000000e+000
9.825717288613057e-008	8.310702e-003	1.000000e+000
9.855014163613056e-008	9.693263e-003	1.000000e+000
9.884311038613055e-008	1.127958e-002	1.000000e+000
9.913607913613055e-008	1.309497e-002	1.000000e+000
9.942904788613054e-008	1.516708e-002	1.000000e+000
9.972201663613053e-008	1.752600e-002	1.000000e+000
1.000149853861305e-007	2.020434e-002	1.000000e+000
1.003079541361305e-007	2.323722e-002	1.000000e+000
1.006009228861305e-007	2.666239e-002	1.000000e+000
1.008938916361305e-007	3.052011e-002	1.000000e+000
1.011868603861305e-007	3.485317e-002	1.000000e+000
1.014798291361305e-007	3.970674e-002	1.000000e+000
1.017727978861305e-007	4.512829e-002	1.000000e+000
1.020657666361305e-007	5.116733e-002	1.000000e+000
1.023587353861305e-007	5.787516e-002	1.000000e+000
1.026517041361305e-007	6.530461e-002	1.000000e+000
1.029446728861305e-007	7.350954e-002	1.000000e+000
1.032376416361305e-007	8.254451e-002	1.000000e+000
1.035306103861305e-007	9.246412e-002	1.000000e+000
1.038235791361305e-007	1.033225e-001	1.000000e+000
1.041165478861304e-007	1.151726e-001	1.000000e+000
1.044095166361304e-007	1.280653e-001	1.000000e+000
1.047024853861304e-007	1.420489e-001	1.000000e+000
1.049954541361304e-007	1.571680e-001	1.000000e+000
1.052884228861304e-007	1.734626e-001	1.000000e+000
1.055813916361304e-007	1.909670e-001	1.000000e+000
1.058743603861304e-007	2.097091e-001	1.000000e+000
1.061673291361304e-007	2.297091e-001	1.000000e+000
1.064602978861304e-007	2.509786e-001	1.000000e+000
1.067532666361304e-007	2.735192e-001	1.000000e+000
1.070462353861304e-007	2.971829e-001	1.000000e+000
1.072070312500000e-007	3.107780e-001	1.000000e+000
1.075000000000000e-007	3.363344e-001	1.000000e+000
1.075292968750000e-007	3.389833e-001	9.960938e-001
1.075878906250000e-007	3.443162e-001	9.882813e-001
1.077050781250000e-007	3.551519e-001	9.726563e-001
1.079394531250000e-007	3.773642e-001	9.414063e-001
1.082324218750000e-007	4.059952e-001	9.023438e-001
1.085253906250000e-007	4.355954e-001	8.632813e-001
1.088183593750000e-007	4.661323e-001	8.242188e-001
1.091113281250000e-007	4.975023e-001	7.851563e-001
1.094042968749999e-007	5.295879e-001	7.460938e-001
1.096972656249999e-007	5.622576e-001	7.070313e-001
1.099902343749999e-007	5.953671e-001	6.679688e-001
1.102832031249999e-007	6.287597e-001	6.289063e-001
1.105761718749999e-007	6.622685e-001	5.898438e-001
1.108691406249999e-007	6.957172e-001	5.507813e-001
1.111621093749999e-007	7.289219e-001	5.117188e-001
1.114550781249999e-007	7.616941e-001	4.726563e-001
1.117480468749999e-007	7.938421e-001	4.335938e-001
1.120410156249999e-007	8.251739e-001	3.945313e-001
1.123339843749999e-007	8.555000e-001	3.554688e-001
1.126269531249999e-007	8.846360e-001	3.164063e-001
1.129199218749999e-007	9.124058e-001	2.773438e-001
1.132128906249999e-007	9.386445e-001	2.382813e-001
1.135058593749999e-007	9.632010e-001	1.992188e-001
1.137988281249999e-007	9.859412e-001	1.601563e-001
1.140917968749999e-007	1.006750e+000	1.210938e-001
1.143847656249998e-007	1.025535e+000	8.203125e-002
1.146777343749998e-007	1.042709e+000	4.296875e-002
1.147070312500000e-007	1.044304e+000	3.906250e-002
1.147656250000003e-007	1.047313e+000	3.125000e-002
1.148828125000009e-007	1.053093e+000	1.562500e-002
1.150000000000000e-007	1.058657e+000	0.000000e+000
1.150002578127844e-007	1.058669e+000	0.000000e+000
1.150007734383531e-007	1.058692e+000	0.000000e+000
1.150194832804173e-007	1.059533e+000	0.000000e+000
1.150381931224816e-007	1.060363e+000	0.000000e+000
1.150569029645458e-007	1.061182e+000	0.000000e+000
1.150756128066101e-007	1.061989e+000	0.000000e+000
1.150943226486743e-007	1.062786e+000	0.000000e+000
1.151130324907386e-007	1.063571e+000	0.000000e+000
1.151317423328028e-007	1.064346e+000	0.000000e+000
1.152637424783900e-007	1.069499e+000	0.000000e+000
1.155277427695643e-007	1.078564e+000	0.000000e+000
1.158207115195643e-007	1.086863e+000	0.000000e+000
1.161136802695643e-007	1.093168e+000	0.000000e+000
1.164066490195643e-007	1.097517e+000	0.000000e+000
1.166996177695643e-007	1.100025e+000	0.000000e+000
1.169925865195643e-007	1.100830e+000	0.000000e+000
1.172855552695643e-007	1.100093e+000	0.000000e+000
1.175785240195643e-007	1.097990e+000	0.000000e+000
1.178714927695643e-007	1.094715e+000	0.000000e+000
1.181644615195643e-007	1.090470e+000	0.000000e+000
1.184574302695643e-007	1.085464e+000	0.000000e+000
1.187503990195643e-007	1.079910e+000	0.000000e+000
1.190433677695643e-007	1.074017e+000	0.000000e+000
1.193363365195642e-007	1.067980e+000	0.000000e+000
1.195568403724631e-007	1.063453e+000	0.000000e+000
1.197858731760939e-007	1.058868e+000	0.000000e+000
1.200092407094832e-007	1.054611e+000	0.000000e+000
1.203022094594832e-007	1.049440e+000	0.000000e+000
1.205951782094833e-007	1.044817e+000	0.000000e+000
1.208881469594833e-007	1.040873e+000	0.000000e+000
1.211811157094833e-007	1.037690e+000	0.000000e+000
1.214740844594833e-007	1.035284e+000	0.000000e+000
1.217164004077901e-007	1.033931e+000	0.000000e+000
1.219602433965891e-007	1.033170e+000	0.000000e+000
1.221778607442507e-007	1.032978e+000	0.000000e+000
1.223975055085249e-007	1.033264e+000	0.000000e+000
1.226512257203564e-007	1.034139e+000	0.000000e+000
1.229441944703564e-007	1.035766e+000	0.000000e+000
1.232371632203564e-007	1.037960e+000	0.000000e+000
1.234999712039623e-007	1.040363e+000	0.000000e+000
1.237794279084125e-007	1.043273e+000	0.000000e+000
1.240328896289623e-007	1.046130e+000	0.000000e+000
1.242551747258652e-007	1.048754e+000	0.000000e+000
1.244811773774969e-007	1.051472e+000	0.000000e+000
1.247065309482763e-007	1.054174e+000	0.000000e+000
1.249237004819252e-007	1.056715e+000	0.000000e+000
1.251811919273605e-007	1.059580e+000	0.000000e+000
1.254741606773605e-007	1.062591e+000	0.000000e+000
1.257428434256801e-007	1.065051e+000	0.000000e+000
1.260167305905386e-007	1.067204e+000	0.000000e+000
1.262567944979469e-007	1.068763e+000	0.000000e+000
1.264881683306270e-007	1.069940e+000	0.000000e+000
1.267213766689014e-007	1.070806e+000	0.000000e+000
1.269414435505039e-007	1.071325e+000	0.000000e+000
1.271649368253698e-007	1.071551e+000	0.000000e+000
1.274015404780660e-007	1.071485e+000	0.000000e+000
1.276360048784550e-007	1.071115e+000	0.000000e+000
1.279289736284550e-007	1.070286e+000	0.000000e+000
1.282219423784550e-007	1.069135e+000	0.000000e+000
1.284657876512292e-007	1.067952e+000	0.000000e+000
1.287125736788527e-007	1.066589e+000	0.000000e+000
1.289377897932354e-007	1.065247e+000	0.000000e+000
1.291622398259936e-007	1.063852e+000	0.000000e+000
1.293886636186844e-007	1.062426e+000	0.000000e+000
1.296297416880948e-007	1.060924e+000	0.000000e+000
1.298498556057716e-007	1.059607e+000	0.000000e+000
1.301279113197763e-007	1.058056e+000	0.000000e+000
1.303952015575503e-007	1.056714e+000	0.000000e+000
1.306507840874101e-007	1.055615e+000	0.000000e+000
1.309383160057494e-007	1.054605e+000	0.000000e+000
1.311753667370793e-007	1.053969e+000	0.000000e+000
1.314161031535399e-007	1.053523e+000	0.000000e+000
1.316397714722017e-007	1.053285e+000	0.000000e+000
1.318666519480743e-007	1.053214e+000	0.000000e+000
1.320897813556251e-007	1.053300e+000	0.000000e+000
1.323102626315480e-007	1.053532e+000	0.000000e+000
1.325649141148729e-007	1.053960e+000	0.000000e+000
1.328496314335778e-007	1.054594e+000	0.000000e+000
1.330912068000672e-007	1.055240e+000	0.000000e+000
1.333436000513487e-007	1.055997e+000	0.000000e+000
1.335782429269238e-007	1.056747e+000	0.000000e+000
1.338026307095253e-007	1.057482e+000	0.000000e+000
1.340315555254110e-007	1.058229e+000	0.000000e+000
1.342719303971430e-007	1.058987e+000	0.000000e+000
1.344947022825644e-007	1.059646e+000	0.000000e+000
1.347335200160045e-007	1.060290e+000	0.000000e+000
1.349604831379560e-007	1.060828e+000	0.000000e+000
1.351979925579406e-007	1.061300e+000	0.000000e+000
1.354388880556318e-007	1.061673e+000	0.000000e+000
1.357252500449314e-007	1.061983e+000	0.000000e+000
1.359632872298027e-007	1.062129e+000	0.000000e+000
1.362045512258400e-007	1.062166e+000	0.000000e+000
1.364304834442948e-007	1.062108e+000	0.000000e+000
1.366592077953885e-007	1.061963e+000	0.000000e+000
1.368913093342057e-007	1.061739e+000	0.000000e+000
1.371136354482485e-007	1.061459e+000	0.000000e+000
1.373609344483878e-007	1.061088e+000	0.000000e+000
1.376043390556512e-007	1.060677e+000	0.000000e+000
1.378383016863106e-007	1.060251e+000	0.000000e+000
1.380956892765961e-007	1.059763e+000	0.000000e+000
1.383296100959685e-007	1.059316e+000	0.000000e+000
1.385544652400893e-007	1.058893e+000	0.000000e+000
1.387840050246817e-007	1.058481e+000	0.000000e+000
1.390238367040160e-007	1.058079e+000	0.000000e+000
1.392539495522359e-007	1.057728e+000	0.000000e+000
1.394799127710624e-007	1.057423e+000	0.000000e+000
1.397088117940634e-007	1.057160e+000	0.000000e+000
1.399601917741067e-007	1.056925e+000	0.000000e+000
1.401981965792884e-007	1.056757e+000	0.000000e+000
1.404714579118249e-007	1.056628e+000	0.000000e+000
1.407070855664314e-007	1.056569e+000	0.000000e+000
1.409464781232837e-007	1.056559e+000	0.000000e+000
1.411738781662181e-007	1.056592e+000	0.000000e+000
1.414089457905322e-007	1.056664e+000	0.000000e+000
1.416343882253014e-007	1.056765e+000	0.000000e+000
1.418618541522234e-007	1.056894e+000	0.000000e+000
1.420839535384827e-007	1.057042e+000	0.000000e+000
1.423259113160504e-007	1.057221e+000	0.000000e+000
1.425829255787369e-007	1.057425e+000	0.000000e+000
1.428427235485635e-007	1.057639e+000	0.000000e+000
1.430791801762208e-007	1.057835e+000	0.000000e+000
1.433071415628799e-007	1.058019e+000	0.000000e+000
1.435376493483884e-007	1.058197e+000	0.000000e+000
1.437721815963442e-007	1.058364e+000	0.000000e+000
1.440171633177000e-007	1.058521e+000	0.000000e+000
1.442424466631674e-007	1.058646e+000	0.000000e+000
1.444770654088264e-007	1.058752e+000	0.000000e+000
1.446989571375538e-007	1.058828e+000	0.000000e+000
1.449387364261583e-007	1.058881e+000	0.000000e+000
1.451904532272816e-007	1.058904e+000	0.000000e+000
1.454217450583252e-007	1.058893e+000	0.000000e+000
1.456577108297022e-007	1.058849e+000	0.000000e+000
1.459130883422873e-007	1.058765e+000	0.000000e+000
1.461537945149719e-007	1.058654e+000	0.000000e+000
1.463846582994424e-007	1.058518e+000	0.000000e+000
1.466071242070747e-007	1.058362e+000	0.000000e+000
1.468316407197065e-007	1.058182e+000	0.000000e+000
1.470696751940243e-007	1.057971e+000	0.000000e+000
1.473049364149127e-007	1.057747e+000	0.000000e+000
1.475364129005835e-007	1.057515e+000	0.000000e+000
1.477708708908996e-007	1.057275e+000	0.000000e+000
1.480007884145074e-007	1.057041e+000	0.000000e+000
1.482488156907957e-007	1.056796e+000	0.000000e+000
1.484770367545188e-007	1.056583e+000	0.000000e+000
1.486988361383518e-007	1.056395e+000	0.000000e+000
1.489250683586656e-007	1.056226e+000	0.000000e+000
1.491477833768118e-007	1.056087e+000	0.000000e+000
1.493820981386679e-007	1.055977e+000	0.000000e+000
1.496373928113734e-007	1.055899e+000	0.000000e+000
1.498723842895482e-007	1.055869e+000	0.000000e+000
1.501036331912833e-007	1.055882e+000	0.000000e+000
1.503375388517961e-007	1.055936e+000	0.000000e+000
1.505684018280322e-007	1.056027e+000	0.000000e+000
1.507929500728947e-007	1.056150e+000	0.000000e+000
1.510223979489395e-007	1.056306e+000	0.000000e+000
1.512468106765327e-007	1.056481e+000	0.000000e+000
1.514748801169412e-007	1.056677e+000	0.000000e+000
1.517132351634108e-007	1.056891e+000	0.000000e+000
1.519503681036794e-007	1.057105e+000	0.000000e+000
1.522039254248260e-007	1.057324e+000	0.000000e+000
1.524372479341883e-007	1.057507e+000	0.000000e+000
1.526944793470929e-007	1.057677e+000	0.000000e+000
1.529420959524127e-007	1.057801e+000	0.000000e+000
1.531756605400756e-007	1.057876e+000	0.000000e+000
1.533994318240333e-007	1.057902e+000	0.000000e+000
1.536279560843187e-007	1.057880e+000	0.000000e+000
1.538657979488341e-007	1.057806e+000	0.000000e+000
1.540983132675268e-007	1.057681e+000	0.000000e+000
1.543363338152443e-007	1.057505e+000	0.000000e+000
1.545705802424831e-007	1.057288e+000	0.000000e+000
1.548119433319376e-007	1.057026e+000	0.000000e+000
1.550605094221646e-007	1.056726e+000	0.000000e+000
1.552921366299518e-007	1.056430e+000	0.000000e+000
1.555166012870305e-007	1.056136e+000	0.000000e+000
1.557459881071394e-007	1.055842e+000	0.000000e+000
1.559848891083539e-007	1.055552e+000	0.000000e+000
1.562145527799020e-007	1.055299e+000	0.000000e+000
1.564435910423703e-007	1.055083e+000	0.000000e+000
1.566786447344772e-007	1.054908e+000	0.000000e+000
1.569207368391852e-007	1.054783e+000	0.000000e+000
1.571590284108518e-007	1.054718e+000	0.000000e+000
1.573922422260870e-007	1.054714e+000	0.000000e+000
1.576185692694483e-007	1.054766e+000	0.000000e+000
1.578497819833284e-007	1.054874e+000	0.000000e+000
1.580795661806213e-007	1.055030e+000	0.000000e+000
1.583268888224381e-007	1.055242e+000	0.000000e+000
1.585529336903724e-007	1.055467e+000	0.000000e+000
1.587770255336032e-007	1.055711e+000	0.000000e+000
1.590174302915428e-007	1.055981e+000	0.000000e+000
1.592512196236331e-007	1.056238e+000	0.000000e+000
1.594974202800987e-007	1.056490e+000	0.000000e+000
1.597286224158216e-007	1.056697e+000	0.000000e+000
1.599628804779083e-007	1.056865e+000	0.000000e+000
1.601921781958618e-007	1.056979e+000	0.000000e+000
1.604357167245886e-007	1.057040e+000	0.000000e+000
1.606628220153069e-007	1.057037e+000	0.000000e+000
1.608859232653977e-007	1.056973e+000	0.000000e+000
1.611211601937402e-007	1.056843e+000	0.000000e+000
1.613554472017235e-007	1.056655e+000	0.000000e+000
1.616048657181431e-007	1.056397e+000	0.000000e+000
1.618563140516560e-007	1.056090e+000	0.000000e+000
1.620900926057138e-007	1.055773e+000	0.000000e+000
1.623162388015890e-007	1.055450e+000	0.000000e+000
1.625484185545800e-007	1.055115e+000	0.000000e+000
1.627793820864283e-007	1.054793e+000	0.000000e+000
1.630049547549589e-007	1.054502e+000	0.000000e+000
1.632335554828498e-007	1.054243e+000	0.000000e+000
1.634694008455189e-007	1.054024e+000	0.000000e+000
1.637106752617426e-007	1.053862e+000	0.000000e+000
1.639638067667666e-007	1.053763e+000	0.000000e+000
1.641966040778866e-007	1.053739e+000	0.000000e+000
1.644236098998178e-007	1.053782e+000	0.000000e+000
1.646551865318639e-007	1.053889e+000	0.000000e+000
1.648984968982706e-007	1.054060e+000	0.000000e+000
1.651277027207727e-007	1.054269e+000	0.000000e+000
1.653589982962554e-007	1.054515e+000	0.000000e+000
1.655952725041707e-007	1.054790e+000	0.000000e+000
1.658294050321195e-007	1.055070e+000	0.000000e+000
1.660683403551113e-007	1.055349e+000	0.000000e+000
1.663036862047111e-007	1.055601e+000	0.000000e+000
1.665343281204338e-007	1.055813e+000	0.000000e+000
1.667673978892529e-007	1.055978e+000	0.000000e+000
1.670250784913721e-007	1.056095e+000	0.000000e+000
1.672645184160603e-007	1.056135e+000	0.000000e+000
1.674977816920506e-007	1.056103e+000	0.000000e+000
1.677233635575312e-007	1.056007e+000	0.000000e+000
1.679545724923888e-007	1.055843e+000	0.000000e+000
1.681895551039221e-007	1.055618e+000	0.000000e+000
1.684367447622714e-007	1.055327e+000	0.000000e+000
1.686871049254800e-007	1.054991e+000	0.000000e+000
1.689217915667714e-007	1.054654e+000	0.000000e+000
1.691518697937372e-007	1.054315e+000	0.000000e+000
1.693852157317030e-007	1.053980e+000	0.000000e+000
1.696183657423444e-007	1.053669e+000	0.000000e+000
1.698443188917541e-007	1.053404e+000	0.000000e+000
1.700745332384920e-007	1.053182e+000	0.000000e+000
1.703068144873443e-007	1.053017e+000	0.000000e+000
1.705470920348783e-007	1.052916e+000	0.000000e+000
1.707962730052831e-007	1.052888e+000	0.000000e+000
1.710333492747253e-007	1.052933e+000	0.000000e+000
1.712624671170522e-007	1.053041e+000	0.000000e+000
1.714942370059428e-007	1.053209e+000	0.000000e+000
1.717214255502897e-007	1.053419e+000	0.000000e+000
1.719489625575925e-007	1.053664e+000	0.000000e+000
1.721800917485645e-007	1.053934e+000	0.000000e+000
1.723893907779577e-007	1.054184e+000	0.000000e+000
1.725910843592811e-007	1.054420e+000	0.000000e+000
1.727943371453070e-007	1.054640e+000	0.000000e+000
1.730334749602813e-007	1.054864e+000	0.000000e+000
1.732746773101543e-007	1.055042e+000	0.000000e+000
1.734929775966420e-007	1.055149e+000	0.000000e+000
1.737286174166522e-007	1.055201e+000	0.000000e+000
1.739419878965153e-007	1.055186e+000	0.000000e+000
1.741870703560290e-007	1.055092e+000	0.000000e+000
1.744589607745941e-007	1.054909e+000	0.000000e+000
1.746834062000672e-007	1.054698e+000	0.000000e+000
1.749113968166333e-007	1.054433e+000	0.000000e+000
1.751666829268023e-007	1.054096e+000	0.000000e+000
1.753975365152627e-007	1.053770e+000	0.000000e+000
1.756283391842802e-007	1.053437e+000	0.000000e+000
1.758872982437333e-007	1.053077e+000	0.000000e+000
1.761300594408236e-007	1.052770e+000	0.000000e+000
1.764075364514341e-007	1.052477e+000	0.000000e+000
1.766787809783238e-007	1.052263e+000	0.000000e+000
1.769548361162270e-007	1.052131e+000	0.000000e+000
1.771862065764116e-007	1.052093e+000	0.000000e+000
1.774062819577148e-007	1.052125e+000	0.000000e+000
1.776422355012097e-007	1.052224e+000	0.000000e+000
1.778794958591631e-007	1.052385e+000	0.000000e+000
1.781324027540525e-007	1.052609e+000	0.000000e+000
1.783718346937260e-007	1.052859e+000	0.000000e+000
1.786362652099924e-007	1.053158e+000	0.000000e+000
1.789076034322110e-007	1.053465e+000	0.000000e+000
1.791738109539526e-007	1.053744e+000	0.000000e+000
1.794485234451181e-007	1.053983e+000	0.000000e+000
1.797414921951181e-007	1.054165e+000	0.000000e+000
1.800270947054053e-007	1.054251e+000	0.000000e+000
1.803200634554053e-007	1.054235e+000	0.000000e+000
1.806130322054054e-007	1.054114e+000	0.000000e+000
1.809060009554054e-007	1.053895e+000	0.000000e+000
1.811702996163175e-007	1.053623e+000	0.000000e+000
1.814632683663175e-007	1.053261e+000	0.000000e+000
1.817562371163175e-007	1.052866e+000	0.000000e+000
1.820400623394476e-007	1.052478e+000	0.000000e+000
1.823235565977602e-007	1.052114e+000	0.000000e+000
1.826165253477602e-007	1.051791e+000	0.000000e+000
1.829094940977602e-007	1.051545e+000	0.000000e+000
1.832024628477602e-007	1.051394e+000	0.000000e+000
1.834954315977603e-007	1.051347e+000	0.000000e+000
1.837884003477603e-007	1.051403e+000	0.000000e+000
1.840813690977603e-007	1.051556e+000	0.000000e+000
1.843743378477603e-007	1.051786e+000	0.000000e+000
1.846673065977603e-007	1.052072e+000	0.000000e+000
1.849602753477603e-007	1.052383e+000	0.000000e+000
1.852532440977603e-007	1.052691e+000	0.000000e+000
1.855462128477603e-007	1.052963e+000	0.000000e+000
1.858391815977603e-007	1.053174e+000	0.000000e+000
1.861321503477603e-007	1.053301e+000	0.000000e+000
1.864251190977603e-007	1.053331e+000	0.000000e+000
1.867180878477603e-007	1.053258e+000	0.000000e+000
1.870110565977603e-007	1.053085e+000	0.000000e+000
1.873040253477603e-007	1.052826e+000	0.000000e+000
1.875786709907127e-007	1.052520e+000	0.000000e+000
1.878716397407127e-007	1.052151e+000	0.000000e+000
1.881646084907127e-007	1.051770e+000	0.000000e+000
1.884575772407127e-007	1.051404e+000	0.000000e+000
1.887505459907127e-007	1.051084e+000	0.000000e+000
1.890435147407127e-007	1.050833e+000	0.000000e+000
1.893364834907127e-007	1.050671e+000	0.000000e+000
1.896294522407127e-007	1.050608e+000	0.000000e+000
1.899224209907128e-007	1.050645e+000	0.000000e+000
1.902153897407128e-007	1.050775e+000	0.000000e+000
1.905083584907128e-007	1.050982e+000	0.000000e+000
1.908013272407128e-007	1.051245e+000	0.000000e+000
1.910942959907128e-007	1.051535e+000	0.000000e+000
1.913872647407128e-007	1.051823e+000	0.000000e+000
1.916802334907128e-007	1.052079e+000	0.000000e+000
1.919732022407128e-007	1.052277e+000	0.000000e+000
1.922661709907128e-007	1.052396e+000	0.000000e+000
1.925591397407128e-007	1.052422e+000	0.000000e+000
1.928521084907128e-007	1.052350e+000	0.000000e+000
1.931450772407128e-007	1.052182e+000	0.000000e+000
1.934380459907128e-007	1.051932e+000	0.000000e+000
1.937310147407128e-007	1.051619e+000	0.000000e+000
1.940239834907129e-007	1.051268e+000	0.000000e+000
1.943169522407129e-007	1.050907e+000	0.000000e+000
1.946099209907129e-007	1.050566e+000	0.000000e+000
1.949028897407129e-007	1.050272e+000	0.000000e+000
1.951958584907129e-007	1.050048e+000	0.000000e+000
1.954888272407129e-007	1.049911e+000	0.000000e+000
1.957817959907129e-007	1.049868e+000	0.000000e+000
1.960747647407129e-007	1.049919e+000	0.000000e+000
1.963677334907129e-007	1.050055e+000	0.000000e+000
1.966607022407129e-007	1.050259e+000	0.000000e+000
1.969536709907129e-007	1.050507e+000	0.000000e+000
1.972466397407129e-007	1.050772e+000	0.000000e+000
1.975396084907129e-007	1.051024e+000	0.000000e+000
1.978325772407129e-007	1.051236e+000	0.000000e+000
1.981255459907130e-007	1.051384e+000	0.000000e+000
1.984185147407130e-007	1.051448e+000	0.000000e+000
1.987114834907130e-007	1.051418e+000	0.000000e+000
1.990044522407130e-007	1.051290e+000	0.000000e+000
1.992974209907130e-007	1.051071e+000	0.000000e+000
1.995903897407130e-007	1.050774e+000	0.000000e+000
1.998833584907130e-007	1.050420e+000	0.000000e+000
2.001763272407130e-007	1.050031e+000	0.000000e+000
2.004692959907130e-007	1.049636e+000	0.000000e+000
2.007622647407130e-007	1.049260e+000	0.000000e+000
2.010552334907130e-007	1.048924e+000	0.000000e+000
2.013482022407130e-007	1.048645e+000	0.000000e+000
2.016411709907130e-007	1.048433e+000	0.000000e+000
2.019341397407130e-007	1.048287e+000	0.000000e+000
2.022271084907131e-007	1.048199e+000	0.000000e+000
2.025200772407131e-007	1.048150e+000	0.000000e+000
2.028130459907131e-007	1.048116e+000	0.000000e+000
2.031060147407131e-007	1.048066e+000	0.000000e+000
2.033989834907131e-007	1.047964e+000	0.000000e+000
2.036919522407131e-007	1.047776e+000	0.000000e+000
2.039849209907131e-007	1.047467e+000	0.000000e+000
2.042778897407131e-007	1.047006e+000	0.000000e+000
2.045708584907131e-007	1.046369e+000	0.000000e+000
2.048638272407131e-007	1.045536e+000	0.000000e+000
2.051567959907131e-007	1.044497e+000	0.000000e+000
2.054497647407131e-007	1.043244e+000	0.000000e+000
2.057427334907131e-007	1.041778e+000	0.000000e+000
2.060357022407131e-007	1.040102e+000	0.000000e+000
2.063286709907132e-007	1.038218e+000	0.000000e+000
2.066216397407132e-007	1.036128e+000	0.000000e+000
2.069146084907132e-007	1.033829e+000	0.000000e+000
2.072075772407132e-007	1.031311e+000	0.000000e+000
2.075005459907132e-007	1.028555e+000	0.000000e+000
2.077935147407132e-007	1.025531e+000	0.000000e+000
2.080864834907132e-007	1.022200e+000	0.000000e+000
2.083794522407132e-007	1.018511e+000	0.000000e+000
2.086724209907132e-007	1.014403e+000	0.000000e+000
2.089653897407132e-007	1.009809e+000	0.000000e+000
2.092583584907132e-007	1.004655e+000	0.000000e+000
2.095513272407132e-007	9.988663e-001	0.000000e+000
2.098442959907132e-007	9.923664e-001	0.000000e+000
2.101372647407132e-007	9.850827e-001	0.000000e+000
2.104302334907133e-007	9.769472e-001	0.000000e+000
2.107232022407133e-007	9.678991e-001	0.000000e+000
2.110161709907133e-007	9.578852e-001	0.000000e+000
2.113091397407133e-007	9.468609e-001	0.000000e+000
2.116021084907133e-007	9.347894e-001	0.000000e+000
2.118950772407133e-007	9.216412e-001	0.000000e+000
2.121880459907133e-007	9.073926e-001	0.000000e+000
2.124810147407133e-007	8.920240e-001	0.000000e+000
2.127739834907133e-007	8.755187e-001	0.000000e+000
2.130669522407133e-007	8.578613e-001	0.000000e+000
2.133599209907133e-007	8.390370e-001	0.000000e+000
2.136528897407133e-007	8.190311e-001	0.000000e+000
2.139458584907133e-007	7.978301e-001	0.000000e+000
2.142388272407133e-007	7.754221e-001	0.000000e+000
2.145317959907134e-007	7.517996e-001	0.000000e+000
2.148247647407134e-007	7.269616e-001	0.000000e+000
2.151177334907134e-007	7.009163e-001	0.000000e+000
2.154107022407134e-007	6.736851e-001	0.000000e+000
2.157036709907134e-007	6.453049e-001	0.000000e+000
2.159966397407134e-007	6.158308e-001	0.000000e+000
2.162896084907134e-007	5.853388e-001	0.000000e+000
2.165825772407134e-007	5.539263e-001	0.000000e+000
2.168755459907134e-007	5.217131e-001	0.000000e+000
2.171685147407134e-007	4.888400e-001	0.000000e+000
2.174614834907134e-007	4.554676e-001	0.000000e+000
2.177544522407134e-007	4.217736e-001	0.000000e+000
2.180474209907134e-007	3.879491e-001	0.000000e+000
2.183403897407134e-007	3.541950e-001	0.000000e+000
2.186333584907135e-007	3.207073e-001	0.000000e+000
2.189056157810223e-007	2.900239e-001	0.000000e+000
2.191985845310223e-007	2.576739e-001	0.000000e+000
2.194915532810223e-007	2.261857e-001	0.000000e+000
2.197845220310223e-007	1.957583e-001	0.000000e+000
2.200774907810223e-007	1.665677e-001	0.000000e+000
2.203704595310223e-007	1.387757e-001	0.000000e+000
2.206634282810223e-007	1.125287e-001	0.000000e+000
2.209563970310223e-007	8.795653e-002	0.000000e+000
2.212493657810223e-007	6.517205e-002	0.000000e+000
2.215423345310223e-007	4.427097e-002	0.000000e+000
2.218353032810223e-007	2.533148e-002	0.000000e+000
2.221282720310223e-007	8.413892e-003	0.000000e+000
2.224212407810224e-007	-6.440006e-003	0.000000e+000
2.227142095310224e-007	-1.920784e-002	0.000000e+000
2.230071782810224e-007	-2.988780e-002	0.000000e+000
2.233001470310224e-007	-3.850005e-002	0.000000e+000
2.235931157810224e-007	-4.508806e-002	0.000000e+000
2.238860845310224e-007	-4.971990e-002	0.000000e+000
2.241790532810224e-007	-5.248911e-002	0.000000e+000
2.244720220310224e-007	-5.351499e-002	0.000000e+000
2.247649907810224e-007	-5.294220e-002	0.000000e+000
2.250579595310224e-007	-5.093921e-002	0.000000e+000
2.253509282810224e-007	-4.769590e-002	0.000000e+000
2.256438970310224e-007	-4.341995e-002	0.000000e+000
2.259368657810224e-007	-3.833226e-002	0.000000e+000
2.262298345310224e-007	-3.266151e-002	0.000000e+000
2.265228032810225e-007	-2.663806e-002	0.000000e+000
2.268157720310225e-007	-2.048746e-002	0.000000e+000
2.271087407810225e-007	-1.442400e-002	0.000000e+000
2.274017095310225e-007	-8.644534e-003	0.000000e+000
2.276946782810225e-007	-3.322963e-003	0.000000e+000
2.279876470310225e-007	1.394317e-003	0.000000e+000
2.282806157810225e-007	5.391782e-003	0.000000e+000
2.285735845310225e-007	8.586798e-003	0.000000e+000
2.288665532810225e-007	1.093023e-002	0.000000e+000
2.291595220310225e-007	1.240562e-002	0.000000e+000
2.294524907810225e-007	1.302718e-002	0.000000e+000
2.297454595310225e-007	1.283657e-002	0.000000e+000
2.300384282810225e-007	1.189898e-002	0.000000e+000
2.303313970310225e-007	1.029850e-002	0.000000e+000
2.306243657810226e-007	8.133406e-003	0.000000e+000
2.309173345310226e-007	5.511319e-003	0.000000e+000
2.312103032810226e-007	2.544709e-003	0.000000e+000
2.315032720310226e-007	-6.531752e-004	0.000000e+000
2.317962407810226e-007	-3.971788e-003	0.000000e+000
2.320892095310226e-007	-7.306128e-003	0.000000e+000
2.323821782810226e-007	-1.055895e-002	0.000000e+000
2.326751470310226e-007	-1.364237e-002	0.000000e+000
2.329681157810226e-007	-1.647905e-002	0.000000e+000
2.332610845310226e-007	-1.900295e-002	0.000000e+000
2.335540532810226e-007	-2.115989e-002	0.000000e+000
2.338470220310226e-007	-2.290796e-002	0.000000e+000
2.341399907810226e-007	-2.421784e-002	0.000000e+000
2.344329595310226e-007	-2.507316e-002	0.000000e+000
2.347259282810227e-007	-2.547074e-002	0.000000e+000
2.350188970310227e-007	-2.542080e-002	0.000000e+000
2.353118657810227e-007	-2.494694e-002	0.000000e+000
2.356048345310227e-007	-2.408583e-002	0.000000e+000
2.358978032810227e-007	-2.288653e-002	0.000000e+000
2.361907720310227e-007	-2.140930e-002	0.000000e+000
2.364837407810227e-007	-1.972377e-002	0.000000e+000
2.367767095310227e-007	-1.790664e-002	0.000000e+000
2.370696782810227e-007	-1.603874e-002	0.000000e+000
2.373626470310227e-007	-1.420170e-002	0.000000e+000
2.376556157810227e-007	-1.247428e-002	0.000000e+000
2.379485845310227e-007	-1.092869e-002	0.000000e+000
2.382415532810227e-007	-9.627014e-003	0.000000e+000
2.385345220310227e-007	-8.618069e-003	0.000000e+000
2.388274907810228e-007	-7.934909e-003	0.000000e+000
2.391204595310228e-007	-7.586631e-003	0.000000e+000
2.393903920210202e-007	-7.546013e-003	0.000000e+000
2.395755785970404e-007	-7.682279e-003	0.000000e+000
2.397470549304784e-007	-7.944937e-003	0.000000e+000
2.400176103232399e-007	-8.552799e-003	0.000000e+000
2.403094281091343e-007	-9.401595e-003	0.000000e+000
2.406023968591343e-007	-1.041931e-002	0.000000e+000
2.408953656091343e-007	-1.154190e-002	0.000000e+000
2.411883343591343e-007	-1.270236e-002	0.000000e+000
2.414813031091343e-007	-1.383612e-002	0.000000e+000
2.417742718591343e-007	-1.488518e-002	0.000000e+000
2.420672406091343e-007	-1.580130e-002	0.000000e+000
2.423602093591343e-007	-1.654841e-002	0.000000e+000
2.426531781091343e-007	-1.710397e-002	0.000000e+000
2.429461468591343e-007	-1.745935e-002	0.000000e+000
2.432391156091343e-007	-1.761902e-002	0.000000e+000
2.435320843591344e-007	-1.759899e-002	0.000000e+000
2.438250531091344e-007	-1.742689e-002	0.000000e+000
2.440907401241510e-007	-1.716064e-002	0.000000e+000
2.443837088741511e-007	-1.677849e-002	0.000000e+000
2.446766776241511e-007	-1.634186e-002	0.000000e+000
2.449696463741511e-007	-1.588079e-002	0.000000e+000
2.452626151241511e-007	-1.542337e-002	0.000000e+000
2.455555838741511e-007	-1.499169e-002	0.000000e+000
2.458485526241511e-007	-1.460108e-002	0.000000e+000
2.461415213741511e-007	-1.426012e-002	0.000000e+000
2.464344901241511e-007	-1.397135e-002	0.000000e+000
2.467274588741511e-007	-1.373248e-002	0.000000e+000
2.470204276241511e-007	-1.353804e-002	0.000000e+000
2.473133963741511e-007	-1.338107e-002	0.000000e+000
2.476063651241511e-007	-1.325486e-002	0.000000e+000
2.478993338741511e-007	-1.315429e-002	0.000000e+000
2.481923026241511e-007	-1.307600e-002	0.000000e+000
2.484457443919301e-007	-1.302748e-002	0.000000e+000
2.487205328198503e-007	-1.299788e-002	0.000000e+000
2.489928562203305e-007	-1.299474e-002	0.000000e+000
2.492460648999593e-007	-1.302146e-002	0.000000e+000
2.495155196582445e-007	-1.308600e-002	0.000000e+000
2.497682750500634e-007	-1.318206e-002	0.000000e+000
2.499715228244197e-007	-1.328989e-002	0.000000e+000
2.502194877225213e-007	-1.345853e-002	0.000000e+000
2.504583708640570e-007	-1.365676e-002	0.000000e+000
2.507513396140570e-007	-1.394114e-002	0.000000e+000
2.509942082395546e-007	-1.420313e-002	0.000000e+000
2.511565521907488e-007	-1.439061e-002	0.000000e+000
2.513691422209674e-007	-1.464398e-002	0.000000e+000
2.515778852617979e-007	-1.489169e-002	0.000000e+000
2.518575055756371e-007	-1.520831e-002	0.000000e+000
2.521504743256371e-007	-1.550474e-002	0.000000e+000
2.524434430756371e-007	-1.574440e-002	0.000000e+000
2.527364118256371e-007	-1.590838e-002	0.000000e+000
2.530293805756371e-007	-1.598260e-002	0.000000e+000
2.533223493256371e-007	-1.596547e-002	0.000000e+000
2.535376639210861e-007	-1.588658e-002	0.000000e+000
2.537928004571101e-007	-1.572053e-002	0.000000e+000
2.540437830193385e-007	-1.549585e-002	0.000000e+000
2.542935227297496e-007	-1.521895e-002	0.000000e+000
2.545519067218886e-007	-1.489107e-002	0.000000e+000
2.548387273872359e-007	-1.450045e-002	0.000000e+000
2.551316961372359e-007	-1.409610e-002	0.000000e+000
2.553623670059899e-007	-1.379037e-002	0.000000e+000
2.555899138811413e-007	-1.351826e-002	0.000000e+000
2.558828826311413e-007	-1.322496e-002	0.000000e+000
2.561758513811413e-007	-1.300745e-002	0.000000e+000
2.564688201311413e-007	-1.287596e-002	0.000000e+000
2.567016450251661e-007	-1.284024e-002	0.000000e+000
2.569312823534772e-007	-1.286905e-002	0.000000e+000
2.571642122788371e-007	-1.295775e-002	0.000000e+000
2.574308956199577e-007	-1.311970e-002	0.000000e+000
2.576505120054659e-007	-1.329567e-002	0.000000e+000
2.579075387922875e-007	-1.354077e-002	0.000000e+000
2.581587752594032e-007	-1.380455e-002	0.000000e+000
2.584286801758270e-007	-1.409958e-002	0.000000e+000
2.587216489258270e-007	-1.441459e-002	0.000000e+000
2.589918941557458e-007	-1.468483e-002	0.000000e+000
2.592577634626948e-007	-1.492116e-002	0.000000e+000
2.594451649331828e-007	-1.506156e-002	0.000000e+000
2.596843987229170e-007	-1.520183e-002	0.000000e+000
2.599596056151252e-007	-1.531351e-002	0.000000e+000
2.602502571731082e-007	-1.537278e-002	0.000000e+000
2.605432259231082e-007	-1.537538e-002	0.000000e+000
2.607781572947012e-007	-1.533698e-002	0.000000e+000
2.610025127885942e-007	-1.526645e-002	0.000000e+000
2.612954815385942e-007	-1.513772e-002	0.000000e+000
2.615884502885942e-007	-1.497894e-002	0.000000e+000
2.618774091841865e-007	-1.479964e-002	0.000000e+000
2.621703779341865e-007	-1.460415e-002	0.000000e+000
2.624305943122784e-007	-1.442562e-002	0.000000e+000
2.627061742251412e-007	-1.423746e-002	0.000000e+000
2.629396003804396e-007	-1.408307e-002	0.000000e+000
2.631767478142567e-007	-1.393441e-002	0.000000e+000
2.633930497208765e-007	-1.380870e-002	0.000000e+000
2.636203557849133e-007	-1.368921e-002	0.000000e+000
2.638332274516394e-007	-1.359266e-002	0.000000e+000
2.641261962016394e-007	-1.348662e-002	0.000000e+000
2.644191649516394e-007	-1.341198e-002	0.000000e+000
2.646638787079856e-007	-1.338070e-002	0.000000e+000
2.649289368478577e-007	-1.338221e-002	0.000000e+000
2.651682101656313e-007	-1.341815e-002	0.000000e+000
2.654611789156313e-007	-1.350394e-002	0.000000e+000
2.656560177949706e-007	-1.358582e-002	0.000000e+000
2.658056404937890e-007	-1.366556e-002	0.000000e+000
2.659579358559983e-007	-1.376186e-002	0.000000e+000
2.662070461805591e-007	-1.394268e-002	0.000000e+000
2.664373086749529e-007	-1.413022e-002	0.000000e+000
2.667067910785513e-007	-1.436925e-002	0.000000e+000
2.669997598285513e-007	-1.463880e-002	0.000000e+000
2.672422948795723e-007	-1.485896e-002	0.000000e+000
2.674860629211253e-007	-1.506478e-002	0.000000e+000
2.677479088704745e-007	-1.525604e-002	0.000000e+000
2.680064054918735e-007	-1.540039e-002	0.000000e+000
2.682993742418735e-007	-1.550060e-002	0.000000e+000
2.685479546014956e-007	-1.552217e-002	0.000000e+000
2.688170803411084e-007	-1.547559e-002	0.000000e+000
2.690103730665872e-007	-1.539580e-002	0.000000e+000
2.691942870041669e-007	-1.527561e-002	0.000000e+000
2.694749018254379e-007	-1.502955e-002	0.000000e+000
2.697678705754379e-007	-1.471315e-002	0.000000e+000
2.700608393254379e-007	-1.435008e-002	0.000000e+000
2.703538080754380e-007	-1.396507e-002	0.000000e+000
2.705983590692609e-007	-1.364766e-002	0.000000e+000
2.708467593014600e-007	-1.335142e-002	0.000000e+000
2.711193446886875e-007	-1.307581e-002	0.000000e+000
2.713664796501939e-007	-1.288856e-002	0.000000e+000
2.716213673612897e-007	-1.277818e-002	0.000000e+000
2.719143361112897e-007	-1.276052e-002	0.000000e+000
2.722073048612897e-007	-1.285621e-002	0.000000e+000
2.724497872366821e-007	-1.302384e-002	0.000000e+000
2.726636678618907e-007	-1.323799e-002	0.000000e+000
2.728804395029722e-007	-1.350945e-002	0.000000e+000
2.731530823918588e-007	-1.389986e-002	0.000000e+000
2.733120532150518e-007	-1.414566e-002	0.000000e+000
2.735212388863550e-007	-1.447992e-002	0.000000e+000
2.737171955392477e-007	-1.478677e-002	0.000000e+000
2.739827939848768e-007	-1.517431e-002	0.000000e+000
2.742264946114854e-007	-1.548266e-002	0.000000e+000
2.744702865349741e-007	-1.572443e-002	0.000000e+000
2.747029251461028e-007	-1.587912e-002	0.000000e+000
2.749310803273356e-007	-1.594789e-002	0.000000e+000
2.751592058296531e-007	-1.593267e-002	0.000000e+000
2.753601599297748e-007	-1.584798e-002	0.000000e+000
2.755540041651224e-007	-1.570203e-002	0.000000e+000
2.757599607379762e-007	-1.548490e-002	0.000000e+000
2.759926250365454e-007	-1.517870e-002	0.000000e+000
2.762086312761657e-007	-1.484894e-002	0.000000e+000
2.764417129446175e-007	-1.446033e-002	0.000000e+000
2.766717448440315e-007	-1.406487e-002	0.000000e+000
2.769042579086111e-007	-1.367283e-002	0.000000e+000
2.771084867185417e-007	-1.335184e-002	0.000000e+000
2.773089252282608e-007	-1.307970e-002	0.000000e+000
2.776017010534587e-007	-1.277204e-002	0.000000e+000
2.778869718524973e-007	-1.258769e-002	0.000000e+000
2.781799406024973e-007	-1.254029e-002	0.000000e+000
2.784729093524973e-007	-1.263889e-002	0.000000e+000
2.787658781024973e-007	-1.287237e-002	0.000000e+000
2.790229917339930e-007	-1.317085e-002	0.000000e+000
2.791925062516000e-007	-1.341217e-002	0.000000e+000
2.793722736096105e-007	-1.369947e-002	0.000000e+000
2.796294291288004e-007	-1.413297e-002	0.000000e+000
2.799223978788004e-007	-1.462870e-002	0.000000e+000
2.801304962556674e-007	-1.496048e-002	0.000000e+000
2.803866044443720e-007	-1.531512e-002	0.000000e+000
2.806763493368823e-007	-1.563762e-002	0.000000e+000
2.808633575704624e-007	-1.578462e-002	0.000000e+000
2.810586827155228e-007	-1.586811e-002	0.000000e+000
2.812879614199531e-007	-1.587867e-002	0.000000e+000
2.815773514857839e-007	-1.577067e-002	0.000000e+000
2.818703202357839e-007	-1.553756e-002	0.000000e+000
2.821632889857839e-007	-1.519477e-002	0.000000e+000
2.824562577357839e-007	-1.477393e-002	0.000000e+000
2.827206037486161e-007	-1.435630e-002	0.000000e+000
2.829340445915215e-007	-1.401264e-002	0.000000e+000
2.831432782939142e-007	-1.369257e-002	0.000000e+000
2.834362470439142e-007	-1.329812e-002	0.000000e+000
2.837292157939142e-007	-1.298861e-002	0.000000e+000
2.840221845439142e-007	-1.278189e-002	0.000000e+000
2.842227241637098e-007	-1.271263e-002	0.000000e+000
2.844095030367021e-007	-1.271782e-002	0.000000e+000
2.846902488769520e-007	-1.282750e-002	0.000000e+000
2.849832176269520e-007	-1.303828e-002	0.000000e+000
2.851651999340757e-007	-1.321891e-002	0.000000e+000
2.852893124894800e-007	-1.336592e-002	0.000000e+000
2.854345758226130e-007	-1.355541e-002	0.000000e+000
2.856040351406434e-007	-1.379050e-002	0.000000e+000
2.858279383062358e-007	-1.411123e-002	0.000000e+000
2.860660622647400e-007	-1.444873e-002	0.000000e+000
2.863053842424645e-007	-1.476475e-002	0.000000e+000
2.865792624285513e-007	-1.507974e-002	0.000000e+000
2.868017025818194e-007	-1.528367e-002	0.000000e+000
2.870251397740758e-007	-1.542136e-002	0.000000e+000
2.873181085240758e-007	-1.550195e-002	0.000000e+000
2.876110772740758e-007	-1.547789e-002	0.000000e+000
2.878540584296781e-007	-1.537136e-002	0.000000e+000
2.881196426461140e-007	-1.517681e-002	0.000000e+000
2.883157407747113e-007	-1.499133e-002	0.000000e+000
2.884646021583889e-007	-1.482845e-002	0.000000e+000
2.885786254342301e-007	-1.469386e-002	0.000000e+000
2.886691970826954e-007	-1.458230e-002	0.000000e+000
2.887665583529314e-007	-1.445929e-002	0.000000e+000
2.889156329572346e-007	-1.426884e-002	0.000000e+000
2.890871337095708e-007	-1.405135e-002	0.000000e+000
2.892589389887118e-007	-1.384209e-002	0.000000e+000
2.894966436968235e-007	-1.357534e-002	0.000000e+000
2.897112770610328e-007	-1.336770e-002	0.000000e+000
2.899658683112038e-007	-1.317399e-002	0.000000e+000
2.902009407563884e-007	-1.305173e-002	0.000000e+000
2.904347895776789e-007	-1.299587e-002	0.000000e+000
2.907277583276789e-007	-1.300402e-002	0.000000e+000
2.909129589281059e-007	-1.305490e-002	0.000000e+000
2.911142128067512e-007	-1.315424e-002	0.000000e+000
2.913187397309689e-007	-1.328926e-002	0.000000e+000
2.915220565439613e-007	-1.345183e-002	0.000000e+000
2.917514639290963e-007	-1.365827e-002	0.000000e+000
2.919879273162286e-007	-1.388314e-002	0.000000e+000
2.922480803468110e-007	-1.412999e-002	0.000000e+000
2.924635940900217e-007	-1.432243e-002	0.000000e+000
2.926673065588925e-007	-1.448376e-002	0.000000e+000
2.928742896674894e-007	-1.462018e-002	0.000000e+000
2.930701319570341e-007	-1.471954e-002	0.000000e+000
2.932363250567724e-007	-1.477702e-002	0.000000e+000
2.933933129131635e-007	-1.480235e-002	0.000000e+000
2.936364664475421e-007	-1.479143e-002	0.000000e+000
2.938914799579918e-007	-1.471988e-002	0.000000e+000
2.941844487079918e-007	-1.456832e-002	0.000000e+000
2.943888829925639e-007	-1.441887e-002	0.000000e+000
2.946410769234877e-007	-1.418818e-002	0.000000e+000
2.949294911288588e-007	-1.388605e-002	0.000000e+000
2.952224598788588e-007	-1.355354e-002	0.000000e+000
2.954384679827857e-007	-1.330111e-002	0.000000e+000
2.956616515301369e-007	-1.304352e-002	0.000000e+000
2.958840628721991e-007	-1.280052e-002	0.000000e+000
2.961770316221991e-007	-1.251029e-002	0.000000e+000
2.964558491532388e-007	-1.227336e-002	0.000000e+000
2.967488179032388e-007	-1.207417e-002	0.000000e+000
2.970417866532388e-007	-1.192508e-002	0.000000e+000
2.973004217152935e-007	-1.183490e-002	0.000000e+000
2.975790745117657e-007	-1.177372e-002	0.000000e+000
2.978106346046612e-007	-1.174328e-002	0.000000e+000
2.980191216784496e-007	-1.172618e-002	0.000000e+000
2.982491029529374e-007	-1.170833e-002	0.000000e+000
2.985158651148971e-007	-1.167523e-002	0.000000e+000
2.988088338648971e-007	-1.160744e-002	0.000000e+000
2.991018026148971e-007	-1.148824e-002	0.000000e+000
2.993947713648971e-007	-1.129857e-002	0.000000e+000
2.996877401148971e-007	-1.102275e-002	0.000000e+000
2.999807088648971e-007	-1.067384e-002	0.000000e+000
3.000000000000000e-007	-1.064740e-002	0.000000e+000
