time	V(-1)	V(1)
0.000000000000000e+000	0.000000e+000	0.000000e+000
2.929687488293547e-015	0.000000e+000	3.906250e-007
5.859374976587093e-015	0.000000e+000	7.812500e-007
6.862165151151572e-012	0.000000e+000	9.149554e-004
1.371847092732656e-011	0.000000e+000	1.829129e-003
2.057477670350154e-011	0.000000e+000	2.743304e-003
2.743108247967653e-011	0.000000e+000	3.657478e-003
3.428738825585152e-011	0.000000e+000	4.571652e-003
4.114369403202650e-011	0.000000e+000	5.485826e-003
4.799999980820147e-011	0.000000e+000	6.400000e-003
9.599999961640293e-011	0.000000e+000	1.280000e-002
1.404606014236565e-010	0.000000e+000	1.872808e-002
1.783236865824398e-010	0.000000e+000	2.377649e-002
2.133624804419516e-010	0.000000e+000	2.844833e-002
2.524063542346297e-010	0.000000e+000	3.365418e-002
2.929017788970762e-010	0.000000e+000	3.905357e-002
3.425937548498220e-010	0.000000e+000	4.567917e-002
3.978514655120642e-010	0.000000e+000	5.304686e-002
4.645797710677486e-010	0.000000e+000	6.194397e-002
5.403068812387476e-010	0.000000e+000	7.204092e-002
6.307358062350090e-010	0.000000e+000	8.409811e-002
7.079893803692061e-010	0.000000e+000	9.439858e-002
7.836459236611387e-010	0.000000e+000	1.044861e-001
8.648150319715850e-010	0.000000e+000	1.153087e-001
9.533838991931495e-010	0.000000e+000	1.271179e-001
1.051271808406195e-009	0.000000e+000	1.401696e-001
1.159241009936828e-009	0.000000e+000	1.545655e-001
1.278989387682822e-009	0.000000e+000	1.705319e-001
1.396557812889042e-009	0.000000e+000	1.862077e-001
1.506237046328307e-009	0.000000e+000	2.008316e-001
1.622814105635592e-009	0.000000e+000	2.163752e-001
1.745252821730090e-009	0.000000e+000	2.327004e-001
1.878826092854392e-009	0.000000e+000	2.505102e-001
2.021722797969882e-009	0.000000e+000	2.695630e-001
2.177735489724570e-009	0.000000e+000	2.903647e-001
2.313196995441448e-009	0.000000e+000	3.084263e-001
2.459900481889272e-009	0.000000e+000	3.279867e-001
2.607287994033612e-009	0.000000e+000	3.476384e-001
2.769490394963849e-009	0.000000e+000	3.692654e-001
2.937795246810041e-009	0.000000e+000	3.917060e-001
3.121752783602838e-009	0.000000e+000	4.162337e-001
3.302567426918073e-009	0.000000e+000	4.403423e-001
3.469663158169185e-009	0.000000e+000	4.626217e-001
3.654689521797214e-009	0.000000e+000	4.872919e-001
3.840326689612211e-009	0.000000e+000	5.120435e-001
4.044539681067157e-009	0.000000e+000	5.392720e-001
4.227764994987606e-009	0.000000e+000	5.637020e-001
4.422060863015607e-009	0.000000e+000	5.896081e-001
4.617703286808859e-009	0.000000e+000	6.156937e-001
4.828249794968700e-009	0.000000e+000	6.437666e-001
5.045663481100010e-009	0.000000e+000	6.727551e-001
5.245441075231733e-009	0.000000e+000	6.993921e-001
5.458755053440760e-009	0.000000e+000	7.278340e-001
5.673038340546209e-009	0.000000e+000	7.564051e-001
5.903234374701521e-009	0.000000e+000	7.870979e-001
6.139853745656884e-009	0.000000e+000	8.186471e-001
6.361321752244273e-009	0.000000e+000	8.481762e-001
6.593822328680316e-009	0.000000e+000	8.791763e-001
6.829555108356707e-009	0.000000e+000	9.106073e-001
7.079883430092167e-009	0.000000e+000	9.439844e-001
7.241472718691558e-009	0.000000e+000	9.655297e-001
7.281792218401954e-009	0.000000e+000	9.709056e-001
7.362431217822746e-009	0.000000e+000	9.816575e-001
7.499999999999999e-009	0.000000e+000	1.000000e+000
7.513756878217725e-009	0.000000e+000	1.000000e+000
7.541270634653175e-009	0.000000e+000	1.000000e+000
7.596298147524077e-009	0.000000e+000	1.000000e+000
7.706353173265880e-009	0.000000e+000	1.000000e+000
7.926463224749485e-009	0.000000e+000	1.000000e+000
8.165171580565447e-009	0.000000e+000	1.000000e+000
8.402737421335003e-009	0.000000e+000	1.000000e+000
8.670384792129401e-009	0.000000e+000	1.000000e+000
8.922443892864793e-009	0.000000e+000	1.000000e+000
9.203252571979989e-009	0.000000e+000	1.000000e+000
9.479896087609552e-009	0.000000e+000	1.000000e+000
9.765674830771160e-009	0.000000e+000	1.000000e+000
1.003512079189841e-008	0.000000e+000	1.000000e+000
1.032786309669213e-008	0.000000e+000	1.000000e+000
1.061910649875856e-008	0.000000e+000	1.000000e+000
1.091207524875856e-008	0.000000e+000	1.000000e+000
1.119789959586993e-008	0.000000e+000	1.000000e+000
1.149086834586993e-008	0.000000e+000	1.000000e+000
1.178383709586993e-008	0.000000e+000	1.000000e+000
1.207680584586993e-008	0.000000e+000	1.000000e+000
1.236977459586993e-008	0.000000e+000	1.000000e+000
1.266274334586993e-008	0.000000e+000	1.000000e+000
1.295571209586993e-008	0.000000e+000	1.000000e+000
1.324868084586993e-008	0.000000e+000	1.000000e+000
1.354164959586993e-008	0.000000e+000	1.000000e+000
1.383461834586993e-008	0.000000e+000	1.000000e+000
1.412758709586993e-008	0.000000e+000	1.000000e+000
1.442055584586993e-008	0.000000e+000	1.000000e+000
1.471352459586993e-008	0.000000e+000	1.000000e+000
1.500649334586993e-008	0.000000e+000	1.000000e+000
1.529946209586993e-008	0.000000e+000	1.000000e+000
1.559243084586993e-008	0.000000e+000	1.000000e+000
1.588539959586994e-008	0.000000e+000	1.000000e+000
1.617836834586994e-008	0.000000e+000	1.000000e+000
1.647133709586994e-008	0.000000e+000	1.000000e+000
1.676430584586994e-008	0.000000e+000	1.000000e+000
1.705727459586994e-008	0.000000e+000	1.000000e+000
1.735024334586994e-008	0.000000e+000	1.000000e+000
1.764321209586994e-008	0.000000e+000	1.000000e+000
1.793618084586994e-008	0.000000e+000	1.000000e+000
1.822914959586994e-008	0.000000e+000	1.000000e+000
1.852211834586994e-008	0.000000e+000	1.000000e+000
1.881508709586994e-008	0.000000e+000	1.000000e+000
1.910805584586994e-008	0.000000e+000	1.000000e+000
1.940102459586994e-008	0.000000e+000	1.000000e+000
1.969399334586994e-008	0.000000e+000	1.000000e+000
1.998696209586994e-008	0.000000e+000	1.000000e+000
2.027993084586994e-008	0.000000e+000	1.000000e+000
2.057289959586994e-008	0.000000e+000	1.000000e+000
2.086586834586994e-008	0.000000e+000	1.000000e+000
2.115883709586994e-008	0.000000e+000	1.000000e+000
2.145180584586994e-008	0.000000e+000	1.000000e+000
2.174477459586995e-008	0.000000e+000	1.000000e+000
2.203774334586995e-008	0.000000e+000	1.000000e+000
2.233071209586995e-008	0.000000e+000	1.000000e+000
2.262368084586995e-008	0.000000e+000	1.000000e+000
2.291664959586995e-008	0.000000e+000	1.000000e+000
2.320961834586995e-008	0.000000e+000	1.000000e+000
2.350258709586995e-008	0.000000e+000	1.000000e+000
2.379555584586995e-008	0.000000e+000	1.000000e+000
2.408852459586995e-008	0.000000e+000	1.000000e+000
2.438149334586995e-008	0.000000e+000	1.000000e+000
2.467446209586995e-008	0.000000e+000	1.000000e+000
2.496743084586995e-008	0.000000e+000	1.000000e+000
2.526039959586995e-008	0.000000e+000	1.000000e+000
2.555336834586995e-008	0.000000e+000	1.000000e+000
2.584633709586995e-008	0.000000e+000	1.000000e+000
2.613930584586995e-008	0.000000e+000	1.000000e+000
2.643227459586995e-008	0.000000e+000	1.000000e+000
2.672524334586995e-008	0.000000e+000	1.000000e+000
2.701821209586995e-008	0.000000e+000	1.000000e+000
2.731118084586995e-008	0.000000e+000	1.000000e+000
2.760414959586996e-008	0.000000e+000	1.000000e+000
2.789711834586996e-008	0.000000e+000	1.000000e+000
2.819008709586996e-008	0.000000e+000	1.000000e+000
2.848305584586996e-008	0.000000e+000	1.000000e+000
2.877602459586996e-008	0.000000e+000	1.000000e+000
2.906899334586996e-008	0.000000e+000	1.000000e+000
2.936196209586996e-008	0.000000e+000	1.000000e+000
2.965493084586996e-008	0.000000e+000	1.000000e+000
2.994789959586996e-008	1.401298e-045	1.000000e+000
3.024086834586996e-008	2.802597e-045	1.000000e+000
3.053383709586996e-008	8.407791e-045	1.000000e+000
3.082680584586996e-008	2.101948e-044	1.000000e+000
3.111977459586996e-008	5.885454e-044	1.000000e+000
3.141274334586996e-008	1.555441e-043	1.000000e+000
3.170571209586996e-008	4.091792e-043	1.000000e+000
3.199868084586996e-008	1.070592e-042	1.000000e+000
3.229164959586996e-008	2.777374e-042	1.000000e+000
3.258461834586996e-008	7.146622e-042	1.000000e+000
3.287758709586996e-008	1.823229e-041	1.000000e+000
3.317055584586997e-008	4.614196e-041	1.000000e+000
3.346352459586997e-008	1.158411e-040	1.000000e+000
3.375649334586997e-008	2.885344e-040	1.000000e+000
3.404946209586997e-008	7.130872e-040	1.000000e+000
3.434243084586997e-008	1.748812e-039	1.000000e+000
3.463539959586997e-008	4.256388e-039	1.000000e+000
3.492836834586997e-008	1.028202e-038	1.000000e+000
3.522133709586997e-008	2.465447e-038	1.000000e+000
3.551430584586997e-008	5.868579e-038	1.000000e+000
3.580727459586997e-008	1.386849e-037	1.000000e+000
3.610024334586997e-008	3.254039e-037	1.000000e+000
3.639321209586997e-008	7.581423e-037	1.000000e+000
3.668618084586997e-008	1.754082e-036	1.000000e+000
3.697914959586997e-008	4.030470e-036	1.000000e+000
3.727211834586997e-008	9.198210e-036	1.000000e+000
3.756508709586997e-008	2.085101e-035	1.000000e+000
3.785805584586997e-008	4.695268e-035	1.000000e+000
3.815102459586997e-008	1.050355e-034	1.000000e+000
3.844399334586997e-008	2.334461e-034	1.000000e+000
3.873696209586997e-008	5.155171e-034	1.000000e+000
3.902993084586998e-008	1.131193e-033	1.000000e+000
3.932289959586998e-008	2.466592e-033	1.000000e+000
3.961586834586998e-008	5.345090e-033	1.000000e+000
3.990883709586998e-008	1.151168e-032	1.000000e+000
4.020180584586998e-008	2.464204e-032	1.000000e+000
4.049477459586998e-008	5.243209e-032	1.000000e+000
4.078774334586998e-008	1.108989e-031	1.000000e+000
4.108071209586998e-008	2.331815e-031	1.000000e+000
4.137368084586998e-008	4.874430e-031	1.000000e+000
4.166664959586998e-008	1.013077e-030	1.000000e+000
4.195961834586998e-008	2.093510e-030	1.000000e+000
4.225258709586998e-008	4.301764e-030	1.000000e+000
4.254555584586998e-008	8.789852e-030	1.000000e+000
4.283852459586998e-008	1.786092e-029	1.000000e+000
4.313149334586998e-008	3.609416e-029	1.000000e+000
4.342446209586998e-008	7.254441e-029	1.000000e+000
4.371743084586998e-008	1.450198e-028	1.000000e+000
4.401039959586998e-008	2.883564e-028	1.000000e+000
4.430336834586998e-008	5.703381e-028	1.000000e+000
4.459633709586998e-008	1.122166e-027	1.000000e+000
4.488930584586999e-008	2.196468e-027	1.000000e+000
4.518227459586999e-008	4.277167e-027	1.000000e+000
4.547524334586999e-008	8.286508e-027	1.000000e+000
4.576821209586999e-008	1.597316e-026	1.000000e+000
4.606118084586999e-008	3.063609e-026	1.000000e+000
4.635414959586999e-008	5.846807e-026	1.000000e+000
4.664711834586999e-008	1.110365e-025	1.000000e+000
4.694008709586999e-008	2.098421e-025	1.000000e+000
4.723305584586999e-008	3.946554e-025	1.000000e+000
4.752602459586999e-008	7.386858e-025	1.000000e+000
4.781899334586999e-008	1.376053e-024	1.000000e+000
4.811196209586999e-008	2.551303e-024	1.000000e+000
4.840493084586999e-008	4.708222e-024	1.000000e+000
4.869789959586999e-008	8.648419e-024	1.000000e+000
4.899086834586999e-008	1.581313e-023	1.000000e+000
4.928383709586999e-008	2.878170e-023	1.000000e+000
4.957680584586999e-008	5.214930e-023	1.000000e+000
4.986977459586999e-008	9.406529e-023	1.000000e+000
5.016274334586999e-008	1.689175e-022	1.000000e+000
5.045571209586999e-008	3.019945e-022	1.000000e+000
5.074868084587000e-008	5.375487e-022	1.000000e+000
5.104164959587000e-008	9.526761e-022	1.000000e+000
5.133461834587000e-008	1.681109e-021	1.000000e+000
5.162758709587000e-008	2.953817e-021	1.000000e+000
5.192055584587000e-008	5.167996e-021	1.000000e+000
5.221352459587000e-008	9.003794e-021	1.000000e+000
5.250649334587000e-008	1.562093e-020	1.000000e+000
5.279946209587000e-008	2.698854e-020	1.000000e+000
5.309243084587000e-008	4.643614e-020	1.000000e+000
5.338539959587000e-008	7.957006e-020	1.000000e+000
5.367836834587000e-008	1.357915e-019	1.000000e+000
5.397133709587000e-008	2.308007e-019	1.000000e+000
5.426430584587000e-008	3.907110e-019	1.000000e+000
5.455727459587000e-008	6.587789e-019	1.000000e+000
5.485024334587000e-008	1.106372e-018	1.000000e+000
5.514321209587000e-008	1.850766e-018	1.000000e+000
5.543618084587000e-008	3.083914e-018	1.000000e+000
5.572914959587000e-008	5.118754e-018	1.000000e+000
5.602211834587000e-008	8.463470e-018	1.000000e+000
5.631508709587000e-008	1.394010e-017	1.000000e+000
5.660805584587001e-008	2.287319e-017	1.000000e+000
5.690102459587001e-008	3.738882e-017	1.000000e+000
5.719399334587001e-008	6.088650e-017	1.000000e+000
5.748696209587001e-008	9.878126e-017	1.000000e+000
5.777993084587001e-008	1.596659e-016	1.000000e+000
5.807289959587001e-008	2.571248e-016	1.000000e+000
5.836586834587001e-008	4.125523e-016	1.000000e+000
5.865883709587001e-008	6.595185e-016	1.000000e+000
5.895180584587001e-008	1.050502e-015	1.000000e+000
5.924477459587001e-008	1.667240e-015	1.000000e+000
5.953774334587001e-008	2.636570e-015	1.000000e+000
5.983071209587001e-008	4.154601e-015	1.000000e+000
6.012368084587000e-008	6.523441e-015	1.000000e+000
6.041664959587000e-008	1.020681e-014	1.000000e+000
6.070961834586999e-008	1.591393e-014	1.000000e+000
6.100258709586999e-008	2.472563e-014	1.000000e+000
6.129555584586998e-008	3.828313e-014	1.000000e+000
6.158852459586997e-008	5.906985e-014	1.000000e+000
6.188149334586997e-008	9.083019e-014	1.000000e+000
6.217446209586996e-008	1.391900e-013	1.000000e+000
6.246743084586996e-008	2.125725e-013	1.000000e+000
6.276039959586995e-008	3.235447e-013	1.000000e+000
6.305336834586994e-008	4.907916e-013	1.000000e+000
6.334633709586994e-008	7.419976e-013	1.000000e+000
6.363930584586993e-008	1.118040e-012	1.000000e+000
6.393227459586993e-008	1.679068e-012	1.000000e+000
6.422524334586992e-008	2.513289e-012	1.000000e+000
6.451821209586991e-008	3.749608e-012	1.000000e+000
6.481118084586991e-008	5.575774e-012	1.000000e+000
6.510414959586990e-008	8.264311e-012	1.000000e+000
6.539711834586989e-008	1.220946e-011	1.000000e+000
6.569008709586989e-008	1.797962e-011	1.000000e+000
6.598305584586988e-008	2.639154e-011	1.000000e+000
6.627602459586988e-008	3.861490e-011	1.000000e+000
6.656899334586987e-008	5.631924e-011	1.000000e+000
6.686196209586986e-008	8.187964e-011	1.000000e+000
6.715493084586986e-008	1.186636e-010	1.000000e+000
6.744789959586985e-008	1.714302e-010	1.000000e+000
6.774086834586985e-008	2.468823e-010	1.000000e+000
6.803383709586984e-008	3.544303e-010	1.000000e+000
6.832680584586983e-008	5.072416e-010	1.000000e+000
6.861977459586983e-008	7.236804e-010	1.000000e+000
6.891274334586982e-008	1.029275e-009	1.000000e+000
6.920571209586982e-008	1.459397e-009	1.000000e+000
6.949868084586981e-008	2.062895e-009	1.000000e+000
6.979164959586980e-008	2.907013e-009	1.000000e+000
7.008461834586980e-008	4.084014e-009	1.000000e+000
7.037758709586979e-008	5.720080e-009	1.000000e+000
7.067055584586978e-008	7.987220e-009	1.000000e+000
7.096352459586978e-008	1.111915e-008	1.000000e+000
7.125649334586977e-008	1.543242e-008	1.000000e+000
7.154946209586977e-008	2.135436e-008	1.000000e+000
7.184243084586976e-008	2.946000e-008	1.000000e+000
7.213539959586975e-008	4.052063e-008	1.000000e+000
7.242836834586975e-008	5.556739e-008	1.000000e+000
7.272133709586974e-008	7.597447e-008	1.000000e+000
7.301430584586974e-008	1.035672e-007	1.000000e+000
7.330727459586973e-008	1.407625e-007	1.000000e+000
7.360024334586972e-008	1.907500e-007	1.000000e+000
7.389321209586972e-008	2.577258e-007	1.000000e+000
7.418618084586971e-008	3.471919e-007	1.000000e+000
7.447914959586971e-008	4.663398e-007	1.000000e+000
7.477211834586970e-008	6.245381e-007	1.000000e+000
7.506508709586969e-008	8.339524e-007	1.000000e+000
7.535805584586969e-008	1.110329e-006	1.000000e+000
7.565102459586968e-008	1.473984e-006	1.000000e+000
7.594399334586967e-008	1.951039e-006	1.000000e+000
7.623696209586967e-008	2.574979e-006	1.000000e+000
7.652993084586966e-008	3.388578e-006	1.000000e+000
7.682289959586966e-008	4.446305e-006	1.000000e+000
7.711586834586965e-008	5.817285e-006	1.000000e+000
7.740883709586964e-008	7.588962e-006	1.000000e+000
7.770180584586964e-008	9.871581e-006	1.000000e+000
7.799477459586963e-008	1.280367e-005	1.000000e+000
7.828774334586963e-008	1.655873e-005	1.000000e+000
7.858071209586962e-008	2.135331e-005	1.000000e+000
7.887368084586961e-008	2.745681e-005	1.000000e+000
7.916664959586961e-008	3.520321e-005	1.000000e+000
7.945961834586960e-008	4.500517e-005	1.000000e+000
7.975258709586960e-008	5.737083e-005	1.000000e+000
8.004555584586959e-008	7.292372e-005	1.000000e+000
8.033852459586958e-008	9.242634e-005	1.000000e+000
8.063149334586958e-008	1.168079e-004	1.000000e+000
8.092446209586957e-008	1.471967e-004	1.000000e+000
8.121743084586956e-008	1.849581e-004	1.000000e+000
8.151039959586956e-008	2.317383e-004	1.000000e+000
8.180336834586955e-008	2.895151e-004	1.000000e+000
8.209633709586955e-008	3.606559e-004	1.000000e+000
8.238930584586954e-008	4.479842e-004	1.000000e+000
8.268227459586953e-008	5.548550e-004	1.000000e+000
8.297524334586953e-008	6.852399e-004	1.000000e+000
8.326821209586952e-008	8.438224e-004	1.000000e+000
8.356118084586952e-008	1.036105e-003	1.000000e+000
8.385414959586951e-008	1.268526e-003	1.000000e+000
8.414711834586950e-008	1.548590e-003	1.000000e+000
8.444008709586950e-008	1.885010e-003	1.000000e+000
8.473305584586949e-008	2.287859e-003	1.000000e+000
8.502602459586949e-008	2.768737e-003	1.000000e+000
8.531899334586948e-008	3.340940e-003	1.000000e+000
8.561196209586947e-008	4.019651e-003	1.000000e+000
8.590493084586947e-008	4.822124e-003	1.000000e+000
8.619789959586946e-008	5.767884e-003	1.000000e+000
8.649086834586945e-008	6.878920e-003	1.000000e+000
8.678383709586945e-008	8.179882e-003	1.000000e+000
8.707680584586944e-008	9.698262e-003	1.000000e+000
8.736977459586944e-008	1.146458e-002	1.000000e+000
8.766274334586943e-008	1.351253e-002	1.000000e+000
8.795571209586942e-008	1.587911e-002	1.000000e+000
8.824868084586942e-008	1.860473e-002	1.000000e+000
8.854164959586941e-008	2.173326e-002	1.000000e+000
8.883461834586941e-008	2.531203e-002	1.000000e+000
8.912758709586940e-008	2.939180e-002	1.000000e+000
8.942055584586939e-008	3.402658e-002	1.000000e+000
8.971352459586939e-008	3.927350e-002	1.000000e+000
9.000649334586938e-008	4.519247e-002	1.000000e+000
9.029946209586938e-008	5.184576e-002	1.000000e+000
9.059243084586937e-008	5.929757e-002	1.000000e+000
9.088539959586936e-008	6.761339e-002	1.000000e+000
9.117836834586936e-008	7.685925e-002	1.000000e+000
9.147133709586935e-008	8.710089e-002	1.000000e+000
9.176430584586934e-008	9.840281e-002	1.000000e+000
9.205727459586934e-008	1.108271e-001	1.000000e+000
9.235024334586933e-008	1.244325e-001	1.000000e+000
9.264321209586933e-008	1.392726e-001	1.000000e+000
9.293618084586932e-008	1.553951e-001	1.000000e+000
9.322914959586931e-008	1.728398e-001	1.000000e+000
9.352211834586931e-008	1.916376e-001	1.000000e+000
9.381508709586930e-008	2.118084e-001	1.000000e+000
9.410805584586930e-008	2.333604e-001	1.000000e+000
9.440102459586929e-008	2.562881e-001	1.000000e+000
9.469399334586928e-008	2.805712e-001	1.000000e+000
9.498696209586928e-008	3.061731e-001	1.000000e+000
9.527993084586927e-008	3.330408e-001	1.000000e+000
9.557289959586926e-008	3.611029e-001	1.000000e+000
9.586586834586926e-008	3.902702e-001	1.000000e+000
9.615883709586925e-008	4.204350e-001	1.000000e+000
9.645180584586925e-008	4.514712e-001	1.000000e+000
9.674477459586924e-008	4.832352e-001	1.000000e+000
9.703774334586923e-008	5.155668e-001	1.000000e+000
9.733071209586923e-008	5.482904e-001	1.000000e+000
9.762368084586922e-008	5.812172e-001	1.000000e+000
9.791664959586922e-008	6.141471e-001	1.000000e+000
9.820961834586921e-008	6.468717e-001	1.000000e+000
9.850258709586920e-008	6.791769e-001	1.000000e+000
9.879555584586920e-008	7.108469e-001	1.000000e+000
9.908852459586919e-008	7.416672e-001	1.000000e+000
9.938149334586919e-008	7.714287e-001	1.000000e+000
9.967446209586918e-008	7.999317e-001	1.000000e+000
9.996743084586917e-008	8.269897e-001	1.000000e+000
1.002603995958692e-007	8.524330e-001	1.000000e+000
1.005533683458692e-007	8.761126e-001	1.000000e+000
1.008463370958692e-007	8.979032e-001	1.000000e+000
1.011393058458692e-007	9.177064e-001	1.000000e+000
1.014322745958691e-007	9.354526e-001	1.000000e+000
1.017252433458691e-007	9.511030e-001	1.000000e+000
1.020182120958691e-007	9.646504e-001	1.000000e+000
1.023111808458691e-007	9.761198e-001	1.000000e+000
1.026041495958691e-007	9.855671e-001	1.000000e+000
1.028971183458691e-007	9.930788e-001	1.000000e+000
1.031900870958691e-007	9.987691e-001	1.000000e+000
1.034830558458691e-007	1.002777e+000	1.000000e+000
1.037760245958691e-007	1.005264e+000	1.000000e+000
1.040689933458691e-007	1.006409e+000	1.000000e+000
1.043619620958691e-007	1.006402e+000	1.000000e+000
1.046549308458691e-007	1.005443e+000	1.000000e+000
1.049478995958691e-007	1.003733e+000	1.000000e+000
1.052408683458691e-007	1.001474e+000	1.000000e+000
1.055338370958691e-007	9.988586e-001	1.000000e+000
1.058268058458691e-007	9.960672e-001	1.000000e+000
1.061197745958690e-007	9.932657e-001	1.000000e+000
1.064127433458690e-007	9.906001e-001	1.000000e+000
1.067057120958690e-007	9.881943e-001	1.000000e+000
1.069986808458690e-007	9.861149e-001	1.000000e+000
1.072070312500000e-007	9.849190e-001	1.000000e+000
1.075000000000000e-007	9.835529e-001	1.000000e+000
1.075292968750000e-007	9.834567e-001	9.960938e-001
1.075878906250000e-007	9.832799e-001	9.882813e-001
1.077050781250000e-007	9.830022e-001	9.726563e-001
1.079394531250000e-007	9.826933e-001	9.414063e-001
1.082324218750000e-007	9.827076e-001	9.023438e-001
1.085253906250000e-007	9.831737e-001	8.632813e-001
1.088183593750000e-007	9.840736e-001	8.242188e-001
1.091113281250000e-007	9.853495e-001	7.851563e-001
1.094042968749999e-007	9.869325e-001	7.460938e-001
1.096972656249999e-007	9.887468e-001	7.070313e-001
1.099902343749999e-007	9.907132e-001	6.679688e-001
1.102832031249999e-007	9.927534e-001	6.289063e-001
1.105761718749999e-007	9.947925e-001	5.898438e-001
1.108691406249999e-007	9.967621e-001	5.507813e-001
1.111621093749999e-007	9.986029e-001	5.117188e-001
1.114550781249999e-007	1.000266e+000	4.726563e-001
1.117480468749999e-007	1.001714e+000	4.335938e-001
1.120410156249999e-007	1.002921e+000	3.945313e-001
1.123339843749999e-007	1.003875e+000	3.554688e-001
1.126269531249999e-007	1.004571e+000	3.164063e-001
1.129199218749999e-007	1.005018e+000	2.773438e-001
1.132128906249999e-007	1.005232e+000	2.382813e-001
1.135058593749999e-007	1.005233e+000	1.992188e-001
1.137988281249999e-007	1.005050e+000	1.601563e-001
1.140917968749999e-007	1.004712e+000	1.210938e-001
1.143847656249998e-007	1.004251e+000	8.203125e-002
1.146777343749998e-007	1.003712e+000	4.296875e-002
1.147070312500000e-007	1.003653e+000	3.906250e-002
1.147656250000003e-007	1.003531e+000	3.125000e-002
1.148828125000009e-007	1.003280e+000	1.562500e-002
1.150000000000000e-007	1.003026e+000	0.000000e+000
1.150002578127844e-007	1.003025e+000	0.000000e+000
1.150007734383531e-007	1.003024e+000	0.000000e+000
1.150194832804173e-007	1.002983e+000	0.000000e+000
1.150381931224816e-007	1.002941e+000	0.000000e+000
1.150569029645458e-007	1.002899e+000	0.000000e+000
1.150756128066101e-007	1.002858e+000	0.000000e+000
1.150943226486743e-007	1.002816e+000	0.000000e+000
1.151130324907386e-007	1.002774e+000	0.000000e+000
1.151317423328028e-007	1.002732e+000	0.000000e+000
1.152637424783900e-007	1.002434e+000	0.000000e+000
1.155277427695643e-007	1.001841e+000	0.000000e+000
1.158207115195643e-007	1.001196e+000	0.000000e+000
1.161136802695643e-007	1.000582e+000	0.000000e+000
1.164066490195643e-007	1.000016e+000	0.000000e+000
1.166996177695643e-007	9.995110e-001	0.000000e+000
1.169925865195643e-007	9.990780e-001	0.000000e+000
1.172855552695643e-007	9.987262e-001	0.000000e+000
1.175785240195643e-007	9.984628e-001	0.000000e+000
1.178714927695643e-007	9.982930e-001	0.000000e+000
1.181644615195643e-007	9.982175e-001	0.000000e+000
1.184258751901445e-007	9.982299e-001	0.000000e+000
1.186465313812504e-007	9.983007e-001	0.000000e+000
1.188287735634048e-007	9.984037e-001	0.000000e+000
1.190394322955659e-007	9.985684e-001	0.000000e+000
1.192318028252438e-007	9.987602e-001	0.000000e+000
1.195085780354977e-007	9.990971e-001	0.000000e+000
1.198015467854978e-007	9.995128e-001	0.000000e+000
1.200945155354978e-007	9.999782e-001	0.000000e+000
1.203570205978188e-007	1.000423e+000	0.000000e+000
1.205578473430700e-007	1.000773e+000	0.000000e+000
1.207614040270008e-007	1.001126e+000	0.000000e+000
1.209654674894382e-007	1.001470e+000	0.000000e+000
1.211533194974799e-007	1.001769e+000	0.000000e+000
1.213424075576090e-007	1.002044e+000	0.000000e+000
1.215758291373812e-007	1.002335e+000	0.000000e+000
1.218687978873812e-007	1.002617e+000	0.000000e+000
1.221617666373812e-007	1.002799e+000	0.000000e+000
1.223823378726631e-007	1.002854e+000	0.000000e+000
1.226048851847857e-007	1.002826e+000	0.000000e+000
1.228192449779904e-007	1.002725e+000	0.000000e+000
1.230144684126691e-007	1.002569e+000	0.000000e+000
1.232112794562662e-007	1.002350e+000	0.000000e+000
1.234056746665722e-007	1.002079e+000	0.000000e+000
1.236083574230365e-007	1.001742e+000	0.000000e+000
1.238682959323621e-007	1.001249e+000	0.000000e+000
1.241290552607522e-007	1.000706e+000	0.000000e+000
1.243644726248744e-007	1.000190e+000	0.000000e+000
1.245752358185223e-007	9.997223e-001	0.000000e+000
1.247746214159016e-007	9.992903e-001	0.000000e+000
1.249765795766718e-007	9.988760e-001	0.000000e+000
1.251669160726904e-007	9.985185e-001	0.000000e+000
1.253600521785655e-007	9.981992e-001	0.000000e+000
1.255542355374093e-007	9.979349e-001	0.000000e+000
1.257918423710481e-007	9.976949e-001	0.000000e+000
1.260236321004234e-007	9.975569e-001	0.000000e+000
1.262722306663417e-007	9.975192e-001	0.000000e+000
1.264819854836921e-007	9.975799e-001	0.000000e+000
1.266957472071864e-007	9.977321e-001	0.000000e+000
1.269112376409258e-007	9.979657e-001	0.000000e+000
1.271080661473906e-007	9.982438e-001	0.000000e+000
1.273075798662522e-007	9.985800e-001	0.000000e+000
1.274978294922300e-007	9.989398e-001	0.000000e+000
1.276904735751399e-007	9.993321e-001	0.000000e+000
1.279235047187253e-007	9.998232e-001	0.000000e+000
1.281401780770168e-007	1.000276e+000	0.000000e+000
1.283766455879116e-007	1.000746e+000	0.000000e+000
1.285899805059855e-007	1.001128e+000	0.000000e+000
1.287863074804875e-007	1.001429e+000	0.000000e+000
1.289860789581637e-007	1.001672e+000	0.000000e+000
1.291871200229525e-007	1.001844e+000	0.000000e+000
1.293797947754080e-007	1.001933e+000	0.000000e+000
1.295759659708999e-007	1.001940e+000	0.000000e+000
1.297884168130479e-007	1.001856e+000	0.000000e+000
1.299911816949121e-007	1.001685e+000	0.000000e+000
1.302137760007900e-007	1.001399e+000	0.000000e+000
1.304743476313478e-007	1.000962e+000	0.000000e+000
1.306851866842610e-007	1.000538e+000	0.000000e+000
1.308994522241767e-007	1.000054e+000	0.000000e+000
1.311302312434956e-007	9.995015e-001	0.000000e+000
1.313439088060876e-007	9.989803e-001	0.000000e+000
1.315459024939441e-007	9.984987e-001	0.000000e+000
1.317526613362916e-007	9.980350e-001	0.000000e+000
1.319457691131241e-007	9.976459e-001	0.000000e+000
1.321599757742426e-007	9.972811e-001	0.000000e+000
1.323858395233205e-007	9.969822e-001	0.000000e+000
1.325971188410646e-007	9.967957e-001	0.000000e+000
1.328133666149629e-007	9.967057e-001	0.000000e+000
1.330125398159464e-007	9.967161e-001	0.000000e+000
1.332170232774481e-007	9.968207e-001	0.000000e+000
1.334244435561762e-007	9.970164e-001	0.000000e+000
1.336412825388419e-007	9.973052e-001	0.000000e+000
1.338380589863698e-007	9.976319e-001	0.000000e+000
1.340487690491374e-007	9.980351e-001	0.000000e+000
1.342463025990102e-007	9.984454e-001	0.000000e+000
1.344627359364840e-007	9.989103e-001	0.000000e+000
1.347125368071542e-007	9.994386e-001	0.000000e+000
1.349223085264675e-007	9.998528e-001	0.000000e+000
1.351340592654760e-007	1.000221e+000	0.000000e+000
1.353330631167329e-007	1.000507e+000	0.000000e+000
1.355346202769690e-007	1.000722e+000	0.000000e+000
1.357346324493171e-007	1.000852e+000	0.000000e+000
1.359424423645659e-007	1.000894e+000	0.000000e+000
1.361374357871406e-007	1.000841e+000	0.000000e+000
1.363665050347401e-007	1.000670e+000	0.000000e+000
1.365755417205060e-007	1.000421e+000	0.000000e+000
1.367890449547054e-007	1.000080e+000	0.000000e+000
1.369953073763094e-007	9.996840e-001	0.000000e+000
1.371929146698116e-007	9.992563e-001	0.000000e+000
1.373957833963544e-007	9.987858e-001	0.000000e+000
1.376121619921302e-007	9.982715e-001	0.000000e+000
1.378242352583070e-007	9.977760e-001	0.000000e+000
1.380237518144067e-007	9.973375e-001	0.000000e+000
1.382319634971710e-007	9.969272e-001	0.000000e+000
1.384307846741615e-007	9.965969e-001	0.000000e+000
1.386435204306481e-007	9.963269e-001	0.000000e+000
1.388783675768407e-007	9.961331e-001	0.000000e+000
1.390849406363096e-007	9.960617e-001	0.000000e+000
1.392941986199428e-007	9.960904e-001	0.000000e+000
1.394943404772920e-007	9.962083e-001	0.000000e+000
1.396986392987146e-007	9.964133e-001	0.000000e+000
1.398974599190557e-007	9.966851e-001	0.000000e+000
1.401133694165226e-007	9.970442e-001	0.000000e+000
1.403084909930595e-007	9.974105e-001	0.000000e+000
1.405319478158582e-007	9.978579e-001	0.000000e+000
1.407369650754862e-007	9.982718e-001	0.000000e+000
1.409612877574714e-007	9.987060e-001	0.000000e+000
1.411654318465404e-007	9.990641e-001	0.000000e+000
1.413647436063604e-007	9.993605e-001	0.000000e+000
1.415666781370101e-007	9.995923e-001	0.000000e+000
1.417785094422979e-007	9.997503e-001	0.000000e+000
1.419929728426619e-007	9.998158e-001	0.000000e+000
1.421922907951103e-007	9.997835e-001	0.000000e+000
1.424080679875123e-007	9.996504e-001	0.000000e+000
1.426034037036107e-007	9.994460e-001	0.000000e+000
1.428165286150265e-007	9.991387e-001	0.000000e+000
1.430424816821300e-007	9.987396e-001	0.000000e+000
1.432462627084324e-007	9.983293e-001	0.000000e+000
1.434540175739764e-007	9.978794e-001	0.000000e+000
1.436546020688822e-007	9.974351e-001	0.000000e+000
1.438639579616403e-007	9.969814e-001	0.000000e+000
1.440629135758748e-007	9.965779e-001	0.000000e+000
1.442575892831879e-007	9.962265e-001	0.000000e+000
1.444546885025758e-007	9.959300e-001	0.000000e+000
1.446656311736481e-007	9.956899e-001	0.000000e+000
1.448781239395895e-007	9.955365e-001	0.000000e+000
1.450823167727515e-007	9.954804e-001	0.000000e+000
1.452895702238560e-007	9.955186e-001	0.000000e+000
1.455153235600477e-007	9.956585e-001	0.000000e+000
1.457189381163367e-007	9.958652e-001	0.000000e+000
1.459242102792365e-007	9.961421e-001	0.000000e+000
1.461215036753366e-007	9.964576e-001	0.000000e+000
1.463215458490108e-007	9.968107e-001	0.000000e+000
1.465165771955350e-007	9.971699e-001	0.000000e+000
1.467265172190188e-007	9.975523e-001	0.000000e+000
1.469543842336261e-007	9.979404e-001	0.000000e+000
1.471622130905732e-007	9.982504e-001	0.000000e+000
1.473641786345878e-007	9.984926e-001	0.000000e+000
1.475689062941380e-007	9.986656e-001	0.000000e+000
1.477801084538521e-007	9.987603e-001	0.000000e+000
1.479795190323912e-007	9.987654e-001	0.000000e+000
1.481818830579601e-007	9.986856e-001	0.000000e+000
1.483689179322614e-007	9.985380e-001	0.000000e+000
1.485568566886948e-007	9.983206e-001	0.000000e+000
1.487674018771641e-007	9.980104e-001	0.000000e+000
1.489655830945972e-007	9.976666e-001	0.000000e+000
1.491919163535331e-007	9.972315e-001	0.000000e+000
1.493960695068270e-007	9.968209e-001	0.000000e+000
1.496175411252437e-007	9.963774e-001	0.000000e+000
1.498361211414807e-007	9.959641e-001	0.000000e+000
1.500403938584219e-007	9.956185e-001	0.000000e+000
1.502363122869519e-007	9.953406e-001	0.000000e+000
1.504363486386194e-007	9.951239e-001	0.000000e+000
1.506487762949515e-007	9.949744e-001	0.000000e+000
1.508511496002745e-007	9.949157e-001	0.000000e+000
1.510661226464566e-007	9.949439e-001	0.000000e+000
1.512719438975848e-007	9.950543e-001	0.000000e+000
1.514877569006245e-007	9.952507e-001	0.000000e+000
1.517052675225746e-007	9.955161e-001	0.000000e+000
1.519100013277787e-007	9.958138e-001	0.000000e+000
1.521062418543035e-007	9.961280e-001	0.000000e+000
1.523074577005121e-007	9.964615e-001	0.000000e+000
1.525059542675042e-007	9.967839e-001	0.000000e+000
1.527072697500274e-007	9.970870e-001	0.000000e+000
1.529074890596324e-007	9.973482e-001	0.000000e+000
1.531145160855851e-007	9.975609e-001	0.000000e+000
1.533291094292147e-007	9.977084e-001	0.000000e+000
1.535389737680113e-007	9.977736e-001	0.000000e+000
1.537335374171214e-007	9.977574e-001	0.000000e+000
1.539303460233599e-007	9.976647e-001	0.000000e+000
1.541306544725546e-007	9.974970e-001	0.000000e+000
1.543372740574127e-007	9.972545e-001	0.000000e+000
1.545511723768808e-007	9.969432e-001	0.000000e+000
1.547516584566407e-007	9.966091e-001	0.000000e+000
1.549432608731411e-007	9.962649e-001	0.000000e+000
1.551363002160918e-007	9.959099e-001	0.000000e+000
1.553570035921573e-007	9.955143e-001	0.000000e+000
1.555743919034607e-007	9.951541e-001	0.000000e+000
1.557826939769743e-007	9.948537e-001	0.000000e+000
1.559752690377877e-007	9.946293e-001	0.000000e+000
1.561703662596690e-007	9.944657e-001	0.000000e+000
1.563812183812590e-007	9.943653e-001	0.000000e+000
1.565920372361727e-007	9.943455e-001	0.000000e+000
1.567972089088260e-007	9.944038e-001	0.000000e+000
1.569935710519504e-007	9.945292e-001	0.000000e+000
1.572087442955910e-007	9.947330e-001	0.000000e+000
1.574184693694847e-007	9.949841e-001	0.000000e+000
1.576341710934784e-007	9.952809e-001	0.000000e+000
1.578667482793014e-007	9.956205e-001	0.000000e+000
1.581112873325673e-007	9.959725e-001	0.000000e+000
1.583578283547480e-007	9.962941e-001	0.000000e+000
1.585991044343882e-007	9.965534e-001	0.000000e+000
1.588110984642221e-007	9.967203e-001	0.000000e+000
1.589865310577597e-007	9.968007e-001	0.000000e+000
1.591916372682029e-007	9.968246e-001	0.000000e+000
1.593880486405688e-007	9.967785e-001	0.000000e+000
1.595949267168743e-007	9.966552e-001	0.000000e+000
1.598174659033670e-007	9.964471e-001	0.000000e+000
1.600385013863485e-007	9.961734e-001	0.000000e+000
1.602888481930954e-007	9.958040e-001	0.000000e+000
1.605383439978566e-007	9.954007e-001	0.000000e+000
1.608011707166472e-007	9.949701e-001	0.000000e+000
1.610844320363237e-007	9.945394e-001	0.000000e+000
1.613774007863237e-007	9.941683e-001	0.000000e+000
1.616572648310052e-007	9.939150e-001	0.000000e+000
1.619201359093246e-007	9.937894e-001	0.000000e+000
1.621812161125099e-007	9.937773e-001	0.000000e+000
1.624061712653153e-007	9.938593e-001	0.000000e+000
1.626596139313990e-007	9.940433e-001	0.000000e+000
1.629050375172270e-007	9.942927e-001	0.000000e+000
1.631980062672270e-007	9.946489e-001	0.000000e+000
1.634806019086961e-007	9.950116e-001	0.000000e+000
1.637735706586961e-007	9.953650e-001	0.000000e+000
1.640665394086961e-007	9.956523e-001	0.000000e+000
1.643595081586961e-007	9.958533e-001	0.000000e+000
1.645151003692515e-007	9.959089e-001	0.000000e+000
1.646949938918362e-007	9.959157e-001	0.000000e+000
1.648735354142097e-007	9.958639e-001	0.000000e+000
1.651635360497587e-007	9.956747e-001	0.000000e+000
1.654565047997587e-007	9.953810e-001	0.000000e+000
1.657494735497588e-007	9.950012e-001	0.000000e+000
1.660380773455088e-007	9.945803e-001	0.000000e+000
1.663096287674182e-007	9.941803e-001	0.000000e+000
1.666025975174182e-007	9.937872e-001	0.000000e+000
1.668955662674182e-007	9.934714e-001	0.000000e+000
1.671885350174182e-007	9.932638e-001	0.000000e+000
1.674815037674182e-007	9.931826e-001	0.000000e+000
1.677744725174183e-007	9.932310e-001	0.000000e+000
1.680674412674183e-007	9.933942e-001	0.000000e+000
1.683128741346866e-007	9.936041e-001	0.000000e+000
1.685045555728831e-007	9.938058e-001	0.000000e+000
1.687221339825286e-007	9.940562e-001	0.000000e+000
1.689201290281624e-007	9.942854e-001	0.000000e+000
1.691788502969145e-007	9.945638e-001	0.000000e+000
1.694368888535444e-007	9.947926e-001	0.000000e+000
1.697252525403407e-007	9.949626e-001	0.000000e+000
1.700182212903407e-007	9.950246e-001	0.000000e+000
1.703111900403407e-007	9.949629e-001	0.000000e+000
1.706041587903407e-007	9.947811e-001	0.000000e+000
1.708971275403407e-007	9.944977e-001	0.000000e+000
1.711736235090058e-007	9.941616e-001	0.000000e+000
1.714627071106801e-007	9.937746e-001	0.000000e+000
1.717556758606801e-007	9.933864e-001	0.000000e+000
1.720405463143088e-007	9.930514e-001	0.000000e+000
1.723335150643088e-007	9.927850e-001	0.000000e+000
1.726264838143088e-007	9.926224e-001	0.000000e+000
1.729194525643089e-007	9.925773e-001	0.000000e+000
1.732124213143089e-007	9.926490e-001	0.000000e+000
1.735053900643089e-007	9.928231e-001	0.000000e+000
1.737983588143089e-007	9.930734e-001	0.000000e+000
1.740913275643089e-007	9.933649e-001	0.000000e+000
1.743700977029267e-007	9.936444e-001	0.000000e+000
1.746630664529267e-007	9.939051e-001	0.000000e+000
1.749081536883696e-007	9.940735e-001	0.000000e+000
1.751222257235624e-007	9.941652e-001	0.000000e+000
1.753332235112342e-007	9.941908e-001	0.000000e+000
1.756245325547495e-007	9.941273e-001	0.000000e+000
1.759175013047495e-007	9.939614e-001	0.000000e+000
1.762104700547495e-007	9.937017e-001	0.000000e+000
1.765034388047495e-007	9.933753e-001	0.000000e+000
1.767964075547495e-007	9.930172e-001	0.000000e+000
1.770893763047495e-007	9.926658e-001	0.000000e+000
1.773823450547495e-007	9.923584e-001	0.000000e+000
1.776753138047495e-007	9.921266e-001	0.000000e+000
1.779682825547495e-007	9.919928e-001	0.000000e+000
1.782612513047495e-007	9.919671e-001	0.000000e+000
1.785542200547495e-007	9.920460e-001	0.000000e+000
1.788342313420379e-007	9.922062e-001	0.000000e+000
1.791145006774586e-007	9.924274e-001	0.000000e+000
1.794074694274586e-007	9.926898e-001	0.000000e+000
1.797004381774586e-007	9.929478e-001	0.000000e+000
1.799934069274586e-007	9.931657e-001	0.000000e+000
1.802863756774586e-007	9.933127e-001	0.000000e+000
1.805793444274586e-007	9.933668e-001	0.000000e+000
1.808723131774587e-007	9.933176e-001	0.000000e+000
1.811652819274587e-007	9.931673e-001	0.000000e+000
1.814582506774587e-007	9.929303e-001	0.000000e+000
1.817512194274587e-007	9.926317e-001	0.000000e+000
1.820441881774587e-007	9.923037e-001	0.000000e+000
1.823371569274587e-007	9.919819e-001	0.000000e+000
1.826301256774587e-007	9.917008e-001	0.000000e+000
1.829230944274587e-007	9.914891e-001	0.000000e+000
1.832113470730752e-007	9.913690e-001	0.000000e+000
1.835043158230752e-007	9.913458e-001	0.000000e+000
1.837972845730752e-007	9.914181e-001	0.000000e+000
1.840902533230752e-007	9.915714e-001	0.000000e+000
1.843832220730752e-007	9.917809e-001	0.000000e+000
1.846761908230752e-007	9.920151e-001	0.000000e+000
1.849691595730752e-007	9.922423e-001	0.000000e+000
1.852026222081931e-007	9.923947e-001	0.000000e+000
1.854557011717128e-007	9.925083e-001	0.000000e+000
1.857337248186873e-007	9.925591e-001	0.000000e+000
1.860266935686873e-007	9.925215e-001	0.000000e+000
1.863196623186873e-007	9.923900e-001	0.000000e+000
1.866126310686873e-007	9.921749e-001	0.000000e+000
1.869055998186873e-007	9.918981e-001	0.000000e+000
1.871643717814957e-007	9.916231e-001	0.000000e+000
1.873803930235293e-007	9.913874e-001	0.000000e+000
1.875954896434024e-007	9.911640e-001	0.000000e+000
1.878536769689747e-007	9.909297e-001	0.000000e+000
1.881466457189747e-007	9.907207e-001	0.000000e+000
1.883962894248996e-007	9.906043e-001	0.000000e+000
1.886663520446227e-007	9.905504e-001	0.000000e+000
1.889308147942127e-007	9.905642e-001	0.000000e+000
1.892237835442127e-007	9.906424e-001	0.000000e+000
1.895167522942127e-007	9.907610e-001	0.000000e+000
1.898097210442127e-007	9.908907e-001	0.000000e+000
1.901026897942127e-007	9.909996e-001	0.000000e+000
1.903475764361378e-007	9.910513e-001	0.000000e+000
1.905558308373669e-007	9.910467e-001	0.000000e+000
1.907909105032293e-007	9.909717e-001	0.000000e+000
1.910710623488483e-007	9.907820e-001	0.000000e+000
1.913640310988483e-007	9.904743e-001	0.000000e+000
1.915558494218163e-007	9.901997e-001	0.000000e+000
1.918044105916106e-007	9.897570e-001	0.000000e+000
1.920405815665026e-007	9.892625e-001	0.000000e+000
1.923335503165026e-007	9.885614e-001	0.000000e+000
1.926265190665026e-007	9.877855e-001	0.000000e+000
1.929194878165026e-007	9.869457e-001	0.000000e+000
1.932124565665026e-007	9.860518e-001	0.000000e+000
1.935054253165026e-007	9.851038e-001	0.000000e+000
1.937983940665026e-007	9.840935e-001	0.000000e+000
1.940488354361517e-007	9.831643e-001	0.000000e+000
1.942643198385019e-007	9.822938e-001	0.000000e+000
1.944825599938106e-007	9.813182e-001	0.000000e+000
1.947399914183142e-007	9.800150e-001	0.000000e+000
1.950329601683143e-007	9.782956e-001	0.000000e+000
1.953259289183143e-007	9.762653e-001	0.000000e+000
1.956188976683143e-007	9.738512e-001	0.000000e+000
1.959118664183143e-007	9.709893e-001	0.000000e+000
1.962048351683143e-007	9.676208e-001	0.000000e+000
1.964978039183143e-007	9.636933e-001	0.000000e+000
1.967907726683143e-007	9.591613e-001	0.000000e+000
1.970837414183143e-007	9.540048e-001	0.000000e+000
1.973443801776322e-007	9.488595e-001	0.000000e+000
1.975856238352160e-007	9.435757e-001	0.000000e+000
1.978406969509271e-007	9.374118e-001	0.000000e+000
1.981336657009271e-007	9.296303e-001	0.000000e+000
1.984052620224769e-007	9.216967e-001	0.000000e+000
1.986982307724769e-007	9.122868e-001	0.000000e+000
1.989911995224769e-007	9.019635e-001	0.000000e+000
1.992841682724769e-007	8.906406e-001	0.000000e+000
1.995771370224769e-007	8.782407e-001	0.000000e+000
1.998701057724769e-007	8.646827e-001	0.000000e+000
2.001630745224769e-007	8.498862e-001	0.000000e+000
2.004560432724770e-007	8.337767e-001	0.000000e+000
2.007490120224770e-007	8.162903e-001	0.000000e+000
2.010419807724770e-007	7.973787e-001	0.000000e+000
2.013349495224770e-007	7.770123e-001	0.000000e+000
2.016279182724770e-007	7.551841e-001	0.000000e+000
2.019208870224770e-007	7.319732e-001	0.000000e+000
2.021606195422615e-007	7.119291e-001	0.000000e+000
2.023987870383196e-007	6.910610e-001	0.000000e+000
2.026365672417595e-007	6.693918e-001	0.000000e+000
2.028476042061403e-007	6.494809e-001	0.000000e+000
2.030586600701653e-007	6.289553e-001	0.000000e+000
2.032639846066845e-007	6.084081e-001	0.000000e+000
2.035569533566845e-007	5.782783e-001	0.000000e+000
2.038499221066845e-007	5.473810e-001	0.000000e+000
2.041428908566846e-007	5.157803e-001	0.000000e+000
2.044358596066846e-007	4.836247e-001	0.000000e+000
2.047288283566846e-007	4.510789e-001	0.000000e+000
2.049613340199623e-007	4.250635e-001	0.000000e+000
2.052189363606443e-007	3.961555e-001	0.000000e+000
2.054148213413480e-007	3.741888e-001	0.000000e+000
2.055921374028239e-007	3.543783e-001	0.000000e+000
2.058060460025865e-007	3.306401e-001	0.000000e+000
2.060275224776107e-007	3.063222e-001	0.000000e+000
2.062726192503783e-007	2.798530e-001	0.000000e+000
2.065655880003783e-007	2.489503e-001	0.000000e+000
2.068585567503783e-007	2.190225e-001	0.000000e+000
2.071515255003783e-007	1.902758e-001	0.000000e+000
2.074159790795415e-007	1.655355e-001	0.000000e+000
2.076776622467007e-007	1.423694e-001	0.000000e+000
2.079405997219676e-007	1.204923e-001	0.000000e+000
2.081908827879669e-007	1.010415e-001	0.000000e+000
2.084121333867501e-007	8.507761e-002	0.000000e+000
2.086325852397292e-007	7.037343e-002	0.000000e+000
2.088400736728106e-007	5.775301e-002	0.000000e+000
2.091330424228106e-007	4.180842e-002	0.000000e+000
2.094260111728106e-007	2.786991e-002	0.000000e+000
2.097189799228106e-007	1.605988e-002	0.000000e+000
2.100119486728106e-007	6.306317e-003	0.000000e+000
2.103049174228107e-007	-1.495999e-003	0.000000e+000
2.105978861728107e-007	-7.480313e-003	0.000000e+000
2.108908549228107e-007	-1.185459e-002	0.000000e+000
2.111403175799605e-007	-1.442113e-002	0.000000e+000
2.113537329482670e-007	-1.579477e-002	0.000000e+000
2.115667139545194e-007	-1.650530e-002	0.000000e+000
2.117681979032161e-007	-1.661432e-002	0.000000e+000
2.120552679514846e-007	-1.602469e-002	0.000000e+000
2.123482367014846e-007	-1.475145e-002	0.000000e+000
2.126412054514846e-007	-1.290656e-002	0.000000e+000
2.129341742014846e-007	-1.065711e-002	0.000000e+000
2.132271429514846e-007	-8.165210e-003	0.000000e+000
2.135201117014846e-007	-5.577351e-003	0.000000e+000
2.137568780166997e-007	-3.496515e-003	0.000000e+000
2.139032288602631e-007	-2.251395e-003	0.000000e+000
2.140508181406097e-007	-1.060608e-003	0.000000e+000
2.142456227284121e-007	3.998365e-004	0.000000e+000
2.144482934994078e-007	1.763791e-003	0.000000e+000
2.146679561430022e-007	3.030137e-003	0.000000e+000
2.148838942137433e-007	4.030684e-003	0.000000e+000
2.151122193772871e-007	4.801862e-003	0.000000e+000
2.153338184880779e-007	5.263019e-003	0.000000e+000
2.155345323774969e-007	5.416054e-003	0.000000e+000
2.157432173047049e-007	5.280983e-003	0.000000e+000
2.160361860547049e-007	4.663744e-003	0.000000e+000
2.163291548047049e-007	3.615759e-003	0.000000e+000
2.166221235547049e-007	2.161609e-003	0.000000e+000
2.169081676339646e-007	4.250323e-004	0.000000e+000
2.171746273402224e-007	-1.402302e-003	0.000000e+000
2.173947810196191e-007	-3.017648e-003	0.000000e+000
2.175712087795035e-007	-4.353580e-003	0.000000e+000
2.177187252124665e-007	-5.480829e-003	0.000000e+000
2.178275108153277e-007	-6.308258e-003	0.000000e+000
2.179743668619359e-007	-7.408749e-003	0.000000e+000
2.181344350010069e-007	-8.569973e-003	0.000000e+000
2.183928054971120e-007	-1.033631e-002	0.000000e+000
2.186857742471121e-007	-1.215705e-002	0.000000e+000
2.189787429971121e-007	-1.373692e-002	0.000000e+000
2.192717117471121e-007	-1.504288e-002	0.000000e+000
2.195646804971121e-007	-1.606587e-002	0.000000e+000
2.198576492471121e-007	-1.681357e-002	0.000000e+000
2.201506179971121e-007	-1.730715e-002	0.000000e+000
2.204435867471121e-007	-1.758690e-002	0.000000e+000
2.206710565728070e-007	-1.767006e-002	0.000000e+000
2.209008746549849e-007	-1.764578e-002	0.000000e+000
2.211579991300674e-007	-1.752274e-002	0.000000e+000
2.214509678800675e-007	-1.729128e-002	0.000000e+000
2.217439366300675e-007	-1.698563e-002	0.000000e+000
2.220369053800675e-007	-1.662171e-002	0.000000e+000
2.223298741300675e-007	-1.621275e-002	0.000000e+000
2.226228428800675e-007	-1.576722e-002	0.000000e+000
2.229140549968981e-007	-1.529367e-002	0.000000e+000
2.232070237468981e-007	-1.479169e-002	0.000000e+000
2.234999924968981e-007	-1.427131e-002	0.000000e+000
2.237929612468981e-007	-1.374238e-002	0.000000e+000
2.240086873104404e-007	-1.335546e-002	0.000000e+000
2.242319169852489e-007	-1.296755e-002	0.000000e+000
2.244624423451956e-007	-1.259375e-002	0.000000e+000
2.247554110951956e-007	-1.217452e-002	0.000000e+000
2.250483798451956e-007	-1.183708e-002	0.000000e+000
2.253413485951957e-007	-1.160820e-002	0.000000e+000
2.256343173451957e-007	-1.150792e-002	0.000000e+000
2.259272860951957e-007	-1.154954e-002	0.000000e+000
2.262202548451957e-007	-1.172907e-002	0.000000e+000
2.264406609154514e-007	-1.196174e-002	0.000000e+000
2.266951762538936e-007	-1.233287e-002	0.000000e+000
2.269881450038936e-007	-1.285613e-002	0.000000e+000
2.272522991231936e-007	-1.339614e-002	0.000000e+000
2.275204754074871e-007	-1.398693e-002	0.000000e+000
2.278134441574871e-007	-1.464258e-002	0.000000e+000
2.280999288130667e-007	-1.526127e-002	0.000000e+000
2.283403116731287e-007	-1.573784e-002	0.000000e+000
2.285700930871210e-007	-1.613465e-002	0.000000e+000
2.288136955725391e-007	-1.647863e-002	0.000000e+000
2.290659637564619e-007	-1.674517e-002	0.000000e+000
2.292935794702154e-007	-1.689876e-002	0.000000e+000
2.295200389605639e-007	-1.695821e-002	0.000000e+000
2.298130077105639e-007	-1.691764e-002	0.000000e+000
2.300555367468091e-007	-1.679518e-002	0.000000e+000
2.302492315009065e-007	-1.663263e-002	0.000000e+000
2.304788773146991e-007	-1.637811e-002	0.000000e+000
2.307037120256291e-007	-1.607861e-002	0.000000e+000
2.309657499828735e-007	-1.568248e-002	0.000000e+000
2.311715000687225e-007	-1.534637e-002	0.000000e+000
2.313660880580914e-007	-1.501463e-002	0.000000e+000
2.315143585711141e-007	-1.475798e-002	0.000000e+000
2.316127624520322e-007	-1.458760e-002	0.000000e+000
2.317295724820341e-007	-1.438747e-002	0.000000e+000
2.318718103768854e-007	-1.414888e-002	0.000000e+000
2.320293697850096e-007	-1.389425e-002	0.000000e+000
2.322156455387152e-007	-1.361044e-002	0.000000e+000
2.324127233135424e-007	-1.333589e-002	0.000000e+000
2.326299507901318e-007	-1.307239e-002	0.000000e+000
2.328843337310900e-007	-1.282069e-002	0.000000e+000
2.331201760935667e-007	-1.264825e-002	0.000000e+000
2.333330272428206e-007	-1.255302e-002	0.000000e+000
2.335460624154814e-007	-1.251975e-002	0.000000e+000
2.337565542662438e-007	-1.254917e-002	0.000000e+000
2.339658537088274e-007	-1.264034e-002	0.000000e+000
2.341613551461254e-007	-1.278292e-002	0.000000e+000
2.343721296161140e-007	-1.299625e-002	0.000000e+000
2.345787907720046e-007	-1.326117e-002	0.000000e+000
2.348098998397520e-007	-1.361554e-002	0.000000e+000
2.350522619354018e-007	-1.403751e-002	0.000000e+000
2.352651489097136e-007	-1.444096e-002	0.000000e+000
2.355077640346135e-007	-1.492033e-002	0.000000e+000
2.357614875586713e-007	-1.542020e-002	0.000000e+000
2.359820045160495e-007	-1.583613e-002	0.000000e+000
2.361599516110370e-007	-1.614513e-002	0.000000e+000
2.363248269028956e-007	-1.639073e-002	0.000000e+000
2.366177956528956e-007	-1.672861e-002	0.000000e+000
2.368836141612502e-007	-1.691982e-002	0.000000e+000
2.371307849119851e-007	-1.697497e-002	0.000000e+000
2.373224701530066e-007	-1.692224e-002	0.000000e+000
2.375443132745137e-007	-1.675214e-002	0.000000e+000
2.377856177272362e-007	-1.645241e-002	0.000000e+000
2.380471870313634e-007	-1.601028e-002	0.000000e+000
2.382864047720030e-007	-1.551776e-002	0.000000e+000
2.385064342775890e-007	-1.500796e-002	0.000000e+000
2.387104512930361e-007	-1.450791e-002	0.000000e+000
2.389074245203613e-007	-1.402399e-002	0.000000e+000
2.391857123796092e-007	-1.337119e-002	0.000000e+000
2.393921569083945e-007	-1.293260e-002	0.000000e+000
2.395715672647858e-007	-1.260907e-002	0.000000e+000
2.397687676781995e-007	-1.233093e-002	0.000000e+000
2.399855387208795e-007	-1.213219e-002	0.000000e+000
2.402452955653589e-007	-1.204590e-002	0.000000e+000
2.404948003285305e-007	-1.211082e-002	0.000000e+000
2.406673948797059e-007	-1.225565e-002	0.000000e+000
2.408714531796253e-007	-1.253550e-002	0.000000e+000
2.411190621971152e-007	-1.298656e-002	0.000000e+000
2.413455724175181e-007	-1.348468e-002	0.000000e+000
2.415411211078537e-007	-1.396741e-002	0.000000e+000
2.417391430001923e-007	-1.448347e-002	0.000000e+000
2.419390943489978e-007	-1.500751e-002	0.000000e+000
2.421411996675201e-007	-1.551786e-002	0.000000e+000
2.423307429899604e-007	-1.595771e-002	0.000000e+000
2.425286460065773e-007	-1.635530e-002	0.000000e+000
2.427427593958395e-007	-1.669478e-002	0.000000e+000
2.429827325592037e-007	-1.694711e-002	0.000000e+000
2.432325441876034e-007	-1.706513e-002	0.000000e+000
2.434212421157264e-007	-1.705347e-002	0.000000e+000
2.435327974598435e-007	-1.699365e-002	0.000000e+000
2.436836916036639e-007	-1.685035e-002	0.000000e+000
2.438703194500420e-007	-1.660181e-002	0.000000e+000
2.440645247671724e-007	-1.627098e-002	0.000000e+000
2.442339536122909e-007	-1.592695e-002	0.000000e+000
2.444274567029153e-007	-1.548635e-002	0.000000e+000
2.446086427559498e-007	-1.504606e-002	0.000000e+000
2.448365132628935e-007	-1.447947e-002	0.000000e+000
2.450442658411516e-007	-1.397699e-002	0.000000e+000
2.452758314174452e-007	-1.346062e-002	0.000000e+000
2.454934132418475e-007	-1.304479e-002	0.000000e+000
2.457388359909573e-007	-1.267046e-002	0.000000e+000
2.458984887010131e-007	-1.249849e-002	0.000000e+000
2.461056290480542e-007	-1.237634e-002	0.000000e+000
2.463186791112318e-007	-1.236005e-002	0.000000e+000
2.465735082382252e-007	-1.247993e-002	0.000000e+000
2.468069133975904e-007	-1.271035e-002	0.000000e+000
2.470322546325020e-007	-1.303362e-002	0.000000e+000
2.472347958220337e-007	-1.339147e-002	0.000000e+000
2.474173784270634e-007	-1.375472e-002	0.000000e+000
2.475621571866688e-007	-1.406129e-002	0.000000e+000
2.477029513399377e-007	-1.436640e-002	0.000000e+000
2.479293543466268e-007	-1.484936e-002	0.000000e+000
2.481723480251609e-007	-1.534062e-002	0.000000e+000
2.483348257485407e-007	-1.563676e-002	0.000000e+000
2.485226525637905e-007	-1.592736e-002	0.000000e+000
2.487399500235251e-007	-1.618955e-002	0.000000e+000
2.489725084655656e-007	-1.637362e-002	0.000000e+000
2.492031225144384e-007	-1.644725e-002	0.000000e+000
2.494487376593991e-007	-1.640593e-002	0.000000e+000
2.496866952661238e-007	-1.626093e-002	0.000000e+000
2.498630015498099e-007	-1.608689e-002	0.000000e+000
2.500378308840298e-007	-1.586117e-002	0.000000e+000
2.502258288359820e-007	-1.557530e-002	0.000000e+000
2.504204086714522e-007	-1.524552e-002	0.000000e+000
2.506222606780071e-007	-1.488135e-002	0.000000e+000
2.508369934390488e-007	-1.448701e-002	0.000000e+000
2.510442147697338e-007	-1.411716e-002	0.000000e+000
2.512600622935682e-007	-1.375756e-002	0.000000e+000
2.514205537525300e-007	-1.351895e-002	0.000000e+000
2.516010349779252e-007	-1.329305e-002	0.000000e+000
2.518117348173510e-007	-1.308835e-002	0.000000e+000
2.520234400024083e-007	-1.295663e-002	0.000000e+000
2.522758191443733e-007	-1.289559e-002	0.000000e+000
2.524819837819382e-007	-1.292647e-002	0.000000e+000
2.527081630510834e-007	-1.304773e-002	0.000000e+000
2.529442019533066e-007	-1.325376e-002	0.000000e+000
2.531600873742405e-007	-1.350649e-002	0.000000e+000
2.534120205178788e-007	-1.385873e-002	0.000000e+000
2.536218923782916e-007	-1.418189e-002	0.000000e+000
2.537795048812409e-007	-1.443563e-002	0.000000e+000
2.539338749400099e-007	-1.468510e-002	0.000000e+000
2.540824735661510e-007	-1.491682e-002	0.000000e+000
2.543215654546649e-007	-1.525860e-002	0.000000e+000
2.545877751242501e-007	-1.558498e-002	0.000000e+000
2.548011170845360e-007	-1.578698e-002	0.000000e+000
2.550117690985797e-007	-1.591992e-002	0.000000e+000
2.552032276093598e-007	-1.597863e-002	0.000000e+000
2.553964719432391e-007	-1.597077e-002	0.000000e+000
2.556258034968217e-007	-1.588503e-002	0.000000e+000
2.557996998516657e-007	-1.576321e-002	0.000000e+000
2.560090162637822e-007	-1.555184e-002	0.000000e+000
2.562304003538211e-007	-1.526996e-002	0.000000e+000
2.564676019303917e-007	-1.491550e-002	0.000000e+000
2.567164943042112e-007	-1.450760e-002	0.000000e+000
2.569577366363930e-007	-1.410017e-002	0.000000e+000
2.571961135192406e-007	-1.371013e-002	0.000000e+000
2.574360023428345e-007	-1.335056e-002	0.000000e+000
2.576224006060093e-007	-1.311141e-002	0.000000e+000
2.578408576808713e-007	-1.288942e-002	0.000000e+000
2.580388298237762e-007	-1.275221e-002	0.000000e+000
2.582899969006064e-007	-1.267304e-002	0.000000e+000
2.585419719327857e-007	-1.269680e-002	0.000000e+000
2.588145419794827e-007	-1.283308e-002	0.000000e+000
2.590469108287820e-007	-1.303086e-002	0.000000e+000
2.592833292304406e-007	-1.329208e-002	0.000000e+000
2.593988829623581e-007	-1.343740e-002	0.000000e+000
2.595000917970948e-007	-1.357341e-002	0.000000e+000
2.595952498712416e-007	-1.370440e-002	0.000000e+000
2.597607776750886e-007	-1.393209e-002	0.000000e+000
2.599425274968474e-007	-1.417057e-002	0.000000e+000
2.601855777395972e-007	-1.445325e-002	0.000000e+000
2.604200562804981e-007	-1.466560e-002	0.000000e+000
2.606637022889096e-007	-1.479796e-002	0.000000e+000
2.609011154229487e-007	-1.481901e-002	0.000000e+000
2.611663400755041e-007	-1.470748e-002	0.000000e+000
2.614065675946999e-007	-1.447718e-002	0.000000e+000
2.616653586035052e-007	-1.410029e-002	0.000000e+000
2.618451527687728e-007	-1.376083e-002	0.000000e+000
2.620606664218692e-007	-1.327283e-002	0.000000e+000
2.623293223136124e-007	-1.258930e-002	0.000000e+000
2.625825410390336e-007	-1.189689e-002	0.000000e+000
2.628639157052859e-007	-1.111000e-002	0.000000e+000
2.631464425337117e-007	-1.034470e-002	0.000000e+000
2.634217044360846e-007	-9.660117e-003	0.000000e+000
2.637023906285648e-007	-9.052718e-003	0.000000e+000
2.639844040196532e-007	-8.540371e-003	0.000000e+000
2.641793159100391e-007	-8.245822e-003	0.000000e+000
2.642987354763621e-007	-8.094261e-003	0.000000e+000
2.644336224841573e-007	-7.946026e-003	0.000000e+000
2.645703860234496e-007	-7.813859e-003	0.000000e+000
2.647735835281631e-007	-7.638213e-003	0.000000e+000
2.649716129276358e-007	-7.474450e-003	0.000000e+000
2.652035481159267e-007	-7.270316e-003	0.000000e+000
2.654202328491113e-007	-7.041746e-003	0.000000e+000
2.656386777647442e-007	-6.736615e-003	0.000000e+000
2.659287790312199e-007	-6.186566e-003	0.000000e+000
2.661914024479389e-007	-5.515337e-003	0.000000e+000
2.664508736884240e-007	-4.643743e-003	0.000000e+000
2.667184781132792e-007	-3.507552e-003	0.000000e+000
2.670114468632792e-007	-1.989808e-003	0.000000e+000
2.673044156132792e-007	-2.150304e-004	0.000000e+000
2.675245209195497e-007	1.282368e-003	0.000000e+000
2.676973234965536e-007	2.560443e-003	0.000000e+000
2.678876596531955e-007	4.053936e-003	0.000000e+000
2.680905674252488e-007	5.720574e-003	0.000000e+000
2.683158541597919e-007	7.641166e-003	0.000000e+000
2.685704100988211e-007	9.870980e-003	0.000000e+000
2.688124871791166e-007	1.202898e-002	0.000000e+000
2.690340077333719e-007	1.402379e-002	0.000000e+000
2.692583943014062e-007	1.605661e-002	0.000000e+000
2.695156451657519e-007	1.840200e-002	0.000000e+000
2.697776310563488e-007	2.081671e-002	0.000000e+000
2.700194538945372e-007	2.308781e-002	0.000000e+000
2.702450471912316e-007	2.526666e-002	0.000000e+000
2.704569390229605e-007	2.739200e-002	0.000000e+000
2.706754296843290e-007	2.970222e-002	0.000000e+000
2.709683984343290e-007	3.301697e-002	0.000000e+000
2.712613671843290e-007	3.661528e-002	0.000000e+000
2.715543359343290e-007	4.056072e-002	0.000000e+000
2.718473046843290e-007	4.488812e-002	0.000000e+000
2.721402734343291e-007	4.960587e-002	0.000000e+000
2.724106523341524e-007	5.428879e-002	0.000000e+000
2.726069610340370e-007	5.789989e-002	0.000000e+000
2.728205204016909e-007	6.202139e-002	0.000000e+000
2.730260888453521e-007	6.614676e-002	0.000000e+000
2.732662495599924e-007	7.113428e-002	0.000000e+000
2.735156030097054e-007	7.646322e-002	0.000000e+000
2.738085717597054e-007	8.286697e-002	0.000000e+000
2.741015405097054e-007	8.936737e-002	0.000000e+000
2.743945092597055e-007	9.592079e-002	0.000000e+000
2.746874780097055e-007	1.024900e-001	0.000000e+000
2.749374573038693e-007	1.080895e-001	0.000000e+000
2.751934882234502e-007	1.138111e-001	0.000000e+000
2.754476812206643e-007	1.194799e-001	0.000000e+000
2.757133101501746e-007	1.253987e-001	0.000000e+000
2.759837536315421e-007	1.314305e-001	0.000000e+000
2.762307691246020e-007	1.369552e-001	0.000000e+000
2.764847013757142e-007	1.426578e-001	0.000000e+000
2.767750784821772e-007	1.492063e-001	0.000000e+000
2.770680472321772e-007	1.558294e-001	0.000000e+000
2.773610159821772e-007	1.624401e-001	0.000000e+000
2.776539847321772e-007	1.689903e-001	0.000000e+000
2.779469534821772e-007	1.754141e-001	0.000000e+000
2.782399222321772e-007	1.816303e-001	0.000000e+000
2.785328909821772e-007	1.875530e-001	0.000000e+000
2.788098230495771e-007	1.928080e-001	0.000000e+000
2.790443975284489e-007	1.969072e-001	0.000000e+000
2.793106995245336e-007	2.010877e-001	0.000000e+000
2.796036682745336e-007	2.050847e-001	0.000000e+000
2.798966370245336e-007	2.083844e-001	0.000000e+000
2.801896057745336e-007	2.109179e-001	0.000000e+000
2.804825745245336e-007	2.126468e-001	0.000000e+000
2.807755432745336e-007	2.135487e-001	0.000000e+000
2.810685120245336e-007	2.136451e-001	0.000000e+000
2.813187257360136e-007	2.130512e-001	0.000000e+000
2.815937589558034e-007	2.116617e-001	0.000000e+000
2.818867277058034e-007	2.094338e-001	0.000000e+000
2.821397478035089e-007	2.068952e-001	0.000000e+000
2.823484850288138e-007	2.043151e-001	0.000000e+000
2.825888997689558e-007	2.008283e-001	0.000000e+000
2.828065115030072e-007	1.971854e-001	0.000000e+000
2.830994802530072e-007	1.915645e-001	0.000000e+000
2.833924490030072e-007	1.851857e-001	0.000000e+000
2.836854177530072e-007	1.779920e-001	0.000000e+000
2.839783865030072e-007	1.699816e-001	0.000000e+000
2.842713552530072e-007	1.611610e-001	0.000000e+000
2.845643240030072e-007	1.515486e-001	0.000000e+000
2.848572927530072e-007	1.411784e-001	0.000000e+000
2.851502615030072e-007	1.301244e-001	0.000000e+000
2.854001829587542e-007	1.201862e-001	0.000000e+000
2.856468721876612e-007	1.099675e-001	0.000000e+000
2.858512112273563e-007	1.012524e-001	0.000000e+000
2.860012593739435e-007	9.471057e-002	0.000000e+000
2.861908496771541e-007	8.630992e-002	0.000000e+000
2.864021914589322e-007	7.683792e-002	0.000000e+000
2.865940508947600e-007	6.817305e-002	0.000000e+000
2.868262438688812e-007	5.766207e-002	0.000000e+000
2.870845070555946e-007	4.601628e-002	0.000000e+000
2.873160030647909e-007	3.568219e-002	0.000000e+000
2.875258974722233e-007	2.645681e-002	0.000000e+000
2.877178917998205e-007	1.818944e-002	0.000000e+000
2.879281563618878e-007	9.359732e-003	0.000000e+000
2.881341189682802e-007	1.000114e-003	0.000000e+000
2.884270877182802e-007	-1.041160e-002	0.000000e+000
2.886495713690811e-007	-1.865008e-002	0.000000e+000
2.889070903086492e-007	-2.759871e-002	0.000000e+000
2.892000590586492e-007	-3.706439e-002	0.000000e+000
2.894820915479121e-007	-4.539980e-002	0.000000e+000
2.897750602979121e-007	-5.318628e-002	0.000000e+000
2.900680290479121e-007	-6.006601e-002	0.000000e+000
2.903609977979121e-007	-6.600257e-002	0.000000e+000
2.906539665479121e-007	-7.098942e-002	0.000000e+000
2.909277468776118e-007	-7.474622e-002	0.000000e+000
2.912207156276118e-007	-7.784035e-002	0.000000e+000
2.914530075673056e-007	-7.959537e-002	0.000000e+000
2.916873567195040e-007	-8.068099e-002	0.000000e+000
2.919348591219799e-007	-8.115257e-002	0.000000e+000
2.921703114553487e-007	-8.093325e-002	0.000000e+000
2.924632802053487e-007	-7.981153e-002	0.000000e+000
2.927562489553487e-007	-7.785270e-002	0.000000e+000
2.930492177053487e-007	-7.511320e-002	0.000000e+000
2.932840212735224e-007	-7.236739e-002	0.000000e+000
2.935517667159129e-007	-6.869144e-002	0.000000e+000
2.938447354659129e-007	-6.418005e-002	0.000000e+000
2.941377042159129e-007	-5.927799e-002	0.000000e+000
2.943958180086535e-007	-5.472474e-002	0.000000e+000
2.946404518909319e-007	-5.029364e-002	0.000000e+000
2.948895300555807e-007	-4.576917e-002	0.000000e+000
2.951824988055807e-007	-4.054998e-002	0.000000e+000
2.954754675555807e-007	-3.553106e-002	0.000000e+000
2.956929706414416e-007	-3.201458e-002	0.000000e+000
2.959065963558304e-007	-2.880718e-002	0.000000e+000
2.961317900430608e-007	-2.573861e-002	0.000000e+000
2.964247587930608e-007	-2.222892e-002	0.000000e+000
2.967016881812979e-007	-1.944444e-002	0.000000e+000
2.969946569312979e-007	-1.712772e-002	0.000000e+000
2.972876256812979e-007	-1.543911e-002	0.000000e+000
2.975500668504778e-007	-1.444474e-002	0.000000e+000
2.977361351740291e-007	-1.407519e-002	0.000000e+000
2.979546344258343e-007	-1.399930e-002	0.000000e+000
2.981873845840684e-007	-1.428454e-002	0.000000e+000
2.984548179229996e-007	-1.505133e-002	0.000000e+000
2.987332938908959e-007	-1.630696e-002	0.000000e+000
2.990262626408959e-007	-1.809329e-002	0.000000e+000
2.993192313908959e-007	-2.030587e-002	0.000000e+000
2.996122001408959e-007	-2.289560e-002	0.000000e+000
2.999051688908959e-007	-2.576180e-002	0.000000e+000
3.000000000000000e-007	-2.674511e-002	0.000000e+000
