time	V(-1)	V(1)
0.000000000000000e+000	0.000000e+000	0.000000e+000
2.929687488293547e-015	0.000000e+000	3.906250e-007
5.859374976587093e-015	0.000000e+000	7.812500e-007
6.862165151151572e-012	0.000000e+000	9.149554e-004
1.371847092732656e-011	0.000000e+000	1.829129e-003
2.057477670350154e-011	0.000000e+000	2.743304e-003
2.743108247967653e-011	0.000000e+000	3.657478e-003
3.428738825585152e-011	0.000000e+000	4.571652e-003
4.114369403202650e-011	0.000000e+000	5.485826e-003
4.799999980820147e-011	0.000000e+000	6.400000e-003
9.599999961640293e-011	0.000000e+000	1.280000e-002
1.424853462539465e-010	0.000000e+000	1.899805e-002
1.840883150635621e-010	0.000000e+000	2.454511e-002
2.235567937027595e-010	0.000000e+000	2.980757e-002
2.637021756364108e-010	0.000000e+000	3.516029e-002
3.090462910193217e-010	0.000000e+000	4.120617e-002
3.593252334091483e-010	0.000000e+000	4.791003e-002
4.191041229688584e-010	0.000000e+000	5.588055e-002
4.874260418669963e-010	0.000000e+000	6.499014e-002
5.682086710220129e-010	0.000000e+000	7.576115e-002
6.614021670491825e-010	0.000000e+000	8.818696e-002
7.712496029798589e-010	0.000000e+000	1.028333e-001
8.615582216019424e-010	0.000000e+000	1.148744e-001
9.625586648171608e-010	0.000000e+000	1.283412e-001
1.056961990914411e-009	0.000000e+000	1.409283e-001
1.170193641136402e-009	0.000000e+000	1.560258e-001
1.286083676918068e-009	0.000000e+000	1.714778e-001
1.421646366999334e-009	0.000000e+000	1.895528e-001
1.565096390030733e-009	0.000000e+000	2.086795e-001
1.691098113470676e-009	0.000000e+000	2.254798e-001
1.820433582611557e-009	0.000000e+000	2.427245e-001
1.958305872095603e-009	0.000000e+000	2.611074e-001
2.106077389501087e-009	0.000000e+000	2.808103e-001
2.265640616494621e-009	0.000000e+000	3.020854e-001
2.437790789849183e-009	0.000000e+000	3.250388e-001
2.624281853484959e-009	0.000000e+000	3.499042e-001
2.787098687642391e-009	0.000000e+000	3.716131e-001
2.962403963408446e-009	0.000000e+000	3.949872e-001
3.139273645171482e-009	0.000000e+000	4.185698e-001
3.333037268543417e-009	0.000000e+000	4.444050e-001
3.534453637837042e-009	0.000000e+000	4.712605e-001
3.753820081659250e-009	0.000000e+000	5.005093e-001
3.949936786480446e-009	0.000000e+000	5.266582e-001
4.157483284238551e-009	0.000000e+000	5.543311e-001
4.367702256788600e-009	0.000000e+000	5.823603e-001
4.594448884191843e-009	0.000000e+000	6.125932e-001
4.829905566779668e-009	0.000000e+000	6.439874e-001
5.050486933319404e-009	0.000000e+000	6.733983e-001
5.294527889092573e-009	0.000000e+000	7.059370e-001
5.520652372459199e-009	0.000000e+000	7.360870e-001
5.776205043739255e-009	0.000000e+000	7.701607e-001
6.028343386880428e-009	0.000000e+000	8.037791e-001
6.278631199695920e-009	0.000000e+000	8.371508e-001
6.549636526466774e-009	0.000000e+000	8.732849e-001
6.798638637186384e-009	0.000000e+000	9.064851e-001
7.078468344634671e-009	0.000000e+000	9.437958e-001
7.225141580704013e-009	0.000000e+000	9.633522e-001
7.499999999999999e-009	0.000000e+000	1.000000e+000
7.527485841929598e-009	0.000000e+000	1.000000e+000
7.582457525788795e-009	0.000000e+000	1.000000e+000
7.692400893507189e-009	0.000000e+000	1.000000e+000
7.870873159097911e-009	0.000000e+000	1.000000e+000
8.130664609149040e-009	0.000000e+000	1.000000e+000
8.403966701574940e-009	0.000000e+000	1.000000e+000
8.696935451574941e-009	0.000000e+000	1.000000e+000
8.989904201574941e-009	0.000000e+000	1.000000e+000
9.282872951574942e-009	0.000000e+000	1.000000e+000
9.575841701574942e-009	0.000000e+000	1.000000e+000
9.868810451574943e-009	0.000000e+000	1.000000e+000
1.016177920157494e-008	0.000000e+000	1.000000e+000
1.045474795157494e-008	0.000000e+000	1.000000e+000
1.074771670157494e-008	0.000000e+000	1.000000e+000
1.104068545157494e-008	0.000000e+000	1.000000e+000
1.133365420157495e-008	0.000000e+000	1.000000e+000
1.162662295157495e-008	0.000000e+000	1.000000e+000
1.191959170157495e-008	0.000000e+000	1.000000e+000
1.221256045157495e-008	0.000000e+000	1.000000e+000
1.250552920157495e-008	0.000000e+000	1.000000e+000
1.279849795157495e-008	0.000000e+000	1.000000e+000
1.309146670157495e-008	0.000000e+000	1.000000e+000
1.338443545157495e-008	0.000000e+000	1.000000e+000
1.367740420157495e-008	0.000000e+000	1.000000e+000
1.397037295157495e-008	0.000000e+000	1.000000e+000
1.426334170157495e-008	0.000000e+000	1.000000e+000
1.455631045157495e-008	0.000000e+000	1.000000e+000
1.484927920157495e-008	0.000000e+000	1.000000e+000
1.514224795157495e-008	0.000000e+000	1.000000e+000
1.543521670157495e-008	0.000000e+000	1.000000e+000
1.572818545157495e-008	0.000000e+000	1.000000e+000
1.602115420157495e-008	0.000000e+000	1.000000e+000
1.631412295157495e-008	0.000000e+000	1.000000e+000
1.660709170157495e-008	0.000000e+000	1.000000e+000
1.690006045157496e-008	0.000000e+000	1.000000e+000
1.719302920157496e-008	0.000000e+000	1.000000e+000
1.748599795157496e-008	0.000000e+000	1.000000e+000
1.777896670157496e-008	0.000000e+000	1.000000e+000
1.807193545157496e-008	0.000000e+000	1.000000e+000
1.836490420157496e-008	0.000000e+000	1.000000e+000
1.865787295157496e-008	0.000000e+000	1.000000e+000
1.895084170157496e-008	0.000000e+000	1.000000e+000
1.924381045157496e-008	0.000000e+000	1.000000e+000
1.953677920157496e-008	0.000000e+000	1.000000e+000
1.982974795157496e-008	0.000000e+000	1.000000e+000
2.012271670157496e-008	0.000000e+000	1.000000e+000
2.041568545157496e-008	0.000000e+000	1.000000e+000
2.070865420157496e-008	0.000000e+000	1.000000e+000
2.100162295157496e-008	0.000000e+000	1.000000e+000
2.129459170157496e-008	0.000000e+000	1.000000e+000
2.158756045157496e-008	0.000000e+000	1.000000e+000
2.188052920157496e-008	0.000000e+000	1.000000e+000
2.217349795157496e-008	0.000000e+000	1.000000e+000
2.246646670157496e-008	0.000000e+000	1.000000e+000
2.275943545157497e-008	0.000000e+000	1.000000e+000
2.305240420157497e-008	0.000000e+000	1.000000e+000
2.334537295157497e-008	0.000000e+000	1.000000e+000
2.363834170157497e-008	0.000000e+000	1.000000e+000
2.393131045157497e-008	0.000000e+000	1.000000e+000
2.422427920157497e-008	0.000000e+000	1.000000e+000
2.451724795157497e-008	0.000000e+000	1.000000e+000
2.481021670157497e-008	0.000000e+000	1.000000e+000
2.510318545157497e-008	0.000000e+000	1.000000e+000
2.539615420157497e-008	0.000000e+000	1.000000e+000
2.568912295157497e-008	0.000000e+000	1.000000e+000
2.598209170157497e-008	0.000000e+000	1.000000e+000
2.627506045157497e-008	0.000000e+000	1.000000e+000
2.656802920157497e-008	0.000000e+000	1.000000e+000
2.686099795157497e-008	0.000000e+000	1.000000e+000
2.715396670157497e-008	0.000000e+000	1.000000e+000
2.744693545157497e-008	0.000000e+000	1.000000e+000
2.773990420157497e-008	0.000000e+000	1.000000e+000
2.803287295157497e-008	0.000000e+000	1.000000e+000
2.832584170157497e-008	0.000000e+000	1.000000e+000
2.861881045157498e-008	0.000000e+000	1.000000e+000
2.891177920157498e-008	0.000000e+000	1.000000e+000
2.920474795157498e-008	0.000000e+000	1.000000e+000
2.949771670157498e-008	0.000000e+000	1.000000e+000
2.979068545157498e-008	0.000000e+000	1.000000e+000
3.008365420157498e-008	0.000000e+000	1.000000e+000
3.037662295157498e-008	0.000000e+000	1.000000e+000
3.066959170157498e-008	0.000000e+000	1.000000e+000
3.096256045157498e-008	0.000000e+000	1.000000e+000
3.125552920157498e-008	0.000000e+000	1.000000e+000
3.154849795157498e-008	0.000000e+000	1.000000e+000
3.184146670157498e-008	0.000000e+000	1.000000e+000
3.213443545157498e-008	0.000000e+000	1.000000e+000
3.242740420157498e-008	0.000000e+000	1.000000e+000
3.272037295157498e-008	0.000000e+000	1.000000e+000
3.301334170157498e-008	0.000000e+000	1.000000e+000
3.330631045157498e-008	0.000000e+000	1.000000e+000
3.359927920157498e-008	0.000000e+000	1.000000e+000
3.389224795157498e-008	0.000000e+000	1.000000e+000
3.418521670157498e-008	0.000000e+000	1.000000e+000
3.447818545157499e-008	0.000000e+000	1.000000e+000
3.477115420157499e-008	0.000000e+000	1.000000e+000
3.506412295157499e-008	0.000000e+000	1.000000e+000
3.535709170157499e-008	0.000000e+000	1.000000e+000
3.565006045157499e-008	0.000000e+000	1.000000e+000
3.594302920157499e-008	0.000000e+000	1.000000e+000
3.623599795157499e-008	0.000000e+000	1.000000e+000
3.652896670157499e-008	0.000000e+000	1.000000e+000
3.682193545157499e-008	0.000000e+000	1.000000e+000
3.711490420157499e-008	0.000000e+000	1.000000e+000
3.740787295157499e-008	0.000000e+000	1.000000e+000
3.770084170157499e-008	0.000000e+000	1.000000e+000
3.799381045157499e-008	0.000000e+000	1.000000e+000
3.828677920157499e-008	0.000000e+000	1.000000e+000
3.857974795157499e-008	1.401298e-045	1.000000e+000
3.887271670157499e-008	2.802597e-045	1.000000e+000
3.916568545157499e-008	7.006492e-045	1.000000e+000
3.945865420157499e-008	1.681558e-044	1.000000e+000
3.975162295157499e-008	3.643376e-044	1.000000e+000
4.004459170157499e-008	7.987401e-044	1.000000e+000
4.033756045157500e-008	1.751623e-043	1.000000e+000
4.063052920157500e-008	3.839558e-043	1.000000e+000
4.092349795157500e-008	8.351739e-043	1.000000e+000
4.121646670157500e-008	1.810478e-042	1.000000e+000
4.150943545157500e-008	3.904018e-042	1.000000e+000
4.180240420157500e-008	8.375561e-042	1.000000e+000
4.209537295157500e-008	1.787076e-041	1.000000e+000
4.238834170157500e-008	3.792754e-041	1.000000e+000
4.268131045157500e-008	8.007440e-041	1.000000e+000
4.297427920157500e-008	1.681810e-040	1.000000e+000
4.326724795157500e-008	3.514190e-040	1.000000e+000
4.356021670157500e-008	7.305810e-040	1.000000e+000
4.385318545157500e-008	1.511212e-039	1.000000e+000
4.414615420157500e-008	3.110429e-039	1.000000e+000
4.443912295157500e-008	6.370506e-039	1.000000e+000
4.473209170157500e-008	1.298397e-038	1.000000e+000
4.502506045157500e-008	2.633555e-038	1.000000e+000
4.531802920157500e-008	5.316165e-038	1.000000e+000
4.561099795157500e-008	1.068062e-037	1.000000e+000
4.590396670157500e-008	2.135775e-037	1.000000e+000
4.619693545157501e-008	4.251047e-037	1.000000e+000
4.648990420157501e-008	8.422414e-037	1.000000e+000
4.678287295157501e-008	1.661102e-036	1.000000e+000
4.707584170157501e-008	3.261323e-036	1.000000e+000
4.736881045157501e-008	6.374518e-036	1.000000e+000
4.766177920157501e-008	1.240438e-035	1.000000e+000
4.795474795157501e-008	2.403224e-035	1.000000e+000
4.824771670157501e-008	4.635780e-035	1.000000e+000
4.854068545157501e-008	8.903847e-035	1.000000e+000
4.883365420157501e-008	1.702847e-034	1.000000e+000
4.912662295157501e-008	3.242900e-034	1.000000e+000
4.941959170157501e-008	6.149893e-034	1.000000e+000
4.971256045157501e-008	1.161432e-033	1.000000e+000
5.000552920157501e-008	2.184381e-033	1.000000e+000
5.029849795157501e-008	4.091538e-033	1.000000e+000
5.059146670157501e-008	7.632799e-033	1.000000e+000
5.088443545157501e-008	1.418193e-032	1.000000e+000
5.117740420157501e-008	2.624558e-032	1.000000e+000
5.147037295157501e-008	4.837942e-032	1.000000e+000
5.176334170157502e-008	8.883079e-032	1.000000e+000
5.205631045157502e-008	1.624721e-031	1.000000e+000
5.234927920157502e-008	2.960198e-031	1.000000e+000
5.264224795157502e-008	5.372830e-031	1.000000e+000
5.293521670157502e-008	9.714923e-031	1.000000e+000
5.322818545157502e-008	1.750020e-030	1.000000e+000
5.352115420157502e-008	3.140707e-030	1.000000e+000
5.381412295157502e-008	5.615718e-030	1.000000e+000
5.410709170157502e-008	1.000437e-029	1.000000e+000
5.440006045157502e-008	1.775797e-029	1.000000e+000
5.469302920157502e-008	3.140714e-029	1.000000e+000
5.498599795157502e-008	5.534868e-029	1.000000e+000
5.527896670157502e-008	9.719460e-029	1.000000e+000
5.557193545157502e-008	1.700767e-028	1.000000e+000
5.586490420157502e-008	2.965700e-028	1.000000e+000
5.615787295157502e-008	5.153482e-028	1.000000e+000
5.645084170157502e-008	8.924359e-028	1.000000e+000
5.674381045157502e-008	1.540165e-027	1.000000e+000
5.703677920157502e-008	2.649002e-027	1.000000e+000
5.732974795157502e-008	4.540810e-027	1.000000e+000
5.762271670157503e-008	7.757666e-027	1.000000e+000
5.791568545157503e-008	1.320950e-026	1.000000e+000
5.820865420157503e-008	2.241864e-026	1.000000e+000
5.850162295157503e-008	3.792368e-026	1.000000e+000
5.879459170157503e-008	6.394404e-026	1.000000e+000
5.908756045157503e-008	1.074702e-025	1.000000e+000
5.938052920157503e-008	1.800464e-025	1.000000e+000
5.967349795157502e-008	3.006763e-025	1.000000e+000
5.996646670157502e-008	5.005431e-025	1.000000e+000
6.025943545157501e-008	8.306560e-025	1.000000e+000
6.055240420157500e-008	1.374193e-024	1.000000e+000
6.084537295157500e-008	2.266365e-024	1.000000e+000
6.113834170157499e-008	3.726296e-024	1.000000e+000
6.143131045157499e-008	6.107996e-024	1.000000e+000
6.172427920157498e-008	9.981670e-024	1.000000e+000
6.201724795157497e-008	1.626295e-023	1.000000e+000
6.231021670157497e-008	2.641775e-023	1.000000e+000
6.260318545157496e-008	4.278594e-023	1.000000e+000
6.289615420157495e-008	6.909136e-023	1.000000e+000
6.318912295157495e-008	1.112428e-022	1.000000e+000
6.348209170157494e-008	1.785887e-022	1.000000e+000
6.377506045157494e-008	2.858760e-022	1.000000e+000
6.406802920157493e-008	4.563008e-022	1.000000e+000
6.436099795157492e-008	7.262438e-022	1.000000e+000
6.465396670157492e-008	1.152601e-021	1.000000e+000
6.494693545157491e-008	1.824100e-021	1.000000e+000
6.523990420157491e-008	2.878716e-021	1.000000e+000
6.553287295157490e-008	4.530405e-021	1.000000e+000
6.582584170157489e-008	7.110016e-021	1.000000e+000
6.611881045157489e-008	1.112773e-020	1.000000e+000
6.641177920157488e-008	1.736812e-020	1.000000e+000
6.670474795157488e-008	2.703432e-020	1.000000e+000
6.699771670157487e-008	4.196643e-020	1.000000e+000
6.729068545157486e-008	6.497094e-020	1.000000e+000
6.758365420157486e-008	1.003168e-019	1.000000e+000
6.787662295157485e-008	1.544800e-019	1.000000e+000
6.816959170157484e-008	2.372585e-019	1.000000e+000
6.846256045157484e-008	3.634363e-019	1.000000e+000
6.875552920157483e-008	5.552626e-019	1.000000e+000
6.904849795157483e-008	8.461327e-019	1.000000e+000
6.934146670157482e-008	1.286041e-018	1.000000e+000
6.963443545157481e-008	1.949635e-018	1.000000e+000
6.992740420157481e-008	2.948088e-018	1.000000e+000
7.022037295157480e-008	4.446538e-018	1.000000e+000
7.051334170157480e-008	6.689657e-018	1.000000e+000
7.080631045157479e-008	1.003904e-017	1.000000e+000
7.109927920157478e-008	1.502768e-017	1.000000e+000
7.139224795157478e-008	2.243932e-017	1.000000e+000
7.168521670157477e-008	3.342341e-017	1.000000e+000
7.197818545157477e-008	4.966158e-017	1.000000e+000
7.227115420157476e-008	7.360793e-017	1.000000e+000
7.256412295157475e-008	1.088349e-016	1.000000e+000
7.285709170157475e-008	1.605303e-016	1.000000e+000
7.315006045157474e-008	2.362086e-016	1.000000e+000
7.344302920157473e-008	3.467289e-016	1.000000e+000
7.373599795157473e-008	5.077439e-016	1.000000e+000
7.402896670157472e-008	7.417625e-016	1.000000e+000
7.432193545157472e-008	1.081074e-015	1.000000e+000
7.461490420157471e-008	1.571888e-015	1.000000e+000
7.490787295157470e-008	2.280172e-015	1.000000e+000
7.520084170157470e-008	3.299884e-015	1.000000e+000
7.549381045157469e-008	4.764523e-015	1.000000e+000
7.578677920157469e-008	6.863322e-015	1.000000e+000
7.607974795157468e-008	9.863887e-015	1.000000e+000
7.637271670157467e-008	1.414377e-014	1.000000e+000
7.666568545157467e-008	2.023438e-014	1.000000e+000
7.695865420157466e-008	2.888197e-014	1.000000e+000
7.725162295157466e-008	4.113202e-014	1.000000e+000
7.754459170157465e-008	5.844590e-014	1.000000e+000
7.783756045157464e-008	8.286151e-014	1.000000e+000
7.813052920157464e-008	1.172143e-013	1.000000e+000
7.842349795157463e-008	1.654403e-013	1.000000e+000
7.871646670157462e-008	2.329910e-013	1.000000e+000
7.900943545157462e-008	3.273995e-013	1.000000e+000
7.930240420157461e-008	4.590519e-013	1.000000e+000
7.959537295157461e-008	6.422353e-013	1.000000e+000
7.988834170157460e-008	8.965595e-013	1.000000e+000
8.018131045157459e-008	1.248879e-012	1.000000e+000
8.047427920157459e-008	1.735886e-012	1.000000e+000
8.076724795157458e-008	2.407607e-012	1.000000e+000
8.106021670157458e-008	3.332092e-012	1.000000e+000
8.135318545157457e-008	4.601707e-012	1.000000e+000
8.164615420157456e-008	6.341542e-012	1.000000e+000
8.193912295157456e-008	8.720634e-012	1.000000e+000
8.223209170157455e-008	1.196691e-011	1.000000e+000
8.252506045157455e-008	1.638701e-011	1.000000e+000
8.281802920157454e-008	2.239261e-011	1.000000e+000
8.311099795157453e-008	3.053514e-011	1.000000e+000
8.340396670157453e-008	4.155169e-011	1.000000e+000
8.369693545157452e-008	5.642530e-011	1.000000e+000
8.398990420157451e-008	7.646429e-011	1.000000e+000
8.428287295157451e-008	1.034060e-010	1.000000e+000
8.457584170157450e-008	1.395528e-010	1.000000e+000
8.486881045157450e-008	1.879487e-010	1.000000e+000
8.516177920157449e-008	2.526104e-010	1.000000e+000
8.545474795157448e-008	3.388262e-010	1.000000e+000
8.574771670157448e-008	4.535439e-010	1.000000e+000
8.604068545157447e-008	6.058718e-010	1.000000e+000
8.633365420157447e-008	8.077258e-010	1.000000e+000
8.662662295157446e-008	1.074661e-009	1.000000e+000
8.691959170157445e-008	1.426941e-009	1.000000e+000
8.721256045157445e-008	1.890905e-009	1.000000e+000
8.750552920157444e-008	2.500721e-009	1.000000e+000
8.779849795157444e-008	3.300614e-009	1.000000e+000
8.809146670157443e-008	4.347710e-009	1.000000e+000
8.838443545157442e-008	5.715643e-009	1.000000e+000
8.867740420157442e-008	7.499124e-009	1.000000e+000
8.897037295157441e-008	9.819717e-009	1.000000e+000
8.926334170157440e-008	1.283313e-008	1.000000e+000
8.955631045157440e-008	1.673838e-008	1.000000e+000
8.984927920157439e-008	2.178930e-008	1.000000e+000
9.014224795157439e-008	2.830900e-008	1.000000e+000
9.043521670157438e-008	3.670784e-008	1.000000e+000
9.072818545157437e-008	4.750596e-008	1.000000e+000
9.102115420157437e-008	6.136125e-008	1.000000e+000
9.131412295157436e-008	7.910408e-008	1.000000e+000
9.160709170157436e-008	1.017803e-007	1.000000e+000
9.190006045157435e-008	1.307046e-007	1.000000e+000
9.219302920157434e-008	1.675258e-007	1.000000e+000
9.248599795157434e-008	2.143075e-007	1.000000e+000
9.277896670157433e-008	2.736277e-007	1.000000e+000
9.307193545157433e-008	3.486991e-007	1.000000e+000
9.336490420157432e-008	4.435181e-007	1.000000e+000
9.365787295157431e-008	5.630448e-007	1.000000e+000
9.395084170157431e-008	7.134227e-007	1.000000e+000
9.424381045157430e-008	9.022451e-007	1.000000e+000
9.453677920157429e-008	1.138878e-006	1.000000e+000
9.482974795157429e-008	1.434848e-006	1.000000e+000
9.512271670157428e-008	1.804313e-006	1.000000e+000
9.541568545157428e-008	2.264624e-006	1.000000e+000
9.570865420157427e-008	2.837003e-006	1.000000e+000
9.600162295157426e-008	3.547349e-006	1.000000e+000
9.629459170157426e-008	4.427203e-006	1.000000e+000
9.658756045157425e-008	5.514893e-006	1.000000e+000
9.688052920157425e-008	6.856901e-006	1.000000e+000
9.717349795157424e-008	8.509469e-006	1.000000e+000
9.746646670157423e-008	1.054051e-005	1.000000e+000
9.775943545157423e-008	1.303185e-005	1.000000e+000
9.805240420157422e-008	1.608187e-005	1.000000e+000
9.834537295157421e-008	1.980858e-005	1.000000e+000
9.863834170157421e-008	2.435327e-005	1.000000e+000
9.893131045157420e-008	2.988468e-005	1.000000e+000
9.922427920157420e-008	3.660395e-005	1.000000e+000
9.951724795157419e-008	4.475026e-005	1.000000e+000
9.981021670157418e-008	5.460743e-005	1.000000e+000
1.001031854515742e-007	6.651150e-005	1.000000e+000
1.003961542015742e-007	8.085945e-005	1.000000e+000
1.006891229515742e-007	9.811921e-005	1.000000e+000
1.009820917015742e-007	1.188411e-004	1.000000e+000
1.012750604515742e-007	1.436708e-004	1.000000e+000
1.015680292015742e-007	1.733642e-004	1.000000e+000
1.018609979515741e-007	2.088045e-004	1.000000e+000
1.021539667015741e-007	2.510205e-004	1.000000e+000
1.024469354515741e-007	3.012086e-004	1.000000e+000
1.027399042015741e-007	3.607564e-004	1.000000e+000
1.030328729515741e-007	4.312699e-004	1.000000e+000
1.033258417015741e-007	5.146026e-004	1.000000e+000
1.036188104515741e-007	6.128896e-004	1.000000e+000
1.039117792015741e-007	7.285836e-004	1.000000e+000
1.042047479515741e-007	8.644958e-004	1.000000e+000
1.044977167015741e-007	1.023840e-003	1.000000e+000
1.047906854515741e-007	1.210281e-003	1.000000e+000
1.050836542015741e-007	1.427987e-003	1.000000e+000
1.053766229515741e-007	1.681690e-003	1.000000e+000
1.056695917015741e-007	1.976742e-003	1.000000e+000
1.059625604515741e-007	2.319185e-003	1.000000e+000
1.062555292015741e-007	2.715822e-003	1.000000e+000
1.065484979515740e-007	3.174289e-003	1.000000e+000
1.068414667015740e-007	3.703136e-003	1.000000e+000
1.071344354515740e-007	4.294672e-003	1.000000e+000
1.072070312500000e-007	4.455727e-003	1.000000e+000
1.073522228468519e-007	4.803341e-003	1.000000e+000
1.075000000000000e-007	5.172540e-003	1.000000e+000
1.075147777153148e-007	5.211730e-003	9.980296e-001
1.075443331459444e-007	5.290924e-003	9.940889e-001
1.076034440072036e-007	5.453387e-003	9.862075e-001
1.077216657297221e-007	5.795754e-003	9.704446e-001
1.079581091747590e-007	6.539576e-003	9.389188e-001
1.082510779247590e-007	7.566475e-003	8.998563e-001
1.085440466747590e-007	8.730115e-003	8.607938e-001
1.088370154247590e-007	1.005343e-002	8.217313e-001
1.091299841747590e-007	1.155511e-002	7.826688e-001
1.094229529247590e-007	1.325557e-002	7.436063e-001
1.097159216747590e-007	1.517696e-002	7.045438e-001
1.100088904247590e-007	1.734327e-002	6.654813e-001
1.103018591747590e-007	1.978042e-002	6.264188e-001
1.105948279247589e-007	2.251622e-002	5.873563e-001
1.108877966747589e-007	2.558051e-002	5.482938e-001
1.111807654247589e-007	2.900506e-002	5.092313e-001
1.114737341747589e-007	3.282367e-002	4.701688e-001
1.117667029247589e-007	3.707205e-002	4.311063e-001
1.120596716747589e-007	4.178780e-002	3.920438e-001
1.123526404247589e-007	4.701030e-002	3.529813e-001
1.126456091747589e-007	5.278063e-002	3.139188e-001
1.129385779247589e-007	5.914132e-002	2.748563e-001
1.132315466747589e-007	6.613624e-002	2.357938e-001
1.135245154247589e-007	7.381029e-002	1.967313e-001
1.138174841747589e-007	8.220913e-002	1.576688e-001
1.141104529247589e-007	9.137885e-002	1.186063e-001
1.144034216747589e-007	1.013656e-001	7.954378e-002
1.146963904247589e-007	1.119961e-001	4.048128e-002
1.147070312500000e-007	1.123990e-001	3.906250e-002
1.147283129004823e-007	1.132250e-001	3.622495e-002
1.147708762014468e-007	1.148954e-001	3.054984e-002
1.148560028033759e-007	1.183036e-001	1.919963e-002
1.150000000000000e-007	1.241752e-001	0.000000e+000
1.150003167941820e-007	1.241885e-001	0.000000e+000
1.150009503825459e-007	1.242149e-001	0.000000e+000
1.150239405888952e-007	1.251799e-001	0.000000e+000
1.150469307952445e-007	1.261523e-001	0.000000e+000
1.150699210015937e-007	1.271321e-001	0.000000e+000
1.150929112079430e-007	1.281194e-001	0.000000e+000
1.151159014142923e-007	1.291142e-001	0.000000e+000
1.151388916206415e-007	1.301165e-001	0.000000e+000
1.151618818269908e-007	1.311263e-001	0.000000e+000
1.153240804481636e-007	1.384546e-001	0.000000e+000
1.156170491981636e-007	1.524103e-001	0.000000e+000
1.159100179481636e-007	1.672923e-001	0.000000e+000
1.162029866981636e-007	1.832458e-001	0.000000e+000
1.164959554481636e-007	2.003018e-001	0.000000e+000
1.167889241981636e-007	2.184864e-001	0.000000e+000
1.170818929481636e-007	2.378201e-001	0.000000e+000
1.173748616981636e-007	2.583172e-001	0.000000e+000
1.176678304481636e-007	2.799848e-001	0.000000e+000
1.179607991981636e-007	3.028223e-001	0.000000e+000
1.182537679481636e-007	3.268205e-001	0.000000e+000
1.185467366981636e-007	3.519610e-001	0.000000e+000
1.188397054481635e-007	3.782158e-001	0.000000e+000
1.191326741981635e-007	4.055460e-001	0.000000e+000
1.194256429481635e-007	4.339025e-001	0.000000e+000
1.197186116981636e-007	4.632243e-001	0.000000e+000
1.200115804481636e-007	4.934134e-001	0.000000e+000
1.202648872296406e-007	5.201766e-001	0.000000e+000
1.205194563075505e-007	5.476551e-001	0.000000e+000
1.207915320136064e-007	5.775589e-001	0.000000e+000
1.210845007636064e-007	6.102551e-001	0.000000e+000
1.213774695136064e-007	6.433473e-001	0.000000e+000
1.216704382636065e-007	6.767112e-001	0.000000e+000
1.219634070136065e-007	7.102032e-001	0.000000e+000
1.222563757636065e-007	7.436715e-001	0.000000e+000
1.225493445136065e-007	7.769648e-001	0.000000e+000
1.228222457422879e-007	8.076882e-001	0.000000e+000
1.230634935571602e-007	8.344902e-001	0.000000e+000
1.233072684471576e-007	8.611194e-001	0.000000e+000
1.235530033540317e-007	8.873800e-001	0.000000e+000
1.238459721040317e-007	9.178200e-001	0.000000e+000
1.241389408540317e-007	9.472030e-001	0.000000e+000
1.244319096040317e-007	9.753338e-001	0.000000e+000
1.247248783540317e-007	1.002059e+000	0.000000e+000
1.250172275390575e-007	1.027182e+000	0.000000e+000
1.253101962890575e-007	1.050736e+000	0.000000e+000
1.255654118325429e-007	1.069793e+000	0.000000e+000
1.258227782119375e-007	1.087502e+000	0.000000e+000
1.260828731630528e-007	1.103881e+000	0.000000e+000
1.263268389970017e-007	1.117720e+000	0.000000e+000
1.266198077470017e-007	1.132401e+000	0.000000e+000
1.269127764970017e-007	1.145059e+000	0.000000e+000
1.272057452470017e-007	1.155596e+000	0.000000e+000
1.274987139970017e-007	1.164024e+000	0.000000e+000
1.277916827470017e-007	1.170429e+000	0.000000e+000
1.280561900428354e-007	1.174456e+000	0.000000e+000
1.283353337054639e-007	1.176977e+000	0.000000e+000
1.285931268586116e-007	1.177843e+000	0.000000e+000
1.288452304982335e-007	1.177341e+000	0.000000e+000
1.291134305019135e-007	1.175464e+000	0.000000e+000
1.294063992519135e-007	1.172036e+000	0.000000e+000
1.296993680019135e-007	1.167339e+000	0.000000e+000
1.299923367519135e-007	1.161538e+000	0.000000e+000
1.302668331308933e-007	1.155253e+000	0.000000e+000
1.305479418084117e-007	1.148144e+000	0.000000e+000
1.308032229462475e-007	1.141251e+000	0.000000e+000
1.310612261734687e-007	1.133997e+000	0.000000e+000
1.313065266303360e-007	1.126966e+000	0.000000e+000
1.315539123329775e-007	1.119868e+000	0.000000e+000
1.318217146398740e-007	1.112318e+000	0.000000e+000
1.321146833898741e-007	1.104363e+000	0.000000e+000
1.323998354984022e-007	1.097072e+000	0.000000e+000
1.326846649964209e-007	1.090387e+000	0.000000e+000
1.329776337464209e-007	1.084251e+000	0.000000e+000
1.332686654629031e-007	1.078977e+000	0.000000e+000
1.335314240099664e-007	1.074999e+000	0.000000e+000
1.337788140078084e-007	1.072008e+000	0.000000e+000
1.340291321485820e-007	1.069735e+000	0.000000e+000
1.342723609839899e-007	1.068259e+000	0.000000e+000
1.345228618656458e-007	1.067525e+000	0.000000e+000
1.348158306156458e-007	1.067597e+000	0.000000e+000
1.351087993656458e-007	1.068594e+000	0.000000e+000
1.354017681156459e-007	1.070468e+000	0.000000e+000
1.356702388506800e-007	1.072905e+000	0.000000e+000
1.359632076006800e-007	1.076233e+000	0.000000e+000
1.362214314088653e-007	1.079644e+000	0.000000e+000
1.364819779235813e-007	1.083465e+000	0.000000e+000
1.367285841373442e-007	1.087333e+000	0.000000e+000
1.369783867635265e-007	1.091415e+000	0.000000e+000
1.372496465111846e-007	1.095924e+000	0.000000e+000
1.375096908406937e-007	1.100221e+000	0.000000e+000
1.377855517617453e-007	1.104644e+000	0.000000e+000
1.380685486831048e-007	1.108941e+000	0.000000e+000
1.383298955690730e-007	1.112599e+000	0.000000e+000
1.385980514420472e-007	1.115962e+000	0.000000e+000
1.388555136774034e-007	1.118768e+000	0.000000e+000
1.391046926725134e-007	1.121032e+000	0.000000e+000
1.393569318110176e-007	1.122846e+000	0.000000e+000
1.396013128363986e-007	1.124123e+000	0.000000e+000
1.398500083266623e-007	1.124913e+000	0.000000e+000
1.401246508102135e-007	1.125212e+000	0.000000e+000
1.404061268348063e-007	1.124923e+000	0.000000e+000
1.406990955848063e-007	1.124028e+000	0.000000e+000
1.409637915287230e-007	1.122726e+000	0.000000e+000
1.412567602787230e-007	1.120802e+000	0.000000e+000
1.415406263843704e-007	1.118558e+000	0.000000e+000
1.417997830839190e-007	1.116238e+000	0.000000e+000
1.420462878780568e-007	1.113852e+000	0.000000e+000
1.422958312481421e-007	1.111330e+000	0.000000e+000
1.425635912367807e-007	1.108580e+000	0.000000e+000
1.428177277495551e-007	1.106000e+000	0.000000e+000
1.430887959913557e-007	1.103352e+000	0.000000e+000
1.433554260114991e-007	1.100915e+000	0.000000e+000
1.436140518918936e-007	1.098772e+000	0.000000e+000
1.438760901199570e-007	1.096873e+000	0.000000e+000
1.441336716958807e-007	1.095308e+000	0.000000e+000
1.443847422671463e-007	1.094103e+000	0.000000e+000
1.446384312072544e-007	1.093223e+000	0.000000e+000
1.448848063890789e-007	1.092703e+000	0.000000e+000
1.451382968097689e-007	1.092518e+000	0.000000e+000
1.454070735563229e-007	1.092687e+000	0.000000e+000
1.456795640817350e-007	1.093213e+000	0.000000e+000
1.459412716650979e-007	1.094030e+000	0.000000e+000
1.462055026519638e-007	1.095135e+000	0.000000e+000
1.464969303112532e-007	1.096606e+000	0.000000e+000
1.467556525343127e-007	1.098086e+000	0.000000e+000
1.470171264404588e-007	1.099700e+000	0.000000e+000
1.472670239518471e-007	1.101301e+000	0.000000e+000
1.475203783117875e-007	1.102931e+000	0.000000e+000
1.477955856289405e-007	1.104656e+000	0.000000e+000
1.480489414502045e-007	1.106154e+000	0.000000e+000
1.483084559481758e-007	1.107552e+000	0.000000e+000
1.485701974620433e-007	1.108780e+000	0.000000e+000
1.488631662120433e-007	1.109912e+000	0.000000e+000
1.491364656069713e-007	1.110713e+000	0.000000e+000
1.493988777282838e-007	1.111225e+000	0.000000e+000
1.496504565891634e-007	1.111470e+000	0.000000e+000
1.499051758932331e-007	1.111478e+000	0.000000e+000
1.501533045492693e-007	1.111259e+000	0.000000e+000
1.504144641409401e-007	1.110807e+000	0.000000e+000
1.506719611693998e-007	1.110159e+000	0.000000e+000
1.509527245797924e-007	1.109258e+000	0.000000e+000
1.512415323094944e-007	1.108171e+000	0.000000e+000
1.515044542104649e-007	1.107073e+000	0.000000e+000
1.517974229604649e-007	1.105779e+000	0.000000e+000
1.520736451433514e-007	1.104541e+000	0.000000e+000
1.523337739490796e-007	1.103397e+000	0.000000e+000
1.525832949618429e-007	1.102357e+000	0.000000e+000
1.528360920450356e-007	1.101392e+000	0.000000e+000
1.531072195646695e-007	1.100481e+000	0.000000e+000
1.533681364972926e-007	1.099748e+000	0.000000e+000
1.536270802047446e-007	1.099181e+000	0.000000e+000
1.538883021085016e-007	1.098781e+000	0.000000e+000
1.541475555510156e-007	1.098559e+000	0.000000e+000
1.544112907750665e-007	1.098509e+000	0.000000e+000
1.546679388077589e-007	1.098625e+000	0.000000e+000
1.549194711067346e-007	1.098886e+000	0.000000e+000
1.551742164283372e-007	1.099281e+000	0.000000e+000
1.554253709198548e-007	1.099781e+000	0.000000e+000
1.556933782221006e-007	1.100409e+000	0.000000e+000
1.559483508415449e-007	1.101070e+000	0.000000e+000
1.562203520798618e-007	1.101815e+000	0.000000e+000
1.564919020476006e-007	1.102569e+000	0.000000e+000
1.567540893449268e-007	1.103275e+000	0.000000e+000
1.570382760586530e-007	1.103989e+000	0.000000e+000
1.573177943808703e-007	1.104613e+000	0.000000e+000
1.575763545168846e-007	1.105101e+000	0.000000e+000
1.578264004612848e-007	1.105473e+000	0.000000e+000
1.580863043057671e-007	1.105747e+000	0.000000e+000
1.583503558983111e-007	1.105904e+000	0.000000e+000
1.586249701340274e-007	1.105936e+000	0.000000e+000
1.588893103599511e-007	1.105846e+000	0.000000e+000
1.591520363861189e-007	1.105643e+000	0.000000e+000
1.594112292350333e-007	1.105344e+000	0.000000e+000
1.596890127519244e-007	1.104934e+000	0.000000e+000
1.599440425778747e-007	1.104491e+000	0.000000e+000
1.601947302818757e-007	1.104010e+000	0.000000e+000
1.604485588283964e-007	1.103496e+000	0.000000e+000
1.607165623840923e-007	1.102945e+000	0.000000e+000
1.609814876800468e-007	1.102410e+000	0.000000e+000
1.612458442410652e-007	1.101905e+000	0.000000e+000
1.615073914286710e-007	1.101451e+000	0.000000e+000
1.617918808054588e-007	1.101022e+000	0.000000e+000
1.620497022897282e-007	1.100704e+000	0.000000e+000
1.623340619879668e-007	1.100439e+000	0.000000e+000
1.625918975604227e-007	1.100280e+000	0.000000e+000
1.628520848638400e-007	1.100198e+000	0.000000e+000
1.630638584644279e-007	1.100189e+000	0.000000e+000
1.632743683694765e-007	1.100232e+000	0.000000e+000
1.634784731680867e-007	1.100320e+000	0.000000e+000
1.637556772508957e-007	1.100496e+000	0.000000e+000
1.640172084209585e-007	1.100711e+000	0.000000e+000
1.642887196289009e-007	1.100974e+000	0.000000e+000
1.645456168946173e-007	1.101248e+000	0.000000e+000
1.647993366964509e-007	1.101529e+000	0.000000e+000
1.650560840198158e-007	1.101812e+000	0.000000e+000
1.653490527698158e-007	1.102120e+000	0.000000e+000
1.656177678854981e-007	1.102375e+000	0.000000e+000
1.658766454156108e-007	1.102587e+000	0.000000e+000
1.661293366215394e-007	1.102752e+000	0.000000e+000
1.664046193102770e-007	1.102881e+000	0.000000e+000
1.666639693801186e-007	1.102951e+000	0.000000e+000
1.669569381301186e-007	1.102969e+000	0.000000e+000
1.672357931259951e-007	1.102929e+000	0.000000e+000
1.674975274031938e-007	1.102842e+000	0.000000e+000
1.677507854900777e-007	1.102716e+000	0.000000e+000
1.680069585537576e-007	1.102553e+000	0.000000e+000
1.682730410026115e-007	1.102354e+000	0.000000e+000
1.685411667322928e-007	1.102130e+000	0.000000e+000
1.688001982042627e-007	1.101900e+000	0.000000e+000
1.690632416508008e-007	1.101661e+000	0.000000e+000
1.693446069539630e-007	1.101408e+000	0.000000e+000
1.696060726881205e-007	1.101183e+000	0.000000e+000
1.698835896238863e-007	1.100962e+000	0.000000e+000
1.701405052524100e-007	1.100778e+000	0.000000e+000
1.704003441424874e-007	1.100618e+000	0.000000e+000
1.706547036008482e-007	1.100490e+000	0.000000e+000
1.709151630655707e-007	1.100388e+000	0.000000e+000
1.711783692909092e-007	1.100317e+000	0.000000e+000
1.714532987859444e-007	1.100276e+000	0.000000e+000
1.717201077468249e-007	1.100265e+000	0.000000e+000
1.719831265672736e-007	1.100283e+000	0.000000e+000
1.722760953172736e-007	1.100330e+000	0.000000e+000
1.725544013601306e-007	1.100396e+000	0.000000e+000
1.728150240251520e-007	1.100472e+000	0.000000e+000
1.730672788303869e-007	1.100556e+000	0.000000e+000
1.733226173321446e-007	1.100647e+000	0.000000e+000
1.735876255605590e-007	1.100742e+000	0.000000e+000
1.738543872762909e-007	1.100835e+000	0.000000e+000
1.741163137144887e-007	1.100919e+000	0.000000e+000
1.743781187477267e-007	1.100993e+000	0.000000e+000
1.746640746045445e-007	1.101059e+000	0.000000e+000
1.749238781530904e-007	1.101103e+000	0.000000e+000
1.751965530429811e-007	1.101130e+000	0.000000e+000
1.754521519296676e-007	1.101136e+000	0.000000e+000
1.757106398395241e-007	1.101122e+000	0.000000e+000
1.759839977281554e-007	1.101087e+000	0.000000e+000
1.762383083165714e-007	1.101035e+000	0.000000e+000
1.765093730455056e-007	1.100959e+000	0.000000e+000
1.767844270320520e-007	1.100864e+000	0.000000e+000
1.770548430171659e-007	1.100753e+000	0.000000e+000
1.773162452371162e-007	1.100634e+000	0.000000e+000
1.775758919665228e-007	1.100504e+000	0.000000e+000
1.778432547888504e-007	1.100364e+000	0.000000e+000
1.780985508318690e-007	1.100226e+000	0.000000e+000
1.783501752578734e-007	1.100090e+000	0.000000e+000
1.786049789704815e-007	1.099955e+000	0.000000e+000
1.788699706738040e-007	1.099822e+000	0.000000e+000
1.791375669158670e-007	1.099699e+000	0.000000e+000
1.794027339913515e-007	1.099590e+000	0.000000e+000
1.796643491858947e-007	1.099500e+000	0.000000e+000
1.799530806014744e-007	1.099423e+000	0.000000e+000
1.802132684152420e-007	1.099374e+000	0.000000e+000
1.804910375924012e-007	1.099346e+000	0.000000e+000
1.807471014696539e-007	1.099342e+000	0.000000e+000
1.810061281120646e-007	1.099359e+000	0.000000e+000
1.812693674084586e-007	1.099396e+000	0.000000e+000
1.815251963469793e-007	1.099449e+000	0.000000e+000
1.818061731127370e-007	1.099523e+000	0.000000e+000
1.820652688763606e-007	1.099601e+000	0.000000e+000
1.823478512494517e-007	1.099692e+000	0.000000e+000
1.826044687282730e-007	1.099776e+000	0.000000e+000
1.828974374782731e-007	1.099866e+000	0.000000e+000
1.831625832243407e-007	1.099937e+000	0.000000e+000
1.834238324186160e-007	1.099991e+000	0.000000e+000
1.837005775814115e-007	1.100028e+000	0.000000e+000
1.839537913392155e-007	1.100039e+000	0.000000e+000
1.842265738351297e-007	1.100023e+000	0.000000e+000
1.844859125873329e-007	1.099982e+000	0.000000e+000
1.847404199012938e-007	1.099915e+000	0.000000e+000
1.849973266329898e-007	1.099822e+000	0.000000e+000
1.852573587977407e-007	1.099703e+000	0.000000e+000
1.855205233651554e-007	1.099563e+000	0.000000e+000
1.857899204729439e-007	1.099402e+000	0.000000e+000
1.860074716090993e-007	1.099262e+000	0.000000e+000
1.862641305996397e-007	1.099093e+000	0.000000e+000
1.865019729960783e-007	1.098936e+000	0.000000e+000
1.867772564167741e-007	1.098761e+000	0.000000e+000
1.870310161396697e-007	1.098612e+000	0.000000e+000
1.872700462949813e-007	1.098488e+000	0.000000e+000
1.875117543583049e-007	1.098383e+000	0.000000e+000
1.877852946810407e-007	1.098294e+000	0.000000e+000
1.880778813251442e-007	1.098234e+000	0.000000e+000
1.883301168535301e-007	1.098214e+000	0.000000e+000
1.885858112160512e-007	1.098226e+000	0.000000e+000
1.888377318717103e-007	1.098266e+000	0.000000e+000
1.891014106851948e-007	1.098335e+000	0.000000e+000
1.893878017187235e-007	1.098436e+000	0.000000e+000
1.896634357769787e-007	1.098551e+000	0.000000e+000
1.899241474819853e-007	1.098669e+000	0.000000e+000
1.902171162319853e-007	1.098803e+000	0.000000e+000
1.904873839060393e-007	1.098918e+000	0.000000e+000
1.907803526560393e-007	1.099025e+000	0.000000e+000
1.910733214060393e-007	1.099105e+000	0.000000e+000
1.912965093667454e-007	1.099141e+000	0.000000e+000
1.915526533965373e-007	1.099152e+000	0.000000e+000
1.918013208670229e-007	1.099132e+000	0.000000e+000
1.920357184791584e-007	1.099081e+000	0.000000e+000
1.923019711528272e-007	1.098988e+000	0.000000e+000
1.925523272201597e-007	1.098869e+000	0.000000e+000
1.928452959701597e-007	1.098695e+000	0.000000e+000
1.931382647201597e-007	1.098495e+000	0.000000e+000
1.934257994087284e-007	1.098281e+000	0.000000e+000
1.937154866139219e-007	1.098059e+000	0.000000e+000
1.940084553639219e-007	1.097839e+000	0.000000e+000
1.943014241139219e-007	1.097637e+000	0.000000e+000
1.945943928639219e-007	1.097462e+000	0.000000e+000
1.948873616139219e-007	1.097326e+000	0.000000e+000
1.951803303639220e-007	1.097233e+000	0.000000e+000
1.954732991139220e-007	1.097190e+000	0.000000e+000
1.957662678639220e-007	1.097195e+000	0.000000e+000
1.960592366139220e-007	1.097248e+000	0.000000e+000
1.963522053639220e-007	1.097341e+000	0.000000e+000
1.966451741139220e-007	1.097468e+000	0.000000e+000
1.969381428639220e-007	1.097616e+000	0.000000e+000
1.972311116139220e-007	1.097774e+000	0.000000e+000
1.975240803639220e-007	1.097928e+000	0.000000e+000
1.978170491139220e-007	1.098065e+000	0.000000e+000
1.981100178639220e-007	1.098174e+000	0.000000e+000
1.984029866139220e-007	1.098243e+000	0.000000e+000
1.986959553639220e-007	1.098266e+000	0.000000e+000
1.989889241139220e-007	1.098237e+000	0.000000e+000
1.992818928639221e-007	1.098156e+000	0.000000e+000
1.995748616139221e-007	1.098026e+000	0.000000e+000
1.998678303639221e-007	1.097852e+000	0.000000e+000
2.001607991139221e-007	1.097643e+000	0.000000e+000
2.004537678639221e-007	1.097411e+000	0.000000e+000
2.007467366139221e-007	1.097169e+000	0.000000e+000
2.010397053639221e-007	1.096931e+000	0.000000e+000
2.013326741139221e-007	1.096712e+000	0.000000e+000
2.016256428639221e-007	1.096523e+000	0.000000e+000
2.019186116139221e-007	1.096376e+000	0.000000e+000
2.022115803639221e-007	1.096277e+000	0.000000e+000
2.025045491139221e-007	1.096233e+000	0.000000e+000
2.027975178639221e-007	1.096243e+000	0.000000e+000
2.030904866139221e-007	1.096303e+000	0.000000e+000
2.033834553639222e-007	1.096408e+000	0.000000e+000
2.036764241139222e-007	1.096548e+000	0.000000e+000
2.039693928639222e-007	1.096709e+000	0.000000e+000
2.042623616139222e-007	1.096877e+000	0.000000e+000
2.045553303639222e-007	1.097039e+000	0.000000e+000
2.048482991139222e-007	1.097179e+000	0.000000e+000
2.051412678639222e-007	1.097284e+000	0.000000e+000
2.054342366139222e-007	1.097345e+000	0.000000e+000
2.057272053639222e-007	1.097352e+000	0.000000e+000
2.060201741139222e-007	1.097304e+000	0.000000e+000
2.063131428639222e-007	1.097199e+000	0.000000e+000
2.066061116139222e-007	1.097042e+000	0.000000e+000
2.068990803639222e-007	1.096841e+000	0.000000e+000
2.071920491139222e-007	1.096606e+000	0.000000e+000
2.074850178639223e-007	1.096350e+000	0.000000e+000
2.077779866139223e-007	1.096088e+000	0.000000e+000
2.080709553639223e-007	1.095835e+000	0.000000e+000
2.083639241139223e-007	1.095605e+000	0.000000e+000
2.086568928639223e-007	1.095409e+000	0.000000e+000
2.089498616139223e-007	1.095257e+000	0.000000e+000
2.092428303639223e-007	1.095154e+000	0.000000e+000
2.095357991139223e-007	1.095102e+000	0.000000e+000
2.098287678639223e-007	1.095097e+000	0.000000e+000
2.101217366139223e-007	1.095134e+000	0.000000e+000
2.104147053639223e-007	1.095200e+000	0.000000e+000
2.107076741139223e-007	1.095282e+000	0.000000e+000
2.110006428639223e-007	1.095363e+000	0.000000e+000
2.112936116139223e-007	1.095425e+000	0.000000e+000
2.115865803639223e-007	1.095452e+000	0.000000e+000
2.118795491139224e-007	1.095424e+000	0.000000e+000
2.121725178639224e-007	1.095328e+000	0.000000e+000
2.124654866139224e-007	1.095151e+000	0.000000e+000
2.127584553639224e-007	1.094883e+000	0.000000e+000
2.130514241139224e-007	1.094519e+000	0.000000e+000
2.133443928639224e-007	1.094057e+000	0.000000e+000
2.136373616139224e-007	1.093498e+000	0.000000e+000
2.139303303639224e-007	1.092845e+000	0.000000e+000
2.142232991139224e-007	1.092105e+000	0.000000e+000
2.145162678639224e-007	1.091283e+000	0.000000e+000
2.148092366139224e-007	1.090385e+000	0.000000e+000
2.151022053639224e-007	1.089414e+000	0.000000e+000
2.153951741139224e-007	1.088372e+000	0.000000e+000
2.156881428639224e-007	1.087255e+000	0.000000e+000
2.159811116139225e-007	1.086053e+000	0.000000e+000
2.162740803639225e-007	1.084754e+000	0.000000e+000
2.165670491139225e-007	1.083336e+000	0.000000e+000
2.168600178639225e-007	1.081775e+000	0.000000e+000
2.171529866139225e-007	1.080038e+000	0.000000e+000
2.174459553639225e-007	1.078089e+000	0.000000e+000
2.177389241139225e-007	1.075887e+000	0.000000e+000
2.180318928639225e-007	1.073391e+000	0.000000e+000
2.183248616139225e-007	1.070553e+000	0.000000e+000
2.186178303639225e-007	1.067329e+000	0.000000e+000
2.189107991139225e-007	1.063674e+000	0.000000e+000
2.192037678639225e-007	1.059544e+000	0.000000e+000
2.194967366139225e-007	1.054898e+000	0.000000e+000
2.197897053639225e-007	1.049696e+000	0.000000e+000
2.200826741139226e-007	1.043902e+000	0.000000e+000
2.203756428639226e-007	1.037482e+000	0.000000e+000
2.206686116139226e-007	1.030405e+000	0.000000e+000
2.209615803639226e-007	1.022639e+000	0.000000e+000
2.212545491139226e-007	1.014154e+000	0.000000e+000
2.215475178639226e-007	1.004921e+000	0.000000e+000
2.218404866139226e-007	9.949085e-001	0.000000e+000
2.221334553639226e-007	9.840821e-001	0.000000e+000
2.224264241139226e-007	9.724066e-001	0.000000e+000
2.227193928639226e-007	9.598438e-001	0.000000e+000
2.230123616139226e-007	9.463529e-001	0.000000e+000
2.233053303639226e-007	9.318914e-001	0.000000e+000
2.235982991139226e-007	9.164157e-001	0.000000e+000
2.238912678639226e-007	8.998823e-001	0.000000e+000
2.241842366139227e-007	8.822497e-001	0.000000e+000
2.244772053639227e-007	8.634798e-001	0.000000e+000
2.247701741139227e-007	8.435402e-001	0.000000e+000
2.250631428639227e-007	8.224059e-001	0.000000e+000
2.253561116139227e-007	8.000615e-001	0.000000e+000
2.256490803639227e-007	7.765028e-001	0.000000e+000
2.259420491139227e-007	7.517383e-001	0.000000e+000
2.262350178639227e-007	7.257903e-001	0.000000e+000
2.265279866139227e-007	6.986959e-001	0.000000e+000
2.268209553639227e-007	6.705072e-001	0.000000e+000
2.271139241139227e-007	6.412912e-001	0.000000e+000
2.274068928639227e-007	6.111293e-001	0.000000e+000
2.276998616139227e-007	5.801164e-001	0.000000e+000
2.279928303639227e-007	5.483599e-001	0.000000e+000
2.282857991139228e-007	5.159781e-001	0.000000e+000
2.285787678639228e-007	4.830990e-001	0.000000e+000
2.288717366139228e-007	4.498584e-001	0.000000e+000
2.291647053639228e-007	4.163985e-001	0.000000e+000
2.294576741139228e-007	3.828665e-001	0.000000e+000
2.297506428639228e-007	3.494132e-001	0.000000e+000
2.300436116139228e-007	3.161920e-001	0.000000e+000
2.303365803639228e-007	2.833576e-001	0.000000e+000
2.306295491139228e-007	2.510656e-001	0.000000e+000
2.309225178639228e-007	2.194711e-001	0.000000e+000
2.312154866139228e-007	1.887284e-001	0.000000e+000
2.315084553639228e-007	1.589902e-001	0.000000e+000
2.318014241139228e-007	1.304062e-001	0.000000e+000
2.320943928639228e-007	1.031225e-001	0.000000e+000
2.323873616139229e-007	7.727986e-002	0.000000e+000
2.326803303639229e-007	5.301239e-002	0.000000e+000
2.329732991139229e-007	3.044542e-002	0.000000e+000
2.332662678639229e-007	9.693428e-003	0.000000e+000
2.335592366139229e-007	-9.142362e-003	0.000000e+000
2.338522053639229e-007	-2.597646e-002	0.000000e+000
2.341451741139229e-007	-4.074167e-002	0.000000e+000
2.344381428639229e-007	-5.339155e-002	0.000000e+000
2.347311116139229e-007	-6.390262e-002	0.000000e+000
2.350240803639229e-007	-7.227622e-002	0.000000e+000
2.353170491139229e-007	-7.854000e-002	0.000000e+000
2.356100178639229e-007	-8.274864e-002	0.000000e+000
2.359029866139229e-007	-8.498396e-002	0.000000e+000
2.361959553639229e-007	-8.535436e-002	0.000000e+000
2.364889241139230e-007	-8.399335e-002	0.000000e+000
2.367818928639230e-007	-8.105746e-002	0.000000e+000
2.370748616139230e-007	-7.672330e-002	0.000000e+000
2.373678303639230e-007	-7.118414e-002	0.000000e+000
2.376607991139230e-007	-6.464590e-002	0.000000e+000
2.379537678639230e-007	-5.732274e-002	0.000000e+000
2.382467366139230e-007	-4.943258e-002	0.000000e+000
2.385397053639230e-007	-4.119241e-002	0.000000e+000
2.388326741139230e-007	-3.281382e-002	0.000000e+000
2.391256428639230e-007	-2.449876e-002	0.000000e+000
2.394186116139230e-007	-1.643569e-002	0.000000e+000
2.397115803639230e-007	-8.796234e-003	0.000000e+000
2.400045491139230e-007	-1.732412e-003	0.000000e+000
2.402975178639230e-007	4.625518e-003	0.000000e+000
2.405904866139231e-007	1.017057e-002	0.000000e+000
2.408834553639231e-007	1.481993e-002	0.000000e+000
2.411764241139231e-007	1.851526e-002	0.000000e+000
2.414693928639231e-007	2.122251e-002	0.000000e+000
2.417623616139231e-007	2.293117e-002	0.000000e+000
2.420553303639231e-007	2.365331e-002	0.000000e+000
2.423482991139231e-007	2.342207e-002	0.000000e+000
2.426412678639231e-007	2.229013e-002	0.000000e+000
2.429342366139231e-007	2.032776e-002	0.000000e+000
2.432272053639231e-007	1.762090e-002	0.000000e+000
2.435201741139231e-007	1.426893e-002	0.000000e+000
2.438131428639231e-007	1.038240e-002	0.000000e+000
2.441061116139231e-007	6.080643e-003	0.000000e+000
2.443990803639231e-007	1.489224e-003	0.000000e+000
2.446920491139232e-007	-3.262742e-003	0.000000e+000
2.449850178639232e-007	-8.045370e-003	0.000000e+000
2.452779866139232e-007	-1.273090e-002	0.000000e+000
2.455709553639232e-007	-1.719668e-002	0.000000e+000
2.458639241139232e-007	-2.132815e-002	0.000000e+000
2.461568928639232e-007	-2.502180e-002	0.000000e+000
2.464498616139232e-007	-2.818799e-002	0.000000e+000
2.467428303639232e-007	-3.075354e-002	0.000000e+000
2.470357991139232e-007	-3.266394e-002	0.000000e+000
2.473287678639232e-007	-3.388514e-002	0.000000e+000
2.476217366139232e-007	-3.440473e-002	0.000000e+000
2.479147053639232e-007	-3.423249e-002	0.000000e+000
2.482076741139232e-007	-3.340013e-002	0.000000e+000
2.485006428639232e-007	-3.196032e-002	0.000000e+000
2.487936116139233e-007	-2.998490e-002	0.000000e+000
2.490865803639233e-007	-2.756228e-002	0.000000e+000
2.493795491139233e-007	-2.479419e-002	0.000000e+000
2.496725178639233e-007	-2.179194e-002	0.000000e+000
2.499654866139233e-007	-1.867206e-002	0.000000e+000
2.502584553639233e-007	-1.555191e-002	0.000000e+000
2.505514241139233e-007	-1.254511e-002	0.000000e+000
2.508443928639233e-007	-9.757193e-003	0.000000e+000
2.511373616139233e-007	-7.281590e-003	0.000000e+000
2.514303303639233e-007	-5.196215e-003	0.000000e+000
2.517232991139233e-007	-3.547000e-003	0.000000e+000
2.519843068606767e-007	-2.486658e-003	0.000000e+000
2.522397445870975e-007	-1.865641e-003	0.000000e+000
2.525327133370975e-007	-1.631423e-003	0.000000e+000
2.528256820870975e-007	-1.870540e-003	0.000000e+000
2.531186508370975e-007	-2.562578e-003	0.000000e+000
2.534116195870975e-007	-3.654332e-003	0.000000e+000
2.537045883370975e-007	-5.079285e-003	0.000000e+000
2.539975570870975e-007	-6.761125e-003	0.000000e+000
2.542905258370976e-007	-8.617540e-003	0.000000e+000
2.545834945870976e-007	-1.056409e-002	0.000000e+000
2.548764633370976e-007	-1.251794e-002	0.000000e+000
2.551694320870976e-007	-1.440910e-002	0.000000e+000
2.554080765238546e-007	-1.585407e-002	0.000000e+000
2.556329734925221e-007	-1.709324e-002	0.000000e+000
2.558794620886324e-007	-1.829598e-002	0.000000e+000
2.561051221633142e-007	-1.923253e-002	0.000000e+000
2.563531570720911e-007	-2.005045e-002	0.000000e+000
2.566461258220912e-007	-2.074202e-002	0.000000e+000
2.569390945720912e-007	-2.113815e-002	0.000000e+000
2.572320633220912e-007	-2.123391e-002	0.000000e+000
2.575250320720912e-007	-2.104693e-002	0.000000e+000
2.578180008220912e-007	-2.060431e-002	0.000000e+000
2.581109695720912e-007	-1.994077e-002	0.000000e+000
2.584039383220912e-007	-1.909656e-002	0.000000e+000
2.586969070720912e-007	-1.811549e-002	0.000000e+000
2.589898758220912e-007	-1.704300e-002	0.000000e+000
2.592828445720912e-007	-1.592436e-002	0.000000e+000
2.595758133220912e-007	-1.480317e-002	0.000000e+000
2.598687820720912e-007	-1.372005e-002	0.000000e+000
2.601617508220912e-007	-1.270844e-002	0.000000e+000
2.604236354676210e-007	-1.189428e-002	0.000000e+000
2.607013337077983e-007	-1.115029e-002	0.000000e+000
2.609943024577983e-007	-1.051143e-002	0.000000e+000
2.612872712077983e-007	-1.003708e-002	0.000000e+000
2.615802399577983e-007	-9.738679e-003	0.000000e+000
2.618732087077983e-007	-9.619765e-003	0.000000e+000
2.621661774577983e-007	-9.672734e-003	0.000000e+000
2.624222860270267e-007	-9.857271e-003	0.000000e+000
2.626678634262815e-007	-1.015694e-002	0.000000e+000
2.629608321762815e-007	-1.064480e-002	0.000000e+000
2.632538009262815e-007	-1.124682e-002	0.000000e+000
2.635467696762815e-007	-1.194294e-002	0.000000e+000
2.638397384262815e-007	-1.270372e-002	0.000000e+000
2.641327071762815e-007	-1.349734e-002	0.000000e+000
2.644256759262815e-007	-1.429070e-002	0.000000e+000
2.647186446762815e-007	-1.505064e-002	0.000000e+000
2.650116134262816e-007	-1.574959e-002	0.000000e+000
2.652571741176082e-007	-1.626250e-002	0.000000e+000
2.655293418571645e-007	-1.672850e-002	0.000000e+000
2.658223106071645e-007	-1.710044e-002	0.000000e+000
2.661152793571645e-007	-1.732361e-002	0.000000e+000
2.664082481071645e-007	-1.738742e-002	0.000000e+000
2.667012168571645e-007	-1.729112e-002	0.000000e+000
2.669941856071645e-007	-1.704170e-002	0.000000e+000
2.672871543571645e-007	-1.665373e-002	0.000000e+000
2.675801231071645e-007	-1.615203e-002	0.000000e+000
2.678224779684818e-007	-1.566641e-002	0.000000e+000
2.680561624869857e-007	-1.515291e-002	0.000000e+000
2.682701752826147e-007	-1.466123e-002	0.000000e+000
2.685610557309503e-007	-1.398773e-002	0.000000e+000
2.688025845905093e-007	-1.344465e-002	0.000000e+000
2.690286967670843e-007	-1.296915e-002	0.000000e+000
2.692606597296193e-007	-1.252940e-002	0.000000e+000
2.694778261124714e-007	-1.217609e-002	0.000000e+000
2.697213955466579e-007	-1.185973e-002	0.000000e+000
2.699770782541307e-007	-1.162782e-002	0.000000e+000
2.702700470041307e-007	-1.149304e-002	0.000000e+000
2.705630157541307e-007	-1.148943e-002	0.000000e+000
2.707906424200430e-007	-1.158498e-002	0.000000e+000
2.710398233375533e-007	-1.178844e-002	0.000000e+000
2.713327920875533e-007	-1.212735e-002	0.000000e+000
2.716257608375533e-007	-1.254543e-002	0.000000e+000
2.718082877178085e-007	-1.283916e-002	0.000000e+000
2.719060856722155e-007	-1.300672e-002	0.000000e+000
2.720115601864274e-007	-1.319266e-002	0.000000e+000
2.721542648904269e-007	-1.344671e-002	0.000000e+000
2.724396742984260e-007	-1.394810e-002	0.000000e+000
2.727326430484260e-007	-1.443514e-002	0.000000e+000
2.730256117984260e-007	-1.486869e-002	0.000000e+000
2.733185805484260e-007	-1.522569e-002	0.000000e+000
2.736115492984260e-007	-1.548912e-002	0.000000e+000
2.739045180484260e-007	-1.565326e-002	0.000000e+000
2.741476320978339e-007	-1.570719e-002	0.000000e+000
2.743999587795763e-007	-1.568005e-002	0.000000e+000
2.746929275295763e-007	-1.556039e-002	0.000000e+000
2.749858962795763e-007	-1.536197e-002	0.000000e+000
2.752788650295763e-007	-1.509988e-002	0.000000e+000
2.755718337795763e-007	-1.479565e-002	0.000000e+000
2.758648025295763e-007	-1.447164e-002	0.000000e+000
2.761189617081437e-007	-1.419135e-002	0.000000e+000
2.763757083992465e-007	-1.392541e-002	0.000000e+000
2.766686771492465e-007	-1.365752e-002	0.000000e+000
2.769616458992465e-007	-1.343262e-002	0.000000e+000
2.771379040839036e-007	-1.332508e-002	0.000000e+000
2.773127121159187e-007	-1.324718e-002	0.000000e+000
2.775683817936209e-007	-1.317587e-002	0.000000e+000
2.778560751080274e-007	-1.314753e-002	0.000000e+000
2.781490438580274e-007	-1.317214e-002	0.000000e+000
2.784420126080275e-007	-1.324292e-002	0.000000e+000
2.787349813580275e-007	-1.334828e-002	0.000000e+000
2.790279501080275e-007	-1.347514e-002	0.000000e+000
2.793209188580275e-007	-1.361037e-002	0.000000e+000
2.796138876080275e-007	-1.374197e-002	0.000000e+000
2.799068563580275e-007	-1.386033e-002	0.000000e+000
2.801860951025987e-007	-1.395377e-002	0.000000e+000
2.804790638525987e-007	-1.402756e-002	0.000000e+000
2.807720326025987e-007	-1.407635e-002	0.000000e+000
2.810650013525987e-007	-1.410203e-002	0.000000e+000
2.813579701025987e-007	-1.410922e-002	0.000000e+000
2.816509388525988e-007	-1.410426e-002	0.000000e+000
2.819439076025988e-007	-1.409431e-002	0.000000e+000
2.822368763525988e-007	-1.408638e-002	0.000000e+000
2.825298451025988e-007	-1.408650e-002	0.000000e+000
2.828228138525988e-007	-1.409890e-002	0.000000e+000
2.831157826025988e-007	-1.412553e-002	0.000000e+000
2.834087513525988e-007	-1.416575e-002	0.000000e+000
2.837017201025988e-007	-1.421639e-002	0.000000e+000
2.839946888525988e-007	-1.427201e-002	0.000000e+000
2.842876576025988e-007	-1.432549e-002	0.000000e+000
2.845806263525988e-007	-1.436881e-002	0.000000e+000
2.848735951025988e-007	-1.439393e-002	0.000000e+000
2.851665638525988e-007	-1.439374e-002	0.000000e+000
2.854595326025988e-007	-1.436292e-002	0.000000e+000
2.857525013525989e-007	-1.429868e-002	0.000000e+000
2.860454701025989e-007	-1.420130e-002	0.000000e+000
2.863384388525989e-007	-1.407430e-002	0.000000e+000
2.866314076025989e-007	-1.392512e-002	0.000000e+000
2.868398808634760e-007	-1.380928e-002	0.000000e+000
2.870842570259984e-007	-1.366993e-002	0.000000e+000
2.873772257759984e-007	-1.350943e-002	0.000000e+000
2.876701945259984e-007	-1.336728e-002	0.000000e+000
2.879631632759984e-007	-1.325334e-002	0.000000e+000
2.881877480129537e-007	-1.319354e-002	0.000000e+000
2.884189881758722e-007	-1.316624e-002	0.000000e+000
2.887119569258722e-007	-1.317985e-002	0.000000e+000
2.890049256758722e-007	-1.324635e-002	0.000000e+000
2.892978944258722e-007	-1.336659e-002	0.000000e+000
2.895908631758722e-007	-1.353434e-002	0.000000e+000
2.898838319258722e-007	-1.373888e-002	0.000000e+000
2.901447991283896e-007	-1.394203e-002	0.000000e+000
2.903823763504365e-007	-1.413489e-002	0.000000e+000
2.906269782466283e-007	-1.433054e-002	0.000000e+000
2.908653822485165e-007	-1.450697e-002	0.000000e+000
2.911583509985166e-007	-1.469195e-002	0.000000e+000
2.914513197485166e-007	-1.483071e-002	0.000000e+000
2.917442884985166e-007	-1.491043e-002	0.000000e+000
2.920372572485166e-007	-1.492368e-002	0.000000e+000
2.923302259985166e-007	-1.486790e-002	0.000000e+000
2.926231947485166e-007	-1.474675e-002	0.000000e+000
2.928931485214735e-007	-1.458167e-002	0.000000e+000
2.931861172714735e-007	-1.435608e-002	0.000000e+000
2.934790860214735e-007	-1.409950e-002	0.000000e+000
2.937720547714735e-007	-1.382908e-002	0.000000e+000
2.940650235214735e-007	-1.356431e-002	0.000000e+000
2.943579922714736e-007	-1.332442e-002	0.000000e+000
2.946509610214736e-007	-1.312590e-002	0.000000e+000
2.949253125574099e-007	-1.298806e-002	0.000000e+000
2.951452849443834e-007	-1.291851e-002	0.000000e+000
2.953331344825212e-007	-1.289341e-002	0.000000e+000
2.955236194692645e-007	-1.290252e-002	0.000000e+000
2.957628556348733e-007	-1.296016e-002	0.000000e+000
2.960558243848733e-007	-1.308930e-002	0.000000e+000
2.963487931348733e-007	-1.327415e-002	0.000000e+000
2.966417618848733e-007	-1.350423e-002	0.000000e+000
2.969347306348733e-007	-1.376251e-002	0.000000e+000
2.972276993848733e-007	-1.403000e-002	0.000000e+000
2.975206681348733e-007	-1.428721e-002	0.000000e+000
2.978136368848733e-007	-1.451557e-002	0.000000e+000
2.981066056348733e-007	-1.470255e-002	0.000000e+000
2.983310878947107e-007	-1.480638e-002	0.000000e+000
2.985859669113337e-007	-1.487275e-002	0.000000e+000
2.988789356613337e-007	-1.488598e-002	0.000000e+000
2.991719044113337e-007	-1.483440e-002	0.000000e+000
2.994332704548956e-007	-1.473438e-002	0.000000e+000
2.996857342802120e-007	-1.459282e-002	0.000000e+000
2.999787030302121e-007	-1.439476e-002	0.000000e+000
3.000000000000000e-007	-1.437895e-002	0.000000e+000
